Name:,Date:,Played At:,Arm Length:,Speed[reps per min]:,Ideal Sample Rate [Hz]:,Targeted Arm,Targeted Therapy,Scene Name:
SAR_G_Simon_10repPerMin_Trial1_2019-04-12,04-12-2019,12-24-56-PM,0.78,10,90,Right,CIMT,Side Arm Raise

Time [s],Score,Rep,Butterfly Protected [0=false 1=weak 2=strong],Weak Arm X [m],Weak Arm Y [m],Weak Arm Z [m],Weak Arm X [°],Weak Arm [°],Weak Arm Z [°],Strong Arm X [m],Strong Arm Y [m],Strong Arm Z [m],Strong Arm X [°],Strong Arm Y [°],Strong Arm Z [°],Headset X [m],Headset Y [m],Headset Z [m],Headset X [°],Headset Y [°],Headset Z [°],Butterfly X [m],Butterfly Y [m],Butterfly Z [m],Tracker1 X [m],Tracker1 Y [m],Tracker1 Z [m],Tracker1 X [°],Tracker1 Y [°],Tracker1 Z [°],Tracker2 X [m],Tracker2 Y [m],Tracker2 Z [m],Tracker2 X [°],Tracker2 Y [°],Tracker2 Z [°],Tracker3 X [m],Tracker3 Y [m],Tracker3 Z [m],Tracker3 X [°],Tracker3 Y [°],Tracker3 Z [°],Tracker4 X [m],Tracker4 Y [m],Tracker4 Z [m],Tracker4 X [°],Tracker4 Y [°],Tracker4 Z [°],Tracker5 X [m],Tracker5 Y [m],Tracker5 Z [m],Tracker5 X [°],Tracker5 Y [°],Tracker5 Z [°],
0.0368501,0,0,1,0.3007767,0.3874114,-0.5688655,-0.2123207,-0.9074978,0.2288872,0.4698795,0.6352565,0.2396434,-0.08576326,0.624386,0.06699379,0.09734508,1.105873,-0.04210674,0.1372023,0.8914328,-0.2694176,0.2973451,0.2305805,-0.5824652,0,0,0,0,-0.7071068,0,0,0,0,0,-0.7071068,0,0,0,0,0,-0.7071068,0,0,0,0,0,-0.7071068,0,0,0,0,0,-0.7071068,0
0.0502383,0,0,1,0.3002935,0.3872347,-0.5690426,-0.2124224,-0.9075788,0.228752,0.4698509,0.6352624,0.2396776,-0.08575801,0.6242705,0.06720171,0.09732187,1.105805,-0.04193143,0.13718,0.8914174,-0.269247,0.2973219,0.2429183,-0.6030045,0,0,0,0,-0.7071068,0,0,0,0,0,-0.7071068,0,0,0,0,0,-0.7071068,0,0,0,0,0,-0.7071068,0,0,0,0,0,-0.7071068,0
0.0615848,0,0,1,0.3000463,0.3871078,-0.5691142,-0.2128873,-0.907515,0.2285228,0.4698255,0.6352551,0.2396674,-0.08584551,0.6242759,0.06712452,0.09734276,1.105786,-0.04191282,0.1372845,0.8914195,-0.2691514,0.2973428,0.2445898,-0.6056991,0,0,0,0,-0.7071068,0,0,0,0,0,-0.7071068,0,0,0,0,0,-0.7071068,0,0,0,0,0,-0.7071068,0,0,0,0,0,-0.7071068,0
0.08349711,0,0,1,0.2995127,0.3869061,-0.5692577,-0.2134827,-0.9075129,0.2281424,0.469894,0.6353012,0.2395637,-0.08594882,0.6242825,0.06709065,0.09759033,1.105942,-0.04202486,0.1372981,0.8913863,-0.2690922,0.2975903,0.2512648,-0.616051,0,0,0,0,-0.7071068,0,0,0,0,0,-0.7071068,0,0,0,0,0,-0.7071068,0,0,0,0,0,-0.7071068,0,0,0,0,0,-0.7071068,0
0.09512091,0,0,1,0.2999063,0.3876054,-0.5699313,-0.2134463,-0.9075075,0.2282958,0.4699009,0.635304,0.23955,-0.08598951,0.6242791,0.06716533,0.09755446,1.105999,-0.04200368,0.1372217,0.8914487,-0.2689875,0.2975545,0.2545825,-0.6210217,0,0,0,0,-0.7071068,0,0,0,0,0,-0.7071068,0,0,0,0,0,-0.7071068,0,0,0,0,0,-0.7071068,0,0,0,0,0,-0.7071068,0
0.1169741,0,0,1,0.2997578,0.3876662,-0.5702751,-0.213206,-0.9075418,0.2285179,0.4698657,0.6353316,0.2395912,-0.08599953,0.6243046,0.06698161,0.09758553,1.106092,-0.04199469,0.1373482,0.8914236,-0.2688434,0.2975855,0.2615538,-0.631278,0,0,0,0,-0.7071068,0,0,0,0,0,-0.7071068,0,0,0,0,0,-0.7071068,0,0,0,0,0,-0.7071068,0,0,0,0,0,-0.7071068,0
0.1284597,0,0,1,0.2995761,0.387567,-0.5702993,-0.2130851,-0.9076381,0.2282499,0.4698787,0.6353767,0.2395897,-0.08590585,0.6242779,0.06708483,0.09748343,1.106029,-0.04192147,0.1371401,0.8914428,-0.2688283,0.2974834,0.264811,-0.6360378,0,0,0,0,-0.7071068,0,0,0,0,0,-0.7071068,0,0,0,0,0,-0.7071068,0,0,0,0,0,-0.7071068,0,0,0,0,0,-0.7071068,0
0.1502189,0,0,1,0.2991517,0.3872364,-0.5702634,-0.2123449,-0.907881,0.2284276,0.4698631,0.635383,0.2396381,-0.085859,0.6241992,0.06700951,0.09729384,1.106002,-0.04170381,0.1369888,0.8914302,-0.2686265,0.2972938,0.271773,-0.6457447,0,0,0,0,-0.7071068,0,0,0,0,0,-0.7071068,0,0,0,0,0,-0.7071068,0,0,0,0,0,-0.7071068,0,0,0,0,0,-0.7071068,0
0.1617178,0,0,1,0.2989354,0.3869328,-0.5701267,-0.2122657,-0.9077701,0.2288259,0.4698485,0.6354342,0.2396902,-0.08588988,0.6241169,0.06705619,0.09729889,1.106004,-0.04166002,0.1368516,0.8914652,-0.2685337,0.2972989,0.2752603,-0.6505302,0,0,0,0,-0.7071068,0,0,0,0,0,-0.7071068,0,0,0,0,0,-0.7071068,0,0,0,0,0,-0.7071068,0,0,0,0,0,-0.7071068,0
0.1835878,0,0,1,0.2986234,0.3862431,-0.5696634,-0.2132467,-0.9070549,0.2293327,0.4698009,0.6353916,0.2396596,-0.08605154,0.6241485,0.06703205,0.09716776,1.10596,-0.04145645,0.1368199,0.8913558,-0.2686161,0.2971678,0.2824579,-0.6601197,0,0,0,0,-0.7071068,0,0,0,0,0,-0.7071068,0,0,0,0,0,-0.7071068,0,0,0,0,0,-0.7071068,0,0,0,0,0,-0.7071068,0
0.1951881,0,0,1,0.2989291,0.3867147,-0.5699815,-0.2133514,-0.906925,0.2295385,0.4697473,0.6354189,0.2396561,-0.08604439,0.6241851,0.06705077,0.09747653,1.106166,-0.04167883,0.1367615,0.8913769,-0.2684307,0.2974765,0.2862767,-0.6651096,0,0,0,0,-0.7071068,0,0,0,0,0,-0.7071068,0,0,0,0,0,-0.7071068,0,0,0,0,0,-0.7071068,0,0,0,0,0,-0.7071068,0
0.2168853,0,0,1,0.2992238,0.3869631,-0.5702339,-0.2137525,-0.9068344,0.2294755,0.469755,0.6353643,0.2396576,-0.08593654,0.6243156,0.06697748,0.09747833,1.106131,-0.0416556,0.1366803,0.8912799,-0.2683409,0.2974783,0.2937313,-0.6747363,0,0,0,0,-0.7071068,0,0,0,0,0,-0.7071068,0,0,0,0,0,-0.7071068,0,0,0,0,0,-0.7071068,0,0,0,0,0,-0.7071068,0
0.2282273,0,0,1,0.2991281,0.3868654,-0.5702467,-0.2147203,-0.9065793,0.2288278,0.4697843,0.6353514,0.2397049,-0.08589057,0.6243374,0.06695747,0.09756087,1.106146,-0.04165992,0.1365199,0.8912437,-0.2683172,0.2975609,0.2974223,-0.6793643,0,0,0,0,-0.7071068,0,0,0,0,0,-0.7071068,0,0,0,0,0,-0.7071068,0,0,0,0,0,-0.7071068,0,0,0,0,0,-0.7071068,0
0.2501316,0,0,1,0.2990395,0.3868349,-0.5704273,-0.2165372,-0.9056311,0.2278982,0.4697835,0.6353447,0.2396214,-0.08583087,0.6243502,0.06677382,0.09737283,1.106017,-0.04147941,0.1365977,0.8910718,-0.2684536,0.2973728,0.3049631,-0.6886052,0,0,0,0,-0.7071068,0,0,0,0,0,-0.7071068,0,0,0,0,0,-0.7071068,0,0,0,0,0,-0.7071068,0,0,0,0,0,-0.7071068,0
0.2617094,0,0,1,0.2992776,0.3870828,-0.5708036,-0.219317,-0.9040397,0.22702,0.4698656,0.6353633,0.2395544,-0.08582329,0.6243775,0.06651842,0.09734744,1.106012,-0.04141352,0.1366942,0.8909692,-0.2685682,0.2973474,0.3087656,-0.6931069,0,0,0,0,-0.7071068,0,0,0,0,0,-0.7071068,0,0,0,0,0,-0.7071068,0,0,0,0,0,-0.7071068,0,0,0,0,0,-0.7071068,0
0.2835336,0,0,1,0.2996387,0.3880417,-0.572248,-0.225264,-0.901039,0.225264,0.4700011,0.6353199,0.2395543,-0.08571907,0.6245636,0.0657435,0.09724398,1.106103,-0.04122499,0.1367284,0.8906195,-0.2691507,0.297244,0.3167802,-0.7022033,0,0,0,0,-0.7071068,0,0,0,0,0,-0.7071068,0,0,0,0,0,-0.7071068,0,0,0,0,0,-0.7071068,0,0,0,0,0,-0.7071068,0
0.3060537,0,0,1,0.3009327,0.3917341,-0.5757853,-0.2331941,-0.8988263,0.2200695,0.469979,0.6351811,0.2395492,-0.08588841,0.6248123,0.06503474,0.09743226,1.106437,-0.04127282,0.1366706,0.8905699,-0.2689349,0.2974322,0.3250559,-0.7112692,0,0,0,0,-0.7071068,0,0,0,0,0,-0.7071068,0,0,0,0,0,-0.7071068,0,0,0,0,0,-0.7071068,0,0,0,0,0,-0.7071068,0
0.3283831,0,0,1,0.3013789,0.3982351,-0.5832255,-0.2329698,-0.9017631,0.2142114,0.4700123,0.6351384,0.2394935,-0.08631474,0.6251653,0.06408788,0.09751685,1.106754,-0.04132067,0.1369971,0.8908223,-0.2679247,0.2975169,0.3335572,-0.720325,0,0,0,0,-0.7071068,0,0,0,0,0,-0.7071068,0,0,0,0,0,-0.7071068,0,0,0,0,0,-0.7071068,0,0,0,0,0,-0.7071068,0
0.3501635,0,0,1,0.3007834,0.4060788,-0.5926456,-0.228477,-0.9072015,0.2090161,0.4700826,0.6349703,0.2395082,-0.08651403,0.6256716,0.06310834,0.09764852,1.107085,-0.04145007,0.1374549,0.8911988,-0.2666509,0.2976485,0.3422085,-0.7293299,0,0,0,0,-0.7071068,0,0,0,0,0,-0.7071068,0,0,0,0,0,-0.7071068,0,0,0,0,0,-0.7071068,0,0,0,0,0,-0.7071068,0
0.3616765,0,0,1,0.3005615,0.4109981,-0.5983477,-0.2262401,-0.9102704,0.2053176,0.4701141,0.6349404,0.239563,-0.08680822,0.6258258,0.06256627,0.09771709,1.107293,-0.04149967,0.1376436,0.8913946,-0.266057,0.2977171,0.3464905,-0.7336255,0,0,0,0,-0.7071068,0,0,0,0,0,-0.7071068,0,0,0,0,0,-0.7071068,0,0,0,0,0,-0.7071068,0,0,0,0,0,-0.7071068,0
0.3834518,0,0,1,0.300449,0.4221239,-0.6101418,-0.2237545,-0.9154862,0.1955755,0.4702285,0.6348276,0.2397672,-0.08668887,0.626021,0.0617381,0.09761329,1.107562,-0.04144598,0.13774,0.8918219,-0.2646801,0.2976133,0.3552683,-0.7422381,0,0,0,0,-0.7071068,0,0,0,0,0,-0.7071068,0,0,0,0,0,-0.7071068,0,0,0,0,0,-0.7071068,0,0,0,0,0,-0.7071068,0
0.3950962,0,0,1,0.3020106,0.428074,-0.6151354,-0.2229473,-0.9175341,0.1907457,0.4702574,0.6347369,0.2399239,-0.08647609,0.6260848,0.06139547,0.09776549,1.107822,-0.04156969,0.1377914,0.8920574,-0.2640831,0.2977655,0.359762,-0.7465743,0,0,0,0,-0.7071068,0,0,0,0,0,-0.7071068,0,0,0,0,0,-0.7071068,0,0,0,0,0,-0.7071068,0,0,0,0,0,-0.7071068,0
0.4167915,0,0,1,0.3025943,0.4413996,-0.6270828,-0.2196504,-0.9223984,0.1796866,0.470165,0.6346548,0.2400849,-0.08629492,0.6262837,0.06153059,0.09789293,1.108124,-0.04169858,0.1377162,0.8924893,-0.2628242,0.2978929,0.3688042,-0.7552001,0,0,0,0,-0.7071068,0,0,0,0,0,-0.7071068,0,0,0,0,0,-0.7071068,0,0,0,0,0,-0.7071068,0,0,0,0,0,-0.7071068,0
0.4283386,0,0,1,0.3027365,0.448091,-0.6329231,-0.2187471,-0.924291,0.1744166,0.4702378,0.6344761,0.2401952,-0.0858683,0.6263401,0.06176999,0.09771544,1.108164,-0.04152896,0.1375701,0.8927944,-0.262075,0.2977154,0.3731627,-0.7591321,0,0,0,0,-0.7071068,0,0,0,0,0,-0.7071068,0,0,0,0,0,-0.7071068,0,0,0,0,0,-0.7071068,0,0,0,0,0,-0.7071068,0
0.4500756,1,0,1,0.3034326,0.4618596,-0.6444993,-0.2171023,-0.927675,0.1648419,0.4703567,0.6344841,0.2404798,-0.08510485,0.6261408,0.06253141,0.09767066,1.108414,-0.0416393,0.1375819,0.8933605,-0.2607418,0.2976707,0.3823138,-0.7675022,0,0,0,0,-0.7071068,0,0,0,0,0,-0.7071068,0,0,0,0,0,-0.7071068,0,0,0,0,0,-0.7071068,0,0,0,0,0,-0.7071068,0
0.4614338,1,0,1,0.3033249,0.4684638,-0.650044,-0.2157185,-0.9294672,0.1604084,0.4703478,0.6344928,0.2405684,-0.08499593,0.6260839,0.06269343,0.0975512,1.108526,-0.04167815,0.1376418,0.8936851,-0.2600318,0.2975512,0.3868501,-0.7715525,0,0,0,0,-0.7071068,0,0,0,0,0,-0.7071068,0,0,0,0,0,-0.7071068,0,0,0,0,0,-0.7071068,0,0,0,0,0,-0.7071068,0
0.483449,1,0,1,0.3040988,0.4832695,-0.6615982,-0.2111352,-0.9329474,0.1530579,0.4703528,0.6344026,0.2405704,-0.08434092,0.6258643,0.06370346,0.09702669,1.108658,-0.04173957,0.1377582,0.8946043,-0.258343,0.2970267,0.3960681,-0.7796609,0,0,0,0,-0.7071068,0,0,0,0,0,-0.7071068,0,0,0,0,0,-0.7071068,0,0,0,0,0,-0.7071068,0,0,0,0,0,-0.7071068,0
0.4949694,1,0,1,0.3041714,0.4901259,-0.6668715,-0.2090776,-0.9346291,0.1491181,0.4703818,0.634443,0.2404365,-0.08431952,0.6258526,0.06390785,0.09675565,1.108809,-0.04181835,0.1378151,0.8951622,-0.257412,0.2967557,0.4007774,-0.7836827,0,0,0,0,-0.7071068,0,0,0,0,0,-0.7071068,0,0,0,0,0,-0.7071068,0,0,0,0,0,-0.7071068,0,0,0,0,0,-0.7071068,0
0.5167956,1,0,1,0.3047255,0.5041671,-0.6772006,-0.2051553,-0.9374909,0.1419766,0.4704701,0.6346562,0.2400073,-0.08448682,0.6256052,0.06433227,0.0960044,1.109176,-0.04194147,0.1380272,0.8965007,-0.255457,0.2960044,0.4105215,-0.7917276,0,0,0,0,-0.7071068,0,0,0,0,0,-0.7071068,0,0,0,0,0,-0.7071068,0,0,0,0,0,-0.7071068,0,0,0,0,0,-0.7071068,0
0.5283498,1,0,1,0.304869,0.5107346,-0.6815815,-0.2036247,-0.9388516,0.1383585,0.4703634,0.6347678,0.2397078,-0.08497862,0.6254567,0.06433032,0.09543626,1.109293,-0.04187042,0.1382593,0.8972691,-0.2542948,0.2954363,0.4151695,-0.7953947,0,0,0,0,-0.7071068,0,0,0,0,0,-0.7071068,0,0,0,0,0,-0.7071068,0,0,0,0,0,-0.7071068,0,0,0,0,0,-0.7071068,0
0.5501138,1,0,1,0.3049105,0.5236666,-0.6903143,-0.200042,-0.9418379,0.1306009,0.4704091,0.6350648,0.2392997,-0.08569997,0.6250172,0.06483487,0.09464407,1.109902,-0.04209915,0.1383771,0.8987558,-0.2517589,0.2946441,0.4252509,-0.8032568,0,0,0,0,-0.7071068,0,0,0,0,0,-0.7071068,0,0,0,0,0,-0.7071068,0,0,0,0,0,-0.7071068,0,0,0,0,0,-0.7071068,0
0.5615585,1,0,1,0.304736,0.5300351,-0.6942973,-0.1974425,-0.9434731,0.1271383,0.4704039,0.6351887,0.2390269,-0.08623753,0.6246729,0.06491747,0.09416392,1.110245,-0.04214194,0.1385594,0.8994437,-0.2504214,0.2941639,0.4302848,-0.8069898,0,0,0,0,-0.7071068,0,0,0,0,0,-0.7071068,0,0,0,0,0,-0.7071068,0,0,0,0,0,-0.7071068,0,0,0,0,0,-0.7071068,0
0.5727141,1,0,1,0.3046034,0.5357952,-0.6979647,-0.1947778,-0.944863,0.1241668,0.4704087,0.6353883,0.2388419,-0.08659278,0.6244589,0.06504953,0.09365904,1.110587,-0.04217062,0.138468,0.9001414,-0.2490504,0.293659,0.4355514,-0.8108317,0,0,0,0,-0.7071068,0,0,0,0,0,-0.7071068,0,0,0,0,0,-0.7071068,0,0,0,0,0,-0.7071068,0,0,0,0,0,-0.7071068,0
0.5949523,1,0,1,0.3047107,0.5472616,-0.70468,-0.1883609,-0.947352,0.1195579,0.4705298,0.6356055,0.2384556,-0.08675325,0.6238744,0.0653878,0.09260438,1.111419,-0.04226892,0.138162,0.901647,-0.2462775,0.2926044,0.4458516,-0.8180862,0,0,0,0,-0.7071068,0,0,0,0,0,-0.7071068,0,0,0,0,0,-0.7071068,0,0,0,0,0,-0.7071068,0,0,0,0,0,-0.7071068,0
0.6166897,1,0,1,0.3053056,0.5583216,-0.7107418,-0.1834724,-0.9489924,0.1149975,0.4706503,0.6356039,0.2382918,-0.08659392,0.623298,0.06511509,0.09155621,1.112416,-0.0423926,0.1375916,0.9034764,-0.2428635,0.2915562,0.45675,-0.8254553,0,0,0,0,-0.7071068,0,0,0,0,0,-0.7071068,0,0,0,0,0,-0.7071068,0,0,0,0,0,-0.7071068,0,0,0,0,0,-0.7071068,0
0.628604,1,0,1,0.3054763,0.5629505,-0.7131193,-0.182537,-0.9493022,0.1133513,0.4707774,0.6354589,0.238128,-0.08651617,0.623082,0.06491421,0.09135085,1.113197,-0.04263324,0.1370833,0.9044666,-0.240957,0.2913508,0.4623074,-0.8291065,0,0,0,0,-0.7071068,0,0,0,0,0,-0.7071068,0,0,0,0,0,-0.7071068,0,0,0,0,0,-0.7071068,0,0,0,0,0,-0.7071068,0
0.6507079,1,0,1,0.299952,0.5677674,-0.7170762,-0.1801499,-0.950477,0.110185,0.4707561,0.6353513,0.2382447,-0.08599457,0.622515,0.06457549,0.09063703,1.114456,-0.04275724,0.1360976,0.9063022,-0.2373102,0.290637,0.473586,-0.8362116,0,0,0,0,-0.7071068,0,0,0,0,0,-0.7071068,0,0,0,0,0,-0.7071068,0,0,0,0,0,-0.7071068,0,0,0,0,0,-0.7071068,0
0.6630462,1,0,1,0.2994295,0.5726537,-0.7198441,-0.178918,-0.9514447,0.1082954,0.470685,0.6353816,0.2383866,-0.08600341,0.6223636,0.06436354,0.09022237,1.115049,-0.0427508,0.1357004,0.9070849,-0.2353013,0.2902224,0.479393,-0.8397465,0,0,0,0,-0.7071068,0,0,0,0,0,-0.7071068,0,0,0,0,0,-0.7071068,0,0,0,0,0,-0.7071068,0,0,0,0,0,-0.7071068,0
0.6749256,1,0,1,0.298884,0.5779256,-0.722578,-0.1764906,-0.9527127,0.1058767,0.4707049,0.6353658,0.2385109,-0.08606374,0.6221502,0.06402202,0.08963747,1.115489,-0.04254114,0.1353923,0.9077961,-0.2334383,0.2896375,0.485419,-0.8432636,0,0,0,0,-0.7071068,0,0,0,0,0,-0.7071068,0,0,0,0,0,-0.7071068,0,0,0,0,0,-0.7071068,0,0,0,0,0,-0.7071068,0
0.6864871,1,0,1,0.2981628,0.5833796,-0.7256136,-0.1741161,-0.9542937,0.1024016,0.4706353,0.6353928,0.2387252,-0.0862268,0.6220102,0.06379241,0.08923608,1.116089,-0.04246653,0.1352083,0.9084403,-0.2315993,0.2892361,0.4914277,-0.8467315,0,0,0,0,-0.7071068,0,0,0,0,0,-0.7071068,0,0,0,0,0,-0.7071068,0,0,0,0,0,-0.7071068,0,0,0,0,0,-0.7071068,0
0.7098815,1,0,1,0.2973097,0.5942646,-0.7311571,-0.1719701,-0.9564391,0.09507097,0.4705411,0.6353557,0.2393152,-0.08605959,0.6216467,0.06359135,0.08845291,1.117268,-0.04227524,0.1345171,0.9098183,-0.2279732,0.2884529,0.5030059,-0.8531737,0,0,0,0,-0.7071068,0,0,0,0,0,-0.7071068,0,0,0,0,0,-0.7071068,0,0,0,0,0,-0.7071068,0,0,0,0,0,-0.7071068,0
0.7216213,1,0,1,0.2969995,0.5997561,-0.7339394,-0.1709531,-0.9573728,0.09148991,0.4705441,0.6354327,0.2395227,-0.0858826,0.6215668,0.06354074,0.0880883,1.117865,-0.04214004,0.1341597,0.9105241,-0.2260988,0.2880883,0.5092867,-0.8565675,0,0,0,0,-0.7071068,0,0,0,0,0,-0.7071068,0,0,0,0,0,-0.7071068,0,0,0,0,0,-0.7071068,0,0,0,0,0,-0.7071068,0
0.7328863,1,0,1,0.2967009,0.6051786,-0.7365588,-0.1695437,-0.9582652,0.08788912,0.4706652,0.6352186,0.2398196,-0.08540984,0.6216014,0.06333975,0.08803086,1.118592,-0.04216781,0.1337055,0.9111801,-0.2242717,0.2880309,0.5154703,-0.8599199,0,0,0,0,-0.7071068,0,0,0,0,0,-0.7071068,0,0,0,0,0,-0.7071068,0,0,0,0,0,-0.7071068,0,0,0,0,0,-0.7071068,0
0.7440116,1,0,1,0.2966593,0.610556,-0.7390432,-0.1677066,-0.9590753,0.08458674,0.4706641,0.6350977,0.2401038,-0.08489851,0.6216909,0.06329999,0.08778752,1.119222,-0.04205384,0.1330991,0.9119074,-0.2223627,0.2877875,0.5213612,-0.862954,0,0,0,0,-0.7071068,0,0,0,0,0,-0.7071068,0,0,0,0,0,-0.7071068,0,0,0,0,0,-0.7071068,0,0,0,0,0,-0.7071068,0
0.755123,1,0,1,0.296584,0.615852,-0.7413483,-0.1662012,-0.9597992,0.08122727,0.4707246,0.634877,0.2403137,-0.08431809,0.6217726,0.06326741,0.08741266,1.119773,-0.04186608,0.1325591,0.9126068,-0.2205608,0.2874126,0.5271324,-0.8658346,0,0,0,0,-0.7071068,0,0,0,0,0,-0.7071068,0,0,0,0,0,-0.7071068,0,0,0,0,0,-0.7071068,0,0,0,0,0,-0.7071068,0
0.7773461,1,0,1,0.2961197,0.6261297,-0.7457401,-0.1625289,-0.9612128,0.07545978,0.4706421,0.6347644,0.2408572,-0.08320152,0.6221368,0.06351828,0.08700508,1.121042,-0.04168017,0.1315626,0.9140224,-0.2169323,0.2870051,0.538875,-0.871642,0,0,0,0,-0.7071068,0,0,0,0,0,-0.7071068,0,0,0,0,0,-0.7071068,0,0,0,0,0,-0.7071068,0,0,0,0,0,-0.7071068,0
0.7886257,1,0,1,0.2956799,0.6306933,-0.7476008,-0.1596372,-0.9620099,0.07375585,0.4706251,0.6347574,0.2408664,-0.08275914,0.6223844,0.06376867,0.08662237,1.121609,-0.04145595,0.1310342,0.914811,-0.2150279,0.2866224,0.5447499,-0.8743742,0,0,0,0,-0.7071068,0,0,0,0,0,-0.7071068,0,0,0,0,0,-0.7071068,0,0,0,0,0,-0.7071068,0,0,0,0,0,-0.7071068,0
0.8107108,1,0,1,0.2963484,0.6422846,-0.7526602,-0.1552818,-0.9634237,0.06986736,0.4705659,0.6347423,0.2412047,-0.08226351,0.6228142,0.06437948,0.08580366,1.122665,-0.04102743,0.1300782,0.9164478,-0.2108775,0.2858037,0.5565123,-0.8797451,0,0,0,0,-0.7071068,0,0,0,0,0,-0.7071068,0,0,0,0,0,-0.7071068,0,0,0,0,0,-0.7071068,0,0,0,0,0,-0.7071068,0
0.8328739,1,0,1,0.2949913,0.6506137,-0.7558817,-0.1526709,-0.9644374,0.06596303,0.4704514,0.6347842,0.2411778,-0.08217415,0.6232369,0.0649108,0.08515359,1.123883,-0.04091754,0.1296419,0.9181598,-0.2065456,0.2851536,0.5683436,-0.885174,0,0,0,0,-0.7071068,0,0,0,0,0,-0.7071068,0,0,0,0,0,-0.7071068,0,0,0,0,0,-0.7071068,0,0,0,0,0,-0.7071068,0
0.8440456,1,0,1,0.2943123,0.6546711,-0.7575222,-0.1521161,-0.9647561,0.06425222,0.4703939,0.6348197,0.2411157,-0.08231144,0.6233921,0.06500929,0.08464067,1.124312,-0.0406533,0.1294259,0.9190652,-0.2043853,0.2846407,0.5741893,-0.8876571,0,0,0,0,-0.7071068,0,0,0,0,0,-0.7071068,0,0,0,0,0,-0.7071068,0,0,0,0,0,-0.7071068,0,0,0,0,0,-0.7071068,0
0.8663499,2,0,1,0.2924091,0.6621548,-0.7607683,-0.1516034,-0.9654901,0.06182887,0.4704691,0.6349862,0.2408857,-0.08289161,0.6237735,0.06482933,0.08351745,1.125291,-0.04021264,0.1289791,0.9208916,-0.2003,0.2835175,0.5859907,-0.892548,0,0,0,0,-0.7071068,0,0,0,0,0,-0.7071068,0,0,0,0,0,-0.7071068,0,0,0,0,0,-0.7071068,0,0,0,0,0,-0.7071068,0
0.8777229,2,0,1,0.2913643,0.666083,-0.7623242,-0.1508944,-0.9659828,0.06023305,0.4705004,0.6348996,0.240705,-0.08320002,0.6239477,0.06474519,0.08298241,1.125827,-0.03996783,0.1287747,0.9218681,-0.198255,0.2829824,0.5920795,-0.8949592,0,0,0,0,-0.7071068,0,0,0,0,0,-0.7071068,0,0,0,0,0,-0.7071068,0,0,0,0,0,-0.7071068,0,0,0,0,0,-0.7071068,0
0.8994648,2,0,1,0.2888993,0.6737992,-0.7657214,-0.1512397,-0.9667612,0.0561292,0.4706321,0.6350448,0.240023,-0.08438858,0.6241608,0.06411388,0.08188164,1.126981,-0.03950794,0.1282215,0.9239877,-0.1936826,0.2818816,0.6042254,-0.8995985,0,0,0,0,-0.7071068,0,0,0,0,0,-0.7071068,0,0,0,0,0,-0.7071068,0,0,0,0,0,-0.7071068,0,0,0,0,0,-0.7071068,0
0.9105939,2,0,1,0.2876263,0.6778462,-0.7673925,-0.1507013,-0.9673081,0.05367845,0.4706633,0.6351142,0.2398108,-0.08491066,0.6242024,0.06379426,0.08136022,1.127582,-0.03927094,0.1278081,0.9251155,-0.1911655,0.2813602,0.6102122,-0.9017853,0,0,0,0,-0.7071068,0,0,0,0,0,-0.7071068,0,0,0,0,0,-0.7071068,0,0,0,0,0,-0.7071068,0,0,0,0,0,-0.7071068,0
0.9328577,2,0,1,0.2848759,0.686137,-0.770774,-0.1471939,-0.9689238,0.04864644,0.4706962,0.6351649,0.2393943,-0.08573785,0.6240933,0.0629954,0.08067192,1.129302,-0.03903453,0.1266457,0.9274845,-0.1858605,0.2806719,0.6230138,-0.9063821,0,0,0,0,-0.7071068,0,0,0,0,0,-0.7071068,0,0,0,0,0,-0.7071068,0,0,0,0,0,-0.7071068,0,0,0,0,0,-0.7071068,0
0.9441298,2,0,1,0.2834077,0.6901673,-0.7724799,-0.1464975,-0.9694983,0.04619534,0.4707864,0.6352324,0.2393944,-0.08582997,0.6238817,0.06283405,0.08000197,1.129842,-0.03875781,0.125967,0.9286844,-0.1831992,0.280002,0.6291592,-0.908473,0,0,0,0,-0.7071068,0,0,0,0,0,-0.7071068,0,0,0,0,0,-0.7071068,0,0,0,0,0,-0.7071068,0,0,0,0,0,-0.7071068,0
0.9552552,2,0,1,0.2820143,0.6942086,-0.7743064,-0.1466903,-0.9698786,0.04400119,0.4707911,0.6352626,0.2393503,-0.08585286,0.6237656,0.06270066,0.0794986,1.130593,-0.03849271,0.1253837,0.9298682,-0.1804956,0.2794986,0.6355807,-0.9105506,0,0,0,0,-0.7071068,0,0,0,0,0,-0.7071068,0,0,0,0,0,-0.7071068,0,0,0,0,0,-0.7071068,0,0,0,0,0,-0.7071068,0
0.9772758,2,0,1,0.279176,0.7025516,-0.7774714,-0.1480133,-0.9703963,0.03886491,0.4709071,0.6353526,0.2395781,-0.08514193,0.6230875,0.06324468,0.07841331,1.132053,-0.03781413,0.1243846,0.9321179,-0.1752921,0.2784133,0.6481219,-0.9143011,0,0,0,0,-0.7071068,0,0,0,0,0,-0.7071068,0,0,0,0,0,-0.7071068,0,0,0,0,0,-0.7071068,0,0,0,0,0,-0.7071068,0
0.9996284,2,0,1,0.2762959,0.7114226,-0.7809492,-0.1464654,-0.9712465,0.03317116,0.4708851,0.6352875,0.23999,-0.0838566,0.6223534,0.06406765,0.07739007,1.133501,-0.03715673,0.1235482,0.9341253,-0.1699797,0.2773901,0.6608857,-0.9179651,0,0,0,0,-0.7071068,0,0,0,0,0,-0.7071068,0,0,0,0,0,-0.7071068,0,0,0,0,0,-0.7071068,0,0,0,0,0,-0.7071068,0
1.021711,2,0,1,0.273215,0.7208401,-0.7848061,-0.1479791,-0.9716004,0.0265685,0.4708157,0.6350871,0.2406121,-0.08225891,0.6215528,0.06511945,0.07641231,1.134946,-0.03647467,0.1221876,0.9362684,-0.1639833,0.2764123,0.6737279,-0.9214338,0,0,0,0,-0.7071068,0,0,0,0,0,-0.7071068,0,0,0,0,0,-0.7071068,0,0,0,0,0,-0.7071068,0,0,0,0,0,-0.7071068,0
1.032901,2,0,1,0.2716453,0.7256033,-0.786738,-0.1494927,-0.971649,0.02350671,0.4708355,0.6349748,0.2408573,-0.08159009,0.6212629,0.06546386,0.07588327,1.135676,-0.03601974,0.1214715,0.9373438,-0.1608275,0.2758833,0.6801646,-0.9229825,0,0,0,0,-0.7071068,0,0,0,0,0,-0.7071068,0,0,0,0,0,-0.7071068,0,0,0,0,0,-0.7071068,0,0,0,0,0,-0.7071068,0
1.054881,2,0,1,0.2680792,0.7358937,-0.7906853,-0.1518009,-0.9722188,0.01711606,0.4707897,0.6347941,0.2414555,-0.08040869,0.6209443,0.06600854,0.07507977,1.137348,-0.0356065,0.1201409,0.939352,-0.1549926,0.2750798,0.6932603,-0.9264312,0,0,0,0,-0.7071068,0,0,0,0,0,-0.7071068,0,0,0,0,0,-0.7071068,0,0,0,0,0,-0.7071068,0,0,0,0,0,-0.7071068,0
1.066077,2,0,1,0.2661004,0.741452,-0.7928611,-0.1506914,-0.9730378,0.01369492,0.4708081,0.6347682,0.2416705,-0.07994721,0.6208168,0.06609451,0.07456408,1.138077,-0.03535756,0.1193594,0.9403254,-0.152229,0.2745641,0.6996906,-0.9280363,0,0,0,0,-0.7071068,0,0,0,0,0,-0.7071068,0,0,0,0,0,-0.7071068,0,0,0,0,0,-0.7071068,0,0,0,0,0,-0.7071068,0
1.077196,2,0,1,0.264008,0.7469673,-0.7948328,-0.1482915,-0.9740224,0.01050431,0.4707949,0.6347617,0.241758,-0.07972702,0.6208587,0.06628153,0.07403845,1.138723,-0.03501439,0.1187114,0.9412451,-0.1497137,0.2740384,0.7061453,-0.9295328,0,0,0,0,-0.7071068,0,0,0,0,0,-0.7071068,0,0,0,0,0,-0.7071068,0,0,0,0,0,-0.7071068,0,0,0,0,0,-0.7071068,0
1.088492,2,0,1,0.2620458,0.7526726,-0.7968639,-0.1451412,-0.9750833,0.007604055,0.4708184,0.63481,0.2419638,-0.07943717,0.6208243,0.06647011,0.07349159,1.13937,-0.03467826,0.1181113,0.9421068,-0.1472124,0.2734916,0.7125757,-0.9309786,0,0,0,0,-0.7071068,0,0,0,0,0,-0.7071068,0,0,0,0,0,-0.7071068,0,0,0,0,0,-0.7071068,0,0,0,0,0,-0.7071068,0
1.110453,2,0,1,0.2584957,0.7639023,-0.8005115,-0.1403327,-0.9766551,0.002402112,0.4707009,0.6347698,0.2419172,-0.07952221,0.6209797,0.06686451,0.07233508,1.14066,-0.03399826,0.11703,0.9437425,-0.1421826,0.2723351,0.7254428,-0.9337193,0,0,0,0,-0.7071068,0,0,0,0,0,-0.7071068,0,0,0,0,0,-0.7071068,0,0,0,0,0,-0.7071068,0,0,0,0,0,-0.7071068,0
1.12174,2,0,1,0.2566907,0.7691489,-0.8023556,-0.1387703,-0.9771992,-0.0001098514,0.4707046,0.6348742,0.2417632,-0.07961112,0.6211281,0.0670148,0.07174987,1.141298,-0.03365594,0.1162021,0.9445866,-0.1396896,0.2717499,0.731882,-0.9350179,0,0,0,0,-0.7071068,0,0,0,0,0,-0.7071068,0,0,0,0,0,-0.7071068,0,0,0,0,0,-0.7071068,0,0,0,0,0,-0.7071068,0
1.143882,2,0,1,0.2539195,0.7800725,-0.8053969,-0.137493,-0.9776591,-0.005417578,0.4706028,0.6348739,0.2416006,-0.07965057,0.6215203,0.06725698,0.07065414,1.142843,-0.03291003,0.1150938,0.9461305,-0.1347432,0.2706541,0.7451007,-0.9374282,0,0,0,0,-0.7071068,0,0,0,0,0,-0.7071068,0,0,0,0,0,-0.7071068,0,0,0,0,0,-0.7071068,0,0,0,0,0,-0.7071068,0
1.155287,2,0,1,0.2526214,0.7856981,-0.807048,-0.1372499,-0.9777873,-0.008508272,0.4706183,0.6349134,0.2414,-0.07980659,0.6217824,0.0671595,0.07007378,1.143467,-0.03255153,0.1143136,0.9469165,-0.132311,0.2700738,0.7516325,-0.9385935,0,0,0,0,-0.7071068,0,0,0,0,0,-0.7071068,0,0,0,0,0,-0.7071068,0,0,0,0,0,-0.7071068,0,0,0,0,0,-0.7071068,0
1.17714,2,0,1,0.2500508,0.7968925,-0.8097755,-0.1368552,-0.9781438,-0.01480282,0.4705884,0.6350615,0.2410555,-0.08031238,0.6221206,0.06706902,0.06890401,1.144941,-0.03197591,0.112692,0.9483721,-0.127316,0.268904,0.7648221,-0.9408943,0,0,0,0,-0.7071068,0,0,0,0,0,-0.7071068,0,0,0,0,0,-0.7071068,0,0,0,0,0,-0.7071068,0,0,0,0,0,-0.7071068,0
1.19953,2,0,1,0.2474209,0.8081278,-0.8122777,-0.1338417,-0.9789852,-0.01992643,0.4706538,0.6351492,0.2407202,-0.08092071,0.6223235,0.06656408,0.06768967,1.146327,-0.03123568,0.1109032,0.9498963,-0.1222479,0.2676897,0.7779444,-0.942844,0,0,0,0,-0.7071068,0,0,0,0,0,-0.7071068,0,0,0,0,0,-0.7071068,0,0,0,0,0,-0.7071068,0,0,0,0,0,-0.7071068,0
1.221557,2,0,1,0.244882,0.8196841,-0.8147956,-0.1312091,-0.9796995,-0.02557041,0.4708195,0.6351926,0.2405441,-0.08126663,0.622411,0.06625545,0.06652775,1.147781,-0.03057712,0.1092179,0.9512523,-0.1174569,0.2665278,0.7912479,-0.9447088,0,0,0,0,-0.7071068,0,0,0,0,0,-0.7071068,0,0,0,0,0,-0.7071068,0,0,0,0,0,-0.7071068,0,0,0,0,0,-0.7071068,0
1.243869,2,0,1,0.2424158,0.8315679,-0.8171588,-0.1278483,-0.9805397,-0.0309477,0.4709231,0.6353244,0.2404328,-0.08124919,0.6223623,0.06624894,0.06532393,1.149354,-0.02983931,0.1074512,0.9524766,-0.1125951,0.2653239,0.80469,-0.9463066,0,0,0,0,-0.7071068,0,0,0,0,0,-0.7071068,0,0,0,0,0,-0.7071068,0,0,0,0,0,-0.7071068,0,0,0,0,0,-0.7071068,0
1.255006,2,0,1,0.2411273,0.8375591,-0.8182958,-0.1253302,-0.9810994,-0.03364075,0.4709163,0.6352947,0.2404235,-0.0812405,0.6223293,0.06630097,0.0647243,1.150095,-0.02949246,0.1065463,0.9530798,-0.1100106,0.2647243,0.8114321,-0.9470683,0,0,0,0,-0.7071068,0,0,0,0,0,-0.7071068,0,0,0,0,0,-0.7071068,0,0,0,0,0,-0.7071068,0,0,0,0,0,-0.7071068,0
1.277605,2,0,1,0.2386124,0.8499784,-0.8207368,-0.1196835,-0.9822974,-0.03908335,0.4709357,0.6352957,0.2405344,-0.08098877,0.6220421,0.06629565,0.06358574,1.15168,-0.02876688,0.1045715,0.9542581,-0.1045931,0.2635857,0.8248862,-0.9483922,0,0,0,0,-0.7071068,0,0,0,0,0,-0.7071068,0,0,0,0,0,-0.7071068,0,0,0,0,0,-0.7071068,0,0,0,0,0,-0.7071068,0
1.299315,3,0,1,0.2360014,0.8629625,-0.8226296,-0.1148758,-0.9832911,-0.04572704,0.470912,0.6352091,0.2406562,-0.08059046,0.6217905,0.06621411,0.06236311,1.15317,-0.02805631,0.1024352,0.9554441,-0.0993441,0.2623631,0.83833,-0.9495559,0,0,0,0,-0.7071068,0,0,0,0,0,-0.7071068,0,0,0,0,0,-0.7071068,0,0,0,0,0,-0.7071068,0,0,0,0,0,-0.7071068,0
1.310617,3,0,1,0.2349309,0.8696585,-0.8235291,-0.1126541,-0.9836755,-0.04945479,0.4709373,0.6351894,0.2407767,-0.08038288,0.6216857,0.06621956,0.06173371,1.153855,-0.02771907,0.1013236,0.9560075,-0.09693478,0.2617337,0.8449858,-0.9500839,0,0,0,0,-0.7071068,0,0,0,0,0,-0.7071068,0,0,0,0,0,-0.7071068,0,0,0,0,0,-0.7071068,0,0,0,0,0,-0.7071068,0
1.332791,3,0,1,0.2333389,0.883422,-0.825085,-0.1097153,-0.9840658,-0.05755394,0.470907,0.6351345,0.2410018,-0.07987285,0.6215529,0.0664829,0.06030594,1.155102,-0.02680539,0.09911101,0.9571605,-0.09219394,0.2603059,0.8582442,-0.9507682,0,0,0,0,-0.7071068,0,0,0,0,0,-0.7071068,0,0,0,0,0,-0.7071068,0,0,0,0,0,-0.7071068,0,0,0,0,0,-0.7071068,0
1.344011,3,0,1,0.2323339,0.8900765,-0.8257543,-0.1083206,-0.9842444,-0.06116791,0.4708726,0.6350695,0.2411846,-0.07972655,0.6214675,0.06663255,0.05954809,1.155758,-0.0263991,0.0979498,0.9577181,-0.08990338,0.2595481,0.8649584,-0.951096,0,0,0,0,-0.7071068,0,0,0,0,0,-0.7071068,0,0,0,0,0,-0.7071068,0,0,0,0,0,-0.7071068,0,0,0,0,0,-0.7071068,0
1.366063,3,0,1,0.2308562,0.9033394,-0.8267132,-0.1043803,-0.9845884,-0.06745088,0.4708249,0.6349723,0.241337,-0.07950415,0.6214679,0.06672111,0.05830357,1.157128,-0.02561237,0.09582956,0.9588232,-0.08521409,0.2583036,0.8782367,-0.9516125,0,0,0,0,-0.7071068,0,0,0,0,0,-0.7071068,0,0,0,0,0,-0.7071068,0,0,0,0,0,-0.7071068,0,0,0,0,0,-0.7071068,0
1.388272,3,0,1,0.2293779,0.9167055,-0.8272015,-0.0990906,-0.9849144,-0.07430882,0.4708389,0.6350088,0.2413908,-0.07910284,0.6215619,0.06685316,0.05687586,1.158452,-0.0247156,-0.09368417,-0.9599392,0.08025634,0.2568759,0.8916781,-0.9518521,0,0,0,0,-0.7071068,0,0,0,0,0,-0.7071068,0,0,0,0,0,-0.7071068,0,0,0,0,0,-0.7071068,0,0,0,0,0,-0.7071068,0
1.399395,3,0,1,0.2285676,0.9235282,-0.827489,-0.0963058,-0.9850547,-0.0780613,0.470811,0.6349944,0.241448,-0.07893166,0.6215713,0.06698871,0.05621247,1.159114,-0.02428778,-0.09274262,-0.9604836,0.07783256,0.2562125,0.8983658,-0.9519185,0,0,0,0,-0.7071068,0,0,0,0,0,-0.7071068,0,0,0,0,0,-0.7071068,0,0,0,0,0,-0.7071068,0,0,0,0,0,-0.7071068,0
1.410899,3,0,1,0.2281078,0.9301809,-0.8276283,-0.09413438,-0.9850573,-0.08187921,0.4707891,0.6350414,0.2414431,-0.0788681,0.6217098,0.0671379,0.05564873,1.159843,-0.02390268,-0.09176655,-0.9610434,0.07541744,0.2556487,0.9051322,-0.9519815,0,0,0,0,-0.7071068,0,0,0,0,0,-0.7071068,0,0,0,0,0,-0.7071068,0,0,0,0,0,-0.7071068,0,0,0,0,0,-0.7071068,0
1.432612,3,0,1,0.2271221,0.9429723,-0.8274051,-0.09030475,-0.9849718,-0.08886557,0.4707939,0.6350791,0.2414798,-0.07878949,0.6217747,0.06747837,0.05441505,1.161139,-0.02296843,-0.09038233,-0.9620343,0.07068411,0.254415,0.9183708,-0.951795,0,0,0,0,-0.7071068,0,0,0,0,0,-0.7071068,0,0,0,0,0,-0.7071068,0,0,0,0,0,-0.7071068,0,0,0,0,0,-0.7071068,0
1.444112,3,0,1,0.2267741,0.9492397,-0.8270124,-0.08696639,-0.9851277,-0.09128913,0.4706784,0.63506,0.2414638,-0.07888029,0.621727,0.06776585,0.0538478,1.161843,-0.02251133,-0.08983876,-0.9624866,0.06828175,0.2538478,0.9251792,-0.9516492,0,0,0,0,-0.7071068,0,0,0,0,0,-0.7071068,0,0,0,0,0,-0.7071068,0,0,0,0,0,-0.7071068,0,0,0,0,0,-0.7071068,0
1.465923,3,0,1,0.2260884,0.9616545,-0.8265334,-0.08040704,-0.9852123,-0.09672296,0.4707365,0.6350801,0.2414038,-0.07895935,0.6216358,0.06799882,0.05249462,1.163014,-0.02145021,-0.08857735,-0.9633301,0.06357013,0.2524946,0.9383746,-0.9510609,0,0,0,0,-0.7071068,0,0,0,0,0,-0.7071068,0,0,0,0,0,-0.7071068,0,0,0,0,0,-0.7071068,0,0,0,0,0,-0.7071068,0
1.477322,3,0,1,0.225794,0.9677085,-0.8261064,-0.07859759,-0.9850702,-0.09937288,0.4707974,0.6352206,0.2414127,-0.07888927,0.6216244,0.06802296,0.05185072,1.163593,-0.02090146,-0.0877724,-0.9637964,0.06116761,0.2518507,0.9450479,-0.9506809,0,0,0,0,-0.7071068,0,0,0,0,0,-0.7071068,0,0,0,0,0,-0.7071068,0,0,0,0,0,-0.7071068,0,0,0,0,0,-0.7071068,0
1.499272,3,0,1,0.2255901,0.9795438,-0.8252174,-0.07675264,-0.9845287,-0.1048863,0.4708892,0.6352339,0.2412826,-0.07872133,0.6217323,0.06808649,0.04822226,1.162877,-0.01787651,-0.0864633,-0.964529,0.05740631,0.2482223,0.9564978,-0.9478504,0,0,0,0,-0.7071068,0,0,0,0,0,-0.7071068,0,0,0,0,0,-0.7071068,0,0,0,0,0,-0.7071068,0,0,0,0,0,-0.7071068,0
1.521448,3,0,1,0.2250157,0.9913591,-0.8242074,-0.07415573,-0.9840549,-0.1107762,0.4708381,0.6350734,0.2412102,-0.07862587,0.6217688,0.06817049,0.04670954,1.163927,-0.01639006,-0.08526425,-0.9653816,0.05304675,0.2467095,0.9694998,-0.9463701,0,0,0,0,-0.7071068,0,0,0,0,0,-0.7071068,0,0,0,0,0,-0.7071068,0,0,0,0,0,-0.7071068,0,0,0,0,0,-0.7071068,0
1.54371,3,0,1,0.2239005,1.003564,-0.8231865,-0.06986182,-0.9837099,-0.1179529,0.4708599,0.6351337,0.2411352,-0.07886109,0.6217095,0.06823887,0.045385,1.164985,-0.01520034,-0.08356584,-0.9661351,0.04743617,0.245385,0.982664,-0.9449999,0,0,0,0,-0.7071068,0,0,0,0,0,-0.7071068,0,0,0,0,0,-0.7071068,0,0,0,0,0,-0.7071068,0,0,0,0,0,-0.7071068,0
1.565843,3,0,1,0.2223651,1.015159,-0.8220404,-0.06512046,-0.9834887,-0.1242929,0.4708486,0.6351724,0.2412601,-0.07826971,0.6215408,0.0685515,0.04382934,1.166051,-0.01353336,-0.08257289,-0.9667643,0.04212822,0.2438293,0.9958741,-0.942963,0,0,0,0,-0.7071068,0,0,0,0,0,-0.7071068,0,0,0,0,0,-0.7071068,0,0,0,0,0,-0.7071068,0,0,0,0,0,-0.7071068,0
1.577067,3,0,1,0.2217344,1.021016,-0.8215009,-0.06339112,-0.9833283,-0.1271167,0.4707747,0.6352698,0.24135,-0.07820106,0.6214035,0.06881195,0.04300637,1.16658,-0.01270724,-0.08198288,-0.9670612,0.03983556,0.2430064,1.002404,-0.9418842,0,0,0,0,-0.7071068,0,0,0,0,0,-0.7071068,0,0,0,0,0,-0.7071068,0,0,0,0,0,-0.7071068,0,0,0,0,0,-0.7071068,0
1.599207,3,0,1,0.2200295,1.032545,-0.820259,-0.06046157,-0.9829754,-0.1332707,0.4708171,0.6351629,0.2415932,-0.07780138,0.6210355,0.06895822,0.04144711,1.167651,-0.01096569,-0.08038846,-0.9675877,0.03530437,0.2414471,1.015566,-0.9394926,0,0,0,0,-0.7071068,0,0,0,0,0,-0.7071068,0,0,0,0,0,-0.7071068,0,0,0,0,0,-0.7071068,0,0,0,0,0,-0.7071068,0
1.610431,3,0,1,0.2193315,1.038413,-0.8195263,-0.05947123,-0.9826881,-0.136555,0.4708083,0.6351622,0.2416595,-0.07774326,0.6209791,0.06856279,0.04071864,1.168232,-0.01011405,-0.07947072,-0.9678422,0.03319205,0.2407186,1.022184,-0.9382459,0,0,0,0,-0.7071068,0,0,0,0,0,-0.7071068,0,0,0,0,0,-0.7071068,0,0,0,0,0,-0.7071068,0,0,0,0,0,-0.7071068,0
1.621708,3,0,1,0.2184527,1.044208,-0.8188397,-0.05880436,-0.9823464,-0.1400137,0.4708327,0.6351475,0.2416964,-0.07718222,0.6211352,0.0689608,0.03997463,1.16882,-0.009196028,-0.07842689,-0.9680771,0.03115225,0.2399746,1.028864,-0.9368815,0,0,0,0,-0.7071068,0,0,0,0,0,-0.7071068,0,0,0,0,0,-0.7071068,0,0,0,0,0,-0.7071068,0,0,0,0,0,-0.7071068,0
1.643629,3,0,1,0.2165963,1.055448,-0.8173972,-0.05729859,-0.9819871,-0.1446882,0.4708948,0.6350528,0.2417681,-0.07593288,0.6212181,0.06987347,0.03847538,1.169896,-0.007319994,-0.07688963,-0.9683386,0.02678491,0.2384754,1.04187,-0.9339922,0,0,0,0,-0.7071068,0,0,0,0,0,-0.7071068,0,0,0,0,0,-0.7071068,0,0,0,0,0,-0.7071068,0,0,0,0,0,-0.7071068,0
1.665982,3,0,1,0.2144586,1.06702,-0.8159047,-0.05474805,-0.9818515,-0.1485677,0.471018,0.6350905,0.2418199,-0.07562026,0.6212201,0.07006104,0.03689466,1.170969,-0.005479302,-0.07536697,-0.9684682,0.02195615,0.2368947,1.054951,-0.930945,0,0,0,0,-0.7071068,0,0,0,0,0,-0.7071068,0,0,0,0,0,-0.7071068,0,0,0,0,0,-0.7071068,0,0,0,0,0,-0.7071068,0
1.687998,3,0,1,0.2121126,1.079237,-0.8139004,-0.05052214,-0.9818153,-0.1525848,0.4710931,0.6351205,0.2418574,-0.07525866,0.6214172,0.07010562,0.03511704,1.172029,-0.003452852,-0.07378612,-0.9685203,0.01738273,0.235117,1.068128,-0.9275104,0,0,0,0,-0.7071068,0,0,0,0,0,-0.7071068,0,0,0,0,0,-0.7071068,0,0,0,0,0,-0.7071068,0,0,0,0,0,-0.7071068,0
1.699155,3,0,1,0.210915,1.085703,-0.8128277,-0.04766696,-0.9816849,-0.155429,0.4711418,0.6351705,0.241866,-0.07500784,0.6214508,0.07035634,0.03424704,1.172513,-0.002467956,-0.07284921,-0.9686096,0.01533953,0.234247,1.074541,-0.9257663,0,0,0,0,-0.7071068,0,0,0,0,0,-0.7071068,0,0,0,0,0,-0.7071068,0,0,0,0,0,-0.7071068,0,0,0,0,0,-0.7071068,0
1.71037,3,0,1,0.2097438,1.092279,-0.8116299,-0.04427043,-0.9814947,-0.1584939,0.4711836,0.6352303,0.2418328,-0.07478861,0.621671,0.0704247,0.03326399,1.172903,-0.001343407,-0.07188059,-0.9686909,0.01348911,0.233264,1.080948,-0.923824,0,0,0,0,-0.7071068,0,0,0,0,0,-0.7071068,0,0,0,0,0,-0.7071068,0,0,0,0,0,-0.7071068,0,0,0,0,0,-0.7071068,0
1.732367,3,0,1,0.2076668,1.105314,-0.8091804,-0.0403987,-0.9807987,-0.1646143,0.4713109,0.6351945,0.2416838,-0.07451655,0.6221144,0.07022148,0.03137515,1.173798,0.0006609578,-0.06969458,-0.968881,0.009786393,0.2313752,1.093856,-0.9200441,0,0,0,0,-0.7071068,0,0,0,0,0,-0.7071068,0,0,0,0,0,-0.7071068,0,0,0,0,0,-0.7071068,0,0,0,0,0,-0.7071068,0
1.743839,3,0,1,0.2066622,1.112036,-0.8078171,-0.03863048,-0.9803441,-0.1679657,0.4713638,0.6351465,0.2415901,-0.07438669,0.6223896,0.07000914,0.0304181,1.174242,0.001658503,-0.06850824,-0.9689862,0.00778578,0.2304181,1.100159,-0.918111,0,0,0,0,-0.7071068,0,0,0,0,0,-0.7071068,0,0,0,0,0,-0.7071068,0,0,0,0,0,-0.7071068,0,0,0,0,0,-0.7071068,0
1.765888,4,0,1,0.2045229,1.125908,-0.8047456,-0.03614121,-0.979145,-0.1755784,0.4713741,0.6350323,0.2415114,-0.07360099,0.6227282,0.07053218,0.02836721,1.175178,0.003771206,-0.06592983,-0.9691705,0.003527645,0.2283672,1.113031,-0.9139506,0,0,0,0,-0.7071068,0,0,0,0,0,-0.7071068,0,0,0,0,0,-0.7071068,0,0,0,0,0,-0.7071068,0,0,0,0,0,-0.7071068,0
1.777071,4,0,1,0.2035395,1.13282,-0.803063,-0.03546026,-0.9784822,-0.1795806,0.4713795,0.6349891,0.2415572,-0.07330974,0.6228322,0.07070304,0.0273756,1.175674,0.004773028,-0.06467786,-0.9692893,0.001429498,0.2273756,1.11956,-0.911841,0,0,0,0,-0.7071068,0,0,0,0,0,-0.7071068,0,0,0,0,0,-0.7071068,0,0,0,0,0,-0.7071068,0,0,0,0,0,-0.7071068,0
1.799195,4,0,1,0.2011541,1.147482,-0.7995895,-0.03386883,-0.9769518,-0.1885833,0.4712732,0.635021,0.2416513,-0.07305867,0.6229758,0.07128131,0.02519396,1.176725,0.006731171,-0.06214174,-0.9695231,-0.003005434,0.225194,1.132401,-0.9075758,0,0,0,0,-0.7071068,0,0,0,0,0,-0.7071068,0,0,0,0,0,-0.7071068,0,0,0,0,0,-0.7071068,0,0,0,0,0,-0.7071068,0
1.821348,4,0,1,0.1982657,1.162233,-0.7957503,-0.03243333,-0.9754202,-0.1977833,0.4710679,0.6351091,0.2417726,-0.07294733,0.6227744,0.0721016,0.02328276,1.177794,0.008729605,-0.05950219,-0.9698569,-0.007461868,0.2232828,1.145301,-0.9030718,0,0,0,0,-0.7071068,0,0,0,0,0,-0.7071068,0,0,0,0,0,-0.7071068,0,0,0,0,0,-0.7071068,0,0,0,0,0,-0.7071068,0
1.843884,4,0,1,0.1951729,1.177353,-0.7917174,-0.03118341,-0.9737043,-0.2076241,0.4709058,0.6351123,0.2418663,-0.07304086,0.6225626,0.0724683,0.02121767,1.178967,0.01067441,-0.05696925,-0.9701712,-0.01194216,0.2212177,1.15829,-0.8984324,0,0,0,0,-0.7071068,0,0,0,0,0,-0.7071068,0,0,0,0,0,-0.7071068,0,0,0,0,0,-0.7071068,0,0,0,0,0,-0.7071068,0
1.865948,4,0,1,0.1921505,1.192422,-0.7876085,-0.02444535,-0.9720263,-0.2169967,0.4708211,0.6350383,0.2419448,-0.07281861,0.6225083,0.07281861,0.01913333,1.180071,0.01265447,-0.05445347,-0.9705366,-0.01628547,0.2191333,1.171271,-0.8935483,0,0,0,0,-0.7071068,0,0,0,0,0,-0.7071068,0,0,0,0,0,-0.7071068,0,0,0,0,0,-0.7071068,0,0,0,0,0,-0.7071068,0
1.888185,4,0,1,0.1893875,1.206769,-0.7832929,-0.02281974,-0.9705401,-0.2244267,0.4707766,0.6349255,0.2421586,-0.0723258,0.6225027,0.07313552,0.01812624,1.180655,0.01353791,-0.05343452,-0.970642,-0.01850146,0.2181262,1.177671,-0.8911704,0,0,0,0,-0.7071068,0,0,0,0,0,-0.7071068,0,0,0,0,0,-0.7071068,0,0,0,0,0,-0.7071068,0,0,0,0,0,-0.7071068,0
1.905096,4,0,1,0.1868599,1.221105,-0.7787069,-0.0207347,-0.9688035,-0.2325672,0.4708524,0.6349262,0.2422907,-0.0716563,0.6223578,0.07360943,0.01506071,1.182445,0.01619386,-0.05044376,-0.971051,-0.02579717,0.2150607,1.196852,-0.8837592,0,0,0,0,-0.7071068,0,0,0,0,0,-0.7071068,0,0,0,0,0,-0.7071068,0,0,0,0,0,-0.7071068,0,0,0,0,0,-0.7071068,0
1.916445,4,0,1,0.1855503,1.228229,-0.7761925,-0.01901023,-0.9677463,-0.2371722,0.4709039,0.6349782,0.2424137,-0.07125171,0.6222777,0.07384695,0.01400289,1.182993,0.01709031,-0.0492158,-0.9711897,-0.02855988,0.2140029,1.200549,-0.8819553,0,0,0,0,-0.7071068,0,0,0,0,0,-0.7071068,0,0,0,0,0,-0.7071068,0,0,0,0,0,-0.7071068,0,0,0,0,0,-0.7071068,0
1.927868,4,0,1,0.184578,1.235256,-0.7736896,-0.01811817,-0.9666066,-0.2416979,0.4709384,0.6348748,0.2424479,-0.0708603,0.6222939,0.07394846,0.0129916,1.183517,0.01794373,-0.04784714,-0.9713421,-0.03114489,0.2129916,1.206997,-0.8793557,0,0,0,0,-0.7071068,0,0,0,0,0,-0.7071068,0,0,0,0,0,-0.7071068,0,0,0,0,0,-0.7071068,0,0,0,0,0,-0.7071068,0
1.949506,4,0,1,0.1824771,1.249107,-0.7681745,-0.01749808,-0.9645505,-0.2498821,0.470985,0.6349233,0.242462,-0.06991432,0.6223934,0.07459456,0.01090292,1.184692,0.01967446,-0.04550109,-0.9716172,-0.03607988,0.2109029,1.219622,-0.874105,0,0,0,0,-0.7071068,0,0,0,0,0,-0.7071068,0,0,0,0,0,-0.7071068,0,0,0,0,0,-0.7071068,0,0,0,0,0,-0.7071068,0
1.961033,4,0,1,0.1813219,1.256023,-0.7656058,-0.01531582,-0.9635922,-0.2538248,0.4710074,0.6348751,0.2425011,-0.06955489,0.6224523,0.07477116,0.009929811,1.185238,0.0205012,-0.04424713,-0.9717551,-0.03869809,0.2099298,1.225898,-0.8714443,0,0,0,0,-0.7071068,0,0,0,0,0,-0.7071068,0,0,0,0,0,-0.7071068,0,0,0,0,0,-0.7071068,0,0,0,0,0,-0.7071068,0
1.982762,4,0,1,0.1792553,1.269395,-0.7603053,-0.00714682,-0.9615471,-0.2614149,0.4709531,0.6348414,0.242588,-0.06885784,0.6228976,0.07505824,0.00785716,1.18636,0.02224826,-0.04149288,-0.9720043,-0.04382629,0.2078572,1.238488,-0.8658788,0,0,0,0,-0.7071068,0,0,0,0,0,-0.7071068,0,0,0,0,0,-0.7071068,0,0,0,0,0,-0.7071068,0,0,0,0,0,-0.7071068,0
1.994003,4,0,1,0.1782996,1.275865,-0.7574965,-0.005607694,-0.9605318,-0.2649755,0.4709742,0.6348177,0.242487,-0.06876075,0.6232285,0.07491048,0.006866182,1.187009,0.02302593,-0.03995986,-0.9721516,-0.04637666,0.2068662,1.244819,-0.8631356,0,0,0,0,-0.7071068,0,0,0,0,0,-0.7071068,0,0,0,0,0,-0.7071068,0,0,0,0,0,-0.7071068,0,0,0,0,0,-0.7071068,0
2.005135,4,0,1,0.177516,1.282081,-0.7547976,-0.005437016,-0.9595113,-0.2685885,0.4709269,0.6347115,0.2425054,-0.06850281,0.6234732,0.07509009,0.005922816,1.187607,0.02380523,-0.03828024,-0.9722851,-0.04933643,0.2059228,1.251183,-0.8603116,0,0,0,0,-0.7071068,0,0,0,0,0,-0.7071068,0,0,0,0,0,-0.7071068,0,0,0,0,0,-0.7071068,0,0,0,0,0,-0.7071068,0
2.027437,4,0,1,0.1757059,1.294376,-0.7494059,-0.003621623,-0.9573332,-0.2764449,0.4709646,0.6347377,0.2425142,-0.06831693,0.6237189,0.07541173,0.00400899,1.188894,0.02548099,-0.03550381,-0.9724828,-0.05563628,0.204009,1.26375,-0.8544877,0,0,0,0,-0.7071068,0,0,0,0,0,-0.7071068,0,0,0,0,0,-0.7071068,0,0,0,0,0,-0.7071068,0,0,0,0,0,-0.7071068,0
2.049651,4,0,1,0.1741136,1.306213,-0.7440868,-0.001978174,-0.9551383,-0.2838807,0.4708824,0.6347868,0.2424316,-0.06833326,0.6237553,0.07551365,0.002174089,1.190043,0.02713223,-0.03303913,-0.9725606,-0.06197636,0.2021741,1.27622,-0.8484729,0,0,0,0,-0.7071068,0,0,0,0,0,-0.7071068,0,0,0,0,0,-0.7071068,0,0,0,0,0,-0.7071068,0,0,0,0,0,-0.7071068,0
2.060937,4,0,1,0.1733824,1.311748,-0.7414444,-0.001672313,-0.9543275,-0.2867203,0.4708661,0.634812,0.2424088,-0.06843251,0.6236911,0.07552521,0.001261711,1.190681,0.02789398,-0.0321928,-0.972542,-0.06498431,0.2012617,1.282557,-0.8454373,0,0,0,0,-0.7071068,0,0,0,0,0,-0.7071068,0,0,0,0,0,-0.7071068,0,0,0,0,0,-0.7071068,0,0,0,0,0,-0.7071068,0
2.082809,4,0,1,0.1716946,1.322525,-0.7362376,-0.0003612787,-0.9527903,-0.292257,0.4707848,0.6349131,0.242445,-0.06840705,0.6237077,0.07587831,-0.0005510385,1.191997,0.02944945,-0.03045297,-0.9724147,-0.07131174,0.199449,1.294932,-0.8393206,0,0,0,0,-0.7071068,0,0,0,0,0,-0.7071068,0,0,0,0,0,-0.7071068,0,0,0,0,0,-0.7071068,0,0,0,0,0,-0.7071068,0
2.094095,4,0,1,0.1708155,1.328091,-0.7334006,0.0009652823,-0.9518722,-0.2953786,0.4709956,0.6347127,0.2423398,-0.06842601,0.6236287,0.07568482,-0.001527192,1.192638,0.03026818,-0.02985009,-0.972274,-0.0744281,0.1984728,1.301171,-0.8361169,0,0,0,0,-0.7071068,0,0,0,0,0,-0.7071068,0,0,0,0,0,-0.7071068,0,0,0,0,0,-0.7071068,0,0,0,0,0,-0.7071068,0
2.116099,4,0,1,0.1692507,1.339054,-0.7280067,0.005070969,-0.9499361,-0.3015207,0.471041,0.6346442,0.2424063,-0.06839967,0.6234423,0.07538652,-0.003366927,1.193816,0.03189038,-0.0285756,-0.971961,-0.08037981,0.1966331,1.313431,-0.8296194,0,0,0,0,-0.7071068,0,0,0,0,0,-0.7071068,0,0,0,0,0,-0.7071068,0,0,0,0,0,-0.7071068,0,0,0,0,0,-0.7071068,0
2.127817,4,0,1,0.16866,1.344407,-0.7252141,0.006000832,-0.9489589,-0.3045037,0.4710529,0.6346129,0.2423958,-0.06819692,0.62339,0.07538145,-0.004213107,1.194313,0.03258047,-0.02781314,-0.9717824,-0.08339071,0.1957869,1.319402,-0.8264451,0,0,0,0,-0.7071068,0,0,0,0,0,-0.7071068,0,0,0,0,0,-0.7071068,0,0,0,0,0,-0.7071068,0,0,0,0,0,-0.7071068,0
2.149446,4,0,1,0.1676461,1.355013,-0.7195235,0.006992221,-0.9470347,-0.310231,0.4710595,0.6345606,0.2424203,-0.06759584,0.62325,0.07533552,-0.005955124,1.195321,0.03397091,-0.02596937,-0.9714118,-0.08908401,0.1940449,1.331327,-0.8199465,0,0,0,0,-0.7071068,0,0,0,0,0,-0.7071068,0,0,0,0,0,-0.7071068,0,0,0,0,0,-0.7071068,0,0,0,0,0,-0.7071068,0
2.16119,4,0,1,0.1670378,1.360401,-0.7166045,0.008455426,-0.945946,-0.3134438,0.4710555,0.6345164,0.2424112,-0.06758278,0.6232219,0.07514129,-0.006924014,1.195928,0.03473309,-0.02484014,-0.9711993,-0.0908048,0.193076,1.337425,-0.8165368,0,0,0,0,-0.7071068,0,0,0,0,0,-0.7071068,0,0,0,0,0,-0.7071068,0,0,0,0,0,-0.7071068,0,0,0,0,0,-0.7071068,0
2.182713,4,0,1,0.165397,1.370988,-0.7103971,0.01346311,-0.943396,-0.3206624,0.4709076,0.6345313,0.2423674,-0.06797024,0.6232588,0.07484097,-0.008315653,1.196714,0.03609844,-0.02291572,-0.9708197,-0.09635517,0.1916844,1.348998,-0.8098154,0,0,0,0,-0.7071068,0,0,0,0,0,-0.7071068,0,0,0,0,0,-0.7071068,0,0,0,0,0,-0.7071068,0,0,0,0,0,-0.7071068,0
2.194161,4,0,1,0.1648379,1.376179,-0.7072852,0.01436642,-0.9421592,-0.3241514,0.4709072,0.6345872,0.2423203,-0.06827527,0.6233777,0.07463232,-0.009198853,1.197079,0.0369079,-0.02213378,-0.9705313,-0.09880847,0.1908011,1.354761,-0.8062466,0,0,0,0,-0.7071068,0,0,0,0,0,-0.7071068,0,0,0,0,0,-0.7071068,0,0,0,0,0,-0.7071068,0,0,0,0,0,-0.7071068,0
2.215993,4,0,1,0.1633206,1.386456,-0.7005795,0.01543982,-0.9397795,-0.3311096,0.4708991,0.6347387,0.2424472,-0.06824234,0.6235155,0.07463211,-0.01084724,1.197682,0.03834372,-0.02068656,-0.9700975,-0.1029794,0.1891528,1.36611,-0.7991598,0,0,0,0,-0.7071068,0,0,0,0,0,-0.7071068,0,0,0,0,0,-0.7071068,0,0,0,0,0,-0.7071068,0,0,0,0,0,-0.7071068,0
2.227633,4,0,1,0.1623033,1.391558,-0.6971074,0.01940082,-0.9383009,-0.3350157,0.4709037,0.6349453,0.2425476,-0.06776477,0.6235834,0.07507472,-0.01161129,1.19775,0.03914522,-0.01995152,-0.9700013,-0.1040209,0.1883887,1.371431,-0.795517,0,0,0,0,-0.7071068,0,0,0,0,0,-0.7071068,0,0,0,0,0,-0.7071068,0,0,0,0,0,-0.7071068,0,0,0,0,0,-0.7071068,0
2.24939,5,0,1,0.1604275,1.401493,-0.6903415,0.03099386,-0.9342433,-0.343985,0.4709411,0.6353779,0.2426194,-0.06696332,0.6236594,0.07578454,-0.01311484,1.197915,0.04091964,-0.01823315,-0.9700819,-0.1050724,0.1868852,1.382227,-0.787832,0,0,0,0,-0.7071068,0,0,0,0,0,-0.7071068,0,0,0,0,0,-0.7071068,0,0,0,0,0,-0.7071068,0,0,0,0,0,-0.7071068,0
2.26097,5,0,1,0.1596846,1.405962,-0.6871858,0.0331749,-0.9327439,-0.3470547,0.4709331,0.6355128,0.2426058,-0.06651685,0.6236929,0.07644891,-0.01385134,1.198039,0.04183004,-0.01755323,-0.970111,-0.1056568,0.1861487,1.387573,-0.783939,0,0,0,0,-0.7071068,0,0,0,0,0,-0.7071068,0,0,0,0,0,-0.7071068,0,0,0,0,0,-0.7071068,0,0,0,0,0,-0.7071068,0
2.282804,5,0,1,0.1582897,1.4135,-0.6811839,0.02810785,-0.9309468,-0.3509192,0.4707221,0.6353176,0.2427104,-0.06645712,0.6235006,0.07728222,-0.01516424,1.198199,0.04374985,-0.01698105,-0.9698702,-0.1081759,0.1848358,1.398269,-0.7758351,0,0,0,0,-0.7071068,0,0,0,0,0,-0.7071068,0,0,0,0,0,-0.7071068,0,0,0,0,0,-0.7071068,0,0,0,0,0,-0.7071068,0
2.29406,5,0,1,0.1573324,1.417366,-0.6781989,0.02657141,-0.929962,-0.3532845,0.4707711,0.6354462,0.2426976,-0.06605899,0.6232353,0.07786642,-0.01591625,1.198459,0.04478163,-0.0168708,-0.9696596,-0.1099069,0.1840838,1.403641,-0.7717224,0,0,0,0,-0.7071068,0,0,0,0,0,-0.7071068,0,0,0,0,0,-0.7071068,0,0,0,0,0,-0.7071068,0,0,0,0,0,-0.7071068,0
2.316147,5,0,1,0.1542972,1.424674,-0.6728392,0.02458057,-0.9287069,-0.3563026,0.4707372,0.6354038,0.2428065,-0.06536766,0.6228001,0.07862452,-0.01723662,1.198714,0.04677492,-0.01701842,-0.96913,-0.1135971,0.1827634,1.414127,-0.7634009,0,0,0,0,-0.7071068,0,0,0,0,0,-0.7071068,0,0,0,0,0,-0.7071068,0,0,0,0,0,-0.7071068,0,0,0,0,0,-0.7071068,0
2.327409,5,0,1,0.152626,1.428392,-0.6699377,0.02240221,-0.9283273,-0.3575851,0.4707408,0.6353956,0.242812,-0.06503997,0.622757,0.07900622,-0.01789382,1.198857,0.04772749,-0.01682491,-0.9688888,-0.1155289,0.1821062,1.419434,-0.75917,0,0,0,0,-0.7071068,0,0,0,0,0,-0.7071068,0,0,0,0,0,-0.7071068,0,0,0,0,0,-0.7071068,0,0,0,0,0,-0.7071068,0
2.349331,5,0,1,0.1486666,1.435946,-0.6642984,0.02023815,-0.9275247,-0.3605976,0.4709419,0.6355844,0.2427594,-0.06424645,0.6229088,0.08011934,-0.01930672,1.199216,0.04969939,-0.01614201,-0.9685098,-0.1195506,0.1806933,1.429911,-0.7506096,0,0,0,0,-0.7071068,0,0,0,0,0,-0.7071068,0,0,0,0,0,-0.7071068,0,0,0,0,0,-0.7071068,0,0,0,0,0,-0.7071068,0
2.360605,5,0,1,0.1461683,1.439947,-0.661311,0.02361527,-0.9268643,-0.3628045,0.4710105,0.6356399,0.2426916,-0.06406177,0.6230363,0.08054804,-0.02008758,1.199363,0.05070332,-0.01570778,-0.9684155,-0.1213937,0.1799124,1.435037,-0.7462805,0,0,0,0,-0.7071068,0,0,0,0,0,-0.7071068,0,0,0,0,0,-0.7071068,0,0,0,0,0,-0.7071068,0,0,0,0,0,-0.7071068,0
2.383124,5,0,1,0.1412895,1.448448,-0.6550208,0.03279363,-0.9245821,-0.3687315,0.4710311,0.6356331,0.2425472,-0.06373793,0.6234039,0.08076838,-0.02197871,1.199564,0.05262863,-0.0143373,-0.9684484,-0.1243333,0.1780213,1.445242,-0.7375054,0,0,0,0,-0.7071068,0,0,0,0,0,-0.7071068,0,0,0,0,0,-0.7071068,0,0,0,0,0,-0.7071068,0,0,0,0,0,-0.7071068,0
2.394756,5,0,1,0.13937,1.452441,-0.6517807,0.0336293,-0.9235967,-0.3715235,0.4710692,0.6356666,0.2425103,-0.06344164,0.6236368,0.08092456,-0.0228512,1.199801,0.05360818,-0.01370504,-0.9685274,-0.1258993,0.1771488,1.450608,-0.7329237,0,0,0,0,-0.7071068,0,0,0,0,0,-0.7071068,0,0,0,0,0,-0.7071068,0,0,0,0,0,-0.7071068,0,0,0,0,0,-0.7071068,0
2.406362,5,0,1,0.1377164,1.456324,-0.6485274,0.03363454,-0.9226942,-0.3740906,0.4711087,0.6355693,0.2423951,-0.06314341,0.6239254,0.08089615,-0.02380269,1.200034,0.05458436,-0.01311057,-0.9686111,-0.1277337,0.1761973,1.455994,-0.7282674,0,0,0,0,-0.7071068,0,0,0,0,0,-0.7071068,0,0,0,0,0,-0.7071068,0,0,0,0,0,-0.7071068,0,0,0,0,0,-0.7071068,0
2.417549,5,0,1,0.136167,1.460212,-0.6450792,0.03451265,-0.9216856,-0.3766665,0.4711604,0.6355078,0.2422714,-0.06290928,0.6242489,0.0809831,-0.02482364,1.200253,0.05558129,-0.01270991,-0.9686428,-0.1297325,0.1751764,1.461322,-0.7235574,0,0,0,0,-0.7071068,0,0,0,0,0,-0.7071068,0,0,0,0,0,-0.7071068,0,0,0,0,0,-0.7071068,0,0,0,0,0,-0.7071068,0
2.429247,5,0,1,0.1347008,1.464195,-0.6416956,0.03629567,-0.9206264,-0.3791304,0.4711922,0.6354285,0.2421838,-0.06264661,0.6245478,0.0812318,-0.02582324,1.20059,0.05663981,-0.01228053,-0.9686432,-0.1317291,0.1741768,1.466557,-0.7188804,0,0,0,0,-0.7071068,0,0,0,0,0,-0.7071068,0,0,0,0,0,-0.7071068,0,0,0,0,0,-0.7071068,0,0,0,0,0,-0.7071068,0
2.440859,5,0,1,0.1335293,1.468181,-0.6381062,0.03730838,-0.9194781,-0.3815911,0.4713195,0.6354412,0.2420629,-0.06260324,0.6247234,0.08106291,-0.02681921,1.200912,0.05770347,-0.01163872,-0.9685766,-0.1339695,0.1731808,1.471968,-0.7139925,0,0,0,0,-0.7071068,0,0,0,0,0,-0.7071068,0,0,0,0,0,-0.7071068,0,0,0,0,0,-0.7071068,0,0,0,0,0,-0.7071068,0
2.463611,5,0,1,0.1315006,1.476028,-0.6307419,0.03404079,-0.9171414,-0.3874296,0.4712675,0.6354626,0.2420605,-0.06230147,0.6251037,0.08140772,-0.02881735,1.201648,0.05986986,-0.009878777,-0.9683561,-0.1385655,0.1711826,1.482374,-0.7043795,0,0,0,0,-0.7071068,0,0,0,0,0,-0.7071068,0,0,0,0,0,-0.7071068,0,0,0,0,0,-0.7071068,0,0,0,0,0,-0.7071068,0
2.474878,5,0,1,0.1303693,1.479989,-0.6267536,0.03297089,-0.915561,-0.391291,0.4713004,0.6356767,0.2419938,-0.0615436,0.6251975,0.08226106,-0.02975579,1.202089,0.0609713,-0.008882061,-0.9682068,-0.1408374,0.1702442,1.487916,-0.6992518,0,0,0,0,-0.7071068,0,0,0,0,0,-0.7071068,0,0,0,0,0,-0.7071068,0,0,0,0,0,-0.7071068,0,0,0,0,0,-0.7071068,0
2.486113,5,0,1,0.1292766,1.484123,-0.6228026,0.03401986,-0.9136497,-0.395552,0.4712704,0.6357858,0.2420572,-0.06113443,0.625214,0.08294713,-0.0308495,1.202404,0.06207283,-0.007772975,-0.9680877,-0.1429427,0.1691505,1.493013,-0.694312,0,0,0,0,-0.7071068,0,0,0,0,0,-0.7071068,0,0,0,0,0,-0.7071068,0,0,0,0,0,-0.7071068,0,0,0,0,0,-0.7071068,0
2.497705,5,0,1,0.1281062,1.488115,-0.6188243,0.03513932,-0.9119101,-0.3994054,0.4713213,0.6358742,0.2420981,-0.06095374,0.6252283,0.0834915,-0.0318554,1.202778,0.06324136,-0.006795444,-0.9679748,-0.1449884,0.1681446,1.498125,-0.689279,0,0,0,0,-0.7071068,0,0,0,0,0,-0.7071068,0,0,0,0,0,-0.7071068,0,0,0,0,0,-0.7071068,0,0,0,0,0,-0.7071068,0
2.509354,5,0,1,0.126957,1.492175,-0.614868,0.03525345,-0.9103503,-0.4030297,0.47133,0.6359545,0.2421277,-0.06070907,0.6253476,0.08396275,-0.03287292,1.203022,0.0643162,-0.005820923,-0.9677911,-0.1471137,0.1671271,1.503227,-0.6841776,0,0,0,0,-0.7071068,0,0,0,0,0,-0.7071068,0,0,0,0,0,-0.7071068,0,0,0,0,0,-0.7071068,0,0,0,0,0,-0.7071068,0
2.520514,5,0,1,0.1258453,1.496229,-0.6107727,0.034127,-0.9088383,-0.4067668,0.4713555,0.6360868,0.2421468,-0.06056765,0.62543,0.08428577,-0.03389743,1.203333,0.06548031,-0.004905619,-0.9675562,-0.1494792,0.1661026,1.508386,-0.6789281,0,0,0,0,-0.7071068,0,0,0,0,0,-0.7071068,0,0,0,0,0,-0.7071068,0,0,0,0,0,-0.7071068,0,0,0,0,0,-0.7071068,0
2.53201,5,0,1,0.1247537,1.500139,-0.6066111,0.03431955,-0.9071838,-0.4106507,0.4713793,0.6360366,0.2420244,-0.06051805,0.6255553,0.08468057,-0.03490693,1.203563,0.06659003,-0.003852174,-0.9672716,-0.1519578,0.1650931,1.51323,-0.6738675,0,0,0,0,-0.7071068,0,0,0,0,0,-0.7071068,0,0,0,0,0,-0.7071068,0,0,0,0,0,-0.7071068,0,0,0,0,0,-0.7071068,0
2.54399,5,0,1,0.1236889,1.504237,-0.6025887,0.0356674,-0.905418,-0.414473,0.4714121,0.6360401,0.2419015,-0.06057664,0.6259221,0.0851064,-0.03588103,1.203795,0.06776176,-0.002742797,-0.9669594,-0.1544211,0.164119,1.518182,-0.6685883,0,0,0,0,-0.7071068,0,0,0,0,0,-0.7071068,0,0,0,0,0,-0.7071068,0,0,0,0,0,-0.7071068,0,0,0,0,0,-0.7071068,0
2.565605,5,0,1,0.1217957,1.512301,-0.5940995,0.0383402,-0.9021378,-0.4213232,0.4714344,0.6359434,0.2416953,-0.06029654,0.6266041,0.08556009,-0.03783634,1.204093,0.0700725,-0.0006545186,-0.9663154,-0.1593841,0.1621637,1.527522,-0.6582205,0,0,0,0,-0.7071068,0,0,0,0,0,-0.7071068,0,0,0,0,0,-0.7071068,0,0,0,0,0,-0.7071068,0,0,0,0,0,-0.7071068,0
2.57722,5,0,1,0.1208366,1.516224,-0.5899103,0.03948773,-0.9004896,-0.4247813,0.4714605,0.6359613,0.2416266,-0.06005381,0.6267994,0.08588257,-0.03872454,1.204314,0.0712502,0.0003856942,-0.9659481,-0.1619538,0.1612755,1.532303,-0.6528818,0,0,0,0,-0.7071068,0,0,0,0,0,-0.7071068,0,0,0,0,0,-0.7071068,0,0,0,0,0,-0.7071068,0,0,0,0,0,-0.7071068,0
2.598858,5,0,1,0.1193233,1.524026,-0.581657,0.04130755,-0.8968614,-0.4323111,0.4715417,0.6359674,0.2413648,-0.06051112,0.6272703,0.08559947,-0.04063066,1.20469,0.07358472,0.002194054,-0.965152,-0.167032,0.1593693,1.541488,-0.6423203,0,0,0,0,-0.7071068,0,0,0,0,0,-0.7071068,0,0,0,0,0,-0.7071068,0,0,0,0,0,-0.7071068,0,0,0,0,0,-0.7071068,0
2.621003,5,0,1,0.1184755,1.531745,-0.5728229,0.0413211,-0.8932858,-0.4397561,0.4715669,0.636018,0.2410183,-0.06180398,0.627386,0.08446439,-0.0425347,1.205195,0.07592818,0.003988177,-0.9643171,-0.1719823,0.1574653,1.550644,-0.631643,0,0,0,0,-0.7071068,0,0,0,0,0,-0.7071068,0,0,0,0,0,-0.7071068,0,0,0,0,0,-0.7071068,0,0,0,0,0,-0.7071068,0
2.643399,5,0,1,0.1183669,1.538734,-0.5641027,0.04226045,-0.8901212,-0.4456595,0.4716308,0.6360137,0.240375,-0.06444274,0.6274693,0.08209953,-0.04431717,1.205686,0.07821108,0.006019071,-0.963357,-0.177029,0.1556828,1.5597,-0.6208507,0,0,0,0,-0.7071068,0,0,0,0,0,-0.7071068,0,0,0,0,0,-0.7071068,0,0,0,0,0,-0.7071068,0,0,0,0,0,-0.7071068,0
2.665359,5,0,1,0.118715,1.545823,-0.5556943,0.04317835,-0.8872753,-0.4504565,0.4717012,0.6360977,0.2395463,-0.06793285,0.6278447,0.07909679,-0.04597677,1.206081,0.08035991,0.008209139,-0.9621264,-0.1827385,0.1540232,1.568592,-0.6099939,0,0,0,0,-0.7071068,0,0,0,0,0,-0.7071068,0,0,0,0,0,-0.7071068,0,0,0,0,0,-0.7071068,0,0,0,0,0,-0.7071068,0
2.676539,5,0,1,0.1186606,1.54925,-0.5513459,0.04330884,-0.8857445,-0.4531549,0.4717852,0.6362809,0.2389522,-0.0698116,0.6282184,0.07756667,-0.04677698,1.20631,0.08139674,0.00936944,-0.9615098,-0.1854473,0.153223,1.572952,-0.604623,0,0,0,0,-0.7071068,0,0,0,0,0,-0.7071068,0,0,0,0,0,-0.7071068,0,0,0,0,0,-0.7071068,0,0,0,0,0,-0.7071068,0
2.68777,5,0,1,0.1188023,1.552808,-0.5469636,0.04283407,-0.8841107,-0.4561328,0.4718081,0.6363537,0.2384431,-0.07170251,0.6287415,0.07601489,-0.0475077,1.206568,0.08246614,0.01064907,-0.9608492,-0.188134,0.1524923,1.577373,-0.599117,0,0,0,0,-0.7071068,0,0,0,0,0,-0.7071068,0,0,0,0,0,-0.7071068,0,0,0,0,0,-0.7071068,0,0,0,0,0,-0.7071068,0
2.709975,5,0,1,0.1188447,1.560005,-0.5382674,0.0419552,-0.8806143,-0.4626549,0.471829,0.6365943,0.2374654,-0.07524634,0.6295339,0.0732856,-0.04881428,1.207138,0.08445879,0.01328077,-0.9594852,-0.1935292,0.1511857,1.586118,-0.5882093,0,0,0,0,-0.7071068,0,0,0,0,0,-0.7071068,0,0,0,0,0,-0.7071068,0,0,0,0,0,-0.7071068,0,0,0,0,0,-0.7071068,0
2.732343,5,0,1,0.1182289,1.567621,-0.5293494,0.04243724,-0.8769683,-0.4695216,0.4718169,0.6366764,0.2367066,-0.07878274,0.6296502,0.06998859,-0.04995858,1.20766,0.08644061,0.0157539,-0.9580504,-0.1987001,0.1500414,1.5947,-0.5771576,0,0,0,0,-0.7071068,0,0,0,0,0,-0.7071068,0,0,0,0,0,-0.7071068,0,0,0,0,0,-0.7071068,0,0,0,0,0,-0.7071068,0
2.754684,6,0,1,0.1174272,1.575069,-0.520861,0.04448573,-0.8735171,-0.4757725,0.4718397,0.6365511,0.2362526,-0.08188303,0.629021,0.06642292,-0.05084685,1.20803,0.08825649,0.01754633,-0.9564763,-0.2035736,0.1491531,1.602912,-0.5662383,0,0,0,0,-0.7071068,0,0,0,0,0,-0.7071068,0,0,0,0,0,-0.7071068,0,0,0,0,0,-0.7071068,0,0,0,0,0,-0.7071068,0
2.776935,6,0,1,0.1164518,1.582461,-0.5120508,0.0482721,-0.8694872,-0.4826305,0.4717168,0.6365834,0.2358036,-0.08499427,0.6286333,0.06406073,-0.05151134,1.208447,0.09000541,0.0188021,-0.9548225,-0.2080391,0.1484887,1.611065,-0.5552232,0,0,0,0,-0.7071068,0,0,0,0,0,-0.7071068,0,0,0,0,0,-0.7071068,0,0,0,0,0,-0.7071068,0,0,0,0,0,-0.7071068,0
2.798614,6,0,1,0.1149905,1.590042,-0.5028864,0.0509299,-0.8653063,-0.4900085,0.4715425,0.6367514,0.2352836,-0.08809462,0.6285267,0.06221168,-0.0520653,1.208808,0.09158417,0.01943354,-0.9530947,-0.2125264,0.1479347,1.619044,-0.5442266,0,0,0,0,-0.7071068,0,0,0,0,0,-0.7071068,0,0,0,0,0,-0.7071068,0,0,0,0,0,-0.7071068,0,0,0,0,0,-0.7071068,0
2.809916,6,0,1,0.1142302,1.593739,-0.4985326,0.05180003,-0.8634282,-0.493364,0.4715531,0.6367581,0.2350172,-0.08970053,0.628699,0.06092713,-0.05227973,1.209002,0.09236011,0.01972973,-0.9522401,-0.21463,0.1477203,1.622964,-0.5387328,0,0,0,0,-0.7071068,0,0,0,0,0,-0.7071068,0,0,0,0,0,-0.7071068,0,0,0,0,0,-0.7071068,0,0,0,0,0,-0.7071068,0
2.821184,6,0,1,0.1133967,1.597578,-0.4938894,0.05175108,-0.8614944,-0.4968901,0.4715058,0.6368366,0.2348596,-0.09094402,0.6287782,0.06010537,-0.05250716,1.209226,0.09311938,0.01995068,-0.9513717,-0.2168273,0.1474928,1.626963,-0.5331167,0,0,0,0,-0.7071068,0,0,0,0,0,-0.7071068,0,0,0,0,0,-0.7071068,0,0,0,0,0,-0.7071068,0,0,0,0,0,-0.7071068,0
2.84322,6,0,1,0.1121639,1.604732,-0.484771,0.04901583,-0.8573705,-0.5046747,0.4716957,0.6370547,0.2344302,-0.09328757,0.6290131,0.05819495,-0.05288965,1.2095,0.09449323,0.01980003,-0.9496518,-0.2209391,0.1471104,1.634555,-0.522096,0,0,0,0,-0.7071068,0,0,0,0,0,-0.7071068,0,0,0,0,0,-0.7071068,0,0,0,0,0,-0.7071068,0,0,0,0,0,-0.7071068,0
2.86577,6,0,1,0.1109823,1.611895,-0.4757566,0.04545885,-0.8533764,-0.5120611,0.4718809,0.6370491,0.2338414,-0.09519254,0.6293778,0.05625192,-0.05328186,1.209646,0.09568834,0.01926095,-0.9479529,-0.2252169,0.1467181,1.641806,-0.5112287,0,0,0,0,-0.7071068,0,0,0,0,0,-0.7071068,0,0,0,0,0,-0.7071068,0,0,0,0,0,-0.7071068,0,0,0,0,0,-0.7071068,0
2.887633,6,0,1,0.1097068,1.618788,-0.4662898,0.04340334,-0.8495735,-0.5187821,0.4721028,0.6369003,0.2334674,-0.09595831,0.6300269,0.05472672,-0.05391821,1.209931,0.09677006,0.01846376,-0.9463893,-0.2292217,0.1460818,1.649199,-0.5001491,0,0,0,0,-0.7071068,0,0,0,0,0,-0.7071068,0,0,0,0,0,-0.7071068,0,0,0,0,0,-0.7071068,0,0,0,0,0,-0.7071068,0
2.899124,6,0,1,0.1085155,1.622627,-0.4617308,0.04405163,-0.8480676,-0.5212303,0.4722671,0.6367987,0.233507,-0.0956076,0.6302137,0.05479593,-0.05429612,1.210119,0.09730411,0.01817355,-0.9456805,-0.2311099,0.1457039,1.652762,-0.4947488,0,0,0,0,-0.7071068,0,0,0,0,0,-0.7071068,0,0,0,0,0,-0.7071068,0,0,0,0,0,-0.7071068,0,0,0,0,0,-0.7071068,0
2.920917,6,0,1,0.1066322,1.629416,-0.452869,0.04565132,-0.8454089,-0.5256184,0.4723558,0.6366314,0.2333899,-0.09489208,0.6308725,0.05480206,-0.05521376,1.210403,0.09825656,0.01834092,-0.9443336,-0.2350919,0.1447862,1.659886,-0.4836841,0,0,0,0,-0.7071068,0,0,0,0,0,-0.7071068,0,0,0,0,0,-0.7071068,0,0,0,0,0,-0.7071068,0,0,0,0,0,-0.7071068,0
2.944053,6,0,1,0.104688,1.635899,-0.4435866,0.04539217,-0.8427486,-0.5304356,0.4724064,0.6363368,0.2333909,-0.094074,0.631154,0.05520499,-0.05636568,1.210455,0.09906857,0.01911637,-0.9432987,-0.2386213,0.1436343,1.666451,-0.4729147,0,0,0,0,-0.7071068,0,0,0,0,0,-0.7071068,0,0,0,0,0,-0.7071068,0,0,0,0,0,-0.7071068,0,0,0,0,0,-0.7071068,0
2.965415,6,0,1,0.1029813,1.642434,-0.4339976,0.04651947,-0.8392078,-0.5361636,0.4723994,0.6361758,0.2334913,-0.09312153,0.63112,0.05575684,-0.05768429,1.21063,0.09975617,0.01926015,-0.9422966,-0.2425685,0.1423157,1.673072,-0.4620338,0,0,0,0,-0.7071068,0,0,0,0,0,-0.7071068,0,0,0,0,0,-0.7071068,0,0,0,0,0,-0.7071068,0,0,0,0,0,-0.7071068,0
2.97681,6,0,1,0.1022146,1.64574,-0.4289454,0.04735284,-0.8370711,-0.5395023,0.4723399,0.6361508,0.2335545,-0.09262327,0.6309814,0.0559152,-0.05832693,1.210781,0.09999706,0.01920483,-0.9418036,-0.2445877,0.1416731,1.676457,-0.4565428,0,0,0,0,-0.7071068,0,0,0,0,0,-0.7071068,0,0,0,0,0,-0.7071068,0,0,0,0,0,-0.7071068,0,0,0,0,0,-0.7071068,0
2.998605,6,0,1,0.1010625,1.651929,-0.4186528,0.05166963,-0.8325856,-0.5457034,0.4722691,0.6360704,0.2334578,-0.092155,0.6308897,0.05628792,-0.05983226,1.211183,0.1003906,0.01951274,-0.9410498,-0.2479117,0.1401677,1.683051,-0.4458345,0,0,0,0,-0.7071068,0,0,0,0,0,-0.7071068,0,0,0,0,0,-0.7071068,0,0,0,0,0,-0.7071068,0,0,0,0,0,-0.7071068,0
3.009813,6,0,1,0.1005002,1.655072,-0.4135774,0.05293876,-0.8305393,-0.5486076,0.4722547,0.6361191,0.2334103,-0.09215402,0.63093,0.05627074,-0.06061377,1.211394,0.1005681,0.01993944,-0.9407082,-0.2494324,0.1393862,1.686306,-0.4404478,0,0,0,0,-0.7071068,0,0,0,0,0,-0.7071068,0,0,0,0,0,-0.7071068,0,0,0,0,0,-0.7071068,0,0,0,0,0,-0.7071068,0
3.021143,6,0,1,0.1002624,1.658172,-0.4079846,0.052959,-0.8279963,-0.5522338,0.472281,0.6360962,0.2331941,-0.09250854,0.6310135,0.05597584,-0.06138881,1.211594,0.1007316,0.02076607,-0.9404231,-0.2506417,0.1386112,1.689543,-0.434994,0,0,0,0,-0.7071068,0,0,0,0,0,-0.7071068,0,0,0,0,0,-0.7071068,0,0,0,0,0,-0.7071068,0,0,0,0,0,-0.7071068,0
3.043385,6,0,1,0.09991105,1.664201,-0.3969964,0.05201638,-0.8227054,-0.5599329,0.4722055,0.63613,0.2329139,-0.09346762,0.6312187,0.05517604,-0.06286295,1.211812,0.1009808,0.02306471,-0.9398396,-0.2531596,0.1371371,1.683732,-0.4451547,0,0,0,0,-0.7071068,0,0,0,0,0,-0.7071068,0,0,0,0,0,-0.7071068,0,0,0,0,0,-0.7071068,0,0,0,0,0,-0.7071068,0
3.065467,6,0,1,0.09945686,1.670321,-0.3857821,0.05056003,-0.8174658,-0.5674608,0.4720843,0.6361556,0.2327807,-0.09424765,0.63126,0.05460617,-0.06425943,1.212202,0.101106,0.02521743,-0.9393082,-0.2551369,0.1357406,1.677881,-0.4554291,0,0,0,0,-0.7071068,0,0,0,0,0,-0.7071068,0,0,0,0,0,-0.7071068,0,0,0,0,0,-0.7071068,0,0,0,0,0,-0.7071068,0
3.087636,6,0,1,0.09859757,1.676386,-0.3745008,0.05072251,-0.8123568,-0.5746062,0.4720319,0.6361431,0.2325428,-0.09471761,0.6312314,0.05429371,-0.06573997,1.21268,0.1014459,0.02723052,-0.9389158,-0.256277,0.13426,1.671947,-0.4654076,0,0,0,0,-0.7071068,0,0,0,0,0,-0.7071068,0,0,0,0,0,-0.7071068,0,0,0,0,0,-0.7071068,0,0,0,0,0,-0.7071068,0
3.109874,6,0,1,0.09757344,1.682033,-0.3630919,0.0501233,-0.8069428,-0.5822963,0.4720177,0.6360766,0.2325517,-0.09444256,0.6310523,0.05455786,-0.06691203,1.213047,0.1013708,0.02951099,-0.9378916,-0.2592263,0.133088,1.665847,-0.4755399,0,0,0,0,-0.7071068,0,0,0,0,0,-0.7071068,0,0,0,0,0,-0.7071068,0,0,0,0,0,-0.7071068,0,0,0,0,0,-0.7071068,0
3.131851,6,0,1,0.09660201,1.687653,-0.3519285,0.04930648,-0.8013157,-0.5901489,0.4720196,0.636068,0.232724,-0.09398912,0.6309347,0.05475685,-0.06819338,1.213537,0.1013835,0.03164186,-0.9370651,-0.2614589,0.1318066,1.659593,-0.4856648,0,0,0,0,-0.7071068,0,0,0,0,0,-0.7071068,0,0,0,0,0,-0.7071068,0,0,0,0,0,-0.7071068,0,0,0,0,0,-0.7071068,0
3.143478,6,0,1,0.09612255,1.690324,-0.3465421,0.04937074,-0.7988293,-0.5934715,0.4720866,0.6359351,0.2328524,-0.09329891,0.6309154,0.05489698,-0.06877994,1.213764,0.1012984,-0.03305019,0.9365169,0.2628497,0.1312201,1.65645,-0.4906909,0,0,0,0,-0.7071068,0,0,0,0,0,-0.7071068,0,0,0,0,0,-0.7071068,0,0,0,0,0,-0.7071068,0,0,0,0,0,-0.7071068,0
3.165416,6,0,0,0.0950809,1.695497,-0.335933,0.05013105,-0.7945783,-0.5989424,0.4721948,0.6357286,0.233013,-0.09241449,0.6310471,0.05482832,-0.07003675,1.214135,0.1014161,-0.03632371,0.935632,0.2650381,0.1299632,1.649824,-0.5005794,0,0,0,0,-0.7071068,0,0,0,0,0,-0.7071068,0,0,0,0,0,-0.7071068,0,0,0,0,0,-0.7071068,0,0,0,0,0,-0.7071068,0
3.177204,6,0,0,0.09436779,1.69813,-0.3306105,0.05101845,-0.7927594,-0.6011477,0.4722737,0.6355915,0.2330222,-0.09204411,0.631204,0.05459259,-0.07065517,1.214339,0.1014808,-0.03809938,0.9351749,0.2664206,0.1293448,1.646498,-0.5054381,0,0,0,0,-0.7071068,0,0,0,0,0,-0.7071068,0,0,0,0,0,-0.7071068,0,0,0,0,0,-0.7071068,0,0,0,0,0,-0.7071068,0
3.198606,6,0,0,0.09308878,1.702459,-0.319993,0.05117536,-0.7900315,-0.6047647,0.4725154,0.6354311,0.2329714,-0.09186925,0.6318979,0.05309429,-0.07197638,1.214819,0.101699,-0.04079721,0.9343711,0.2690858,0.1280236,1.63985,-0.5149223,0,0,0,0,-0.7071068,0,0,0,0,0,-0.7071068,0,0,0,0,0,-0.7071068,0,0,0,0,0,-0.7071068,0,0,0,0,0,-0.7071068,0
3.209927,6,0,0,0.09238295,1.704637,-0.3148619,0.05049005,-0.7889229,-0.6064702,0.4726308,0.6353731,0.2329379,-0.09175942,0.6321411,0.0525526,-0.07254248,1.215054,0.1017928,-0.04151907,0.9340034,0.2704827,0.1274575,1.636463,-0.5196429,0,0,0,0,-0.7071068,0,0,0,0,0,-0.7071068,0,0,0,0,0,-0.7071068,0,0,0,0,0,-0.7071068,0,0,0,0,0,-0.7071068,0
3.232249,6,0,0,0.09045032,1.70873,-0.3044331,0.05018604,-0.7884122,-0.6078739,0.4727822,0.6350788,0.2329963,-0.09164227,0.6328506,0.05162629,-0.07384153,1.21535,0.1021041,-0.04179429,0.9333403,0.2732131,0.1261585,1.629341,-0.5289522,0,0,0,0,-0.7071068,0,0,0,0,0,-0.7071068,0,0,0,0,0,-0.7071068,0,0,0,0,0,-0.7071068,0,0,0,0,0,-0.7071068,0
3.254172,6,0,0,0.08873967,1.712592,-0.2941385,0.05675212,-0.7879949,-0.6080599,0.4729845,0.6348698,0.2327394,-0.09204444,0.633484,0.05026748,-0.07523502,1.215015,0.1024795,-0.0414295,0.9331122,0.2744713,0.124765,1.621416,-0.5381098,0,0,0,0,-0.7071068,0,0,0,0,0,-0.7071068,0,0,0,0,0,-0.7071068,0,0,0,0,0,-0.7071068,0,0,0,0,0,-0.7071068,0
3.276913,6,0,0,0.08760206,1.716406,-0.283561,0.06589475,-0.784579,-0.6108475,0.4730825,0.6347567,0.2323384,-0.09224339,0.634551,0.04972645,-0.07650013,1.214609,0.1028862,-0.04172263,0.9334271,0.2739289,0.1234999,1.613433,-0.5469239,0,0,0,0,-0.7071068,0,0,0,0,0,-0.7071068,0,0,0,0,0,-0.7071068,0,0,0,0,0,-0.7071068,0,0,0,0,0,-0.7071068,0
3.298583,6,0,0,0.08736864,1.719411,-0.2726225,0.07163498,-0.7790267,-0.6159558,0.4730798,0.6346728,0.2319884,-0.09194858,0.6354737,0.04993191,-0.07766725,1.214385,0.1035159,-0.04213007,0.9337785,0.2731926,0.1223328,1.60535,-0.5555625,0,0,0,0,-0.7071068,0,0,0,0,0,-0.7071068,0,0,0,0,0,-0.7071068,0,0,0,0,0,-0.7071068,0,0,0,0,0,-0.7071068,0
3.309971,6,0,0,0.08775524,1.720197,-0.2679951,0.0701237,-0.7757524,-0.6195805,0.4730046,0.6346282,0.2318772,-0.09167587,0.635675,0.05022477,-0.07822036,1.214311,0.103962,-0.04242656,0.9338773,0.2729264,0.1217796,1.601347,-0.5596419,0,0,0,0,-0.7071068,0,0,0,0,0,-0.7071068,0,0,0,0,0,-0.7071068,0,0,0,0,0,-0.7071068,0,0,0,0,0,-0.7071068,0
3.331914,6,0,0,0.08748559,1.721956,-0.2608536,0.06763807,-0.7720994,-0.6237956,0.472766,0.6346893,0.2319187,-0.09133514,0.6354303,0.05115675,-0.07920031,1.214174,0.1050733,-0.04323585,0.9340118,0.27238,0.1207997,1.59321,-0.5675327,0,0,0,0,-0.7071068,0,0,0,0,0,-0.7071068,0,0,0,0,0,-0.7071068,0,0,0,0,0,-0.7071068,0,0,0,0,0,-0.7071068,0
3.343154,6,0,0,0.08694486,1.722367,-0.2582712,0.06760356,-0.7710985,-0.6249841,0.4726105,0.6347504,0.2319766,-0.0912455,0.6351613,0.0518934,-0.07959058,1.214074,0.1056791,-0.04359236,0.9341069,0.2720146,0.1204094,1.589006,-0.571438,0,0,0,0,-0.7071068,0,0,0,0,0,-0.7071068,0,0,0,0,0,-0.7071068,0,0,0,0,0,-0.7071068,0,0,0,0,0,-0.7071068,0
3.36529,6,0,0,0.08528785,1.722643,-0.2560125,0.07445481,-0.7694024,-0.6257914,0.4721706,0.6350732,0.2323208,-0.09096373,0.6342676,0.05422238,-0.08025589,1.213665,0.1071501,0.04390816,-0.9344035,-0.2709166,0.1197441,1.580332,-0.5788423,0,0,0,0,-0.7071068,0,0,0,0,0,-0.7071068,0,0,0,0,0,-0.7071068,0,0,0,0,0,-0.7071068,0,0,0,0,0,-0.7071068,0
3.37657,6,0,0,0.08418838,1.722552,-0.2563668,0.07699549,-0.7706105,-0.6239222,0.4719032,0.6352559,0.2324645,-0.09096358,0.6337052,0.05542078,-0.08051158,1.213431,0.107946,0.04387904,-0.9345777,-0.2703356,0.1194884,1.575933,-0.5824165,0,0,0,0,-0.7071068,0,0,0,0,0,-0.7071068,0,0,0,0,0,-0.7071068,0,0,0,0,0,-0.7071068,0,0,0,0,0,-0.7071068,0
3.398438,6,0,0,0.08191387,1.721118,-0.26114,0.07994136,-0.7762356,-0.616882,0.4715308,0.6355129,0.2328968,-0.09076135,0.6325374,0.05764315,-0.08080393,1.212999,0.1096703,0.04296055,-0.9350201,-0.2692403,0.1191961,1.567076,-0.5893272,0,0,0,0,-0.7071068,0,0,0,0,0,-0.7071068,0,0,0,0,0,-0.7071068,0,0,0,0,0,-0.7071068,0,0,0,0,0,-0.7071068,0
3.409725,6,0,0,0.08037249,1.71984,-0.2645028,0.08402738,-0.7792189,-0.6126124,0.4714849,0.6356328,0.2331677,-0.09049052,0.632035,0.0585081,-0.08086978,1.212683,0.1106122,0.04252683,-0.9352809,-0.2686228,0.1191302,1.562537,-0.5926152,0,0,0,0,-0.7071068,0,0,0,0,0,-0.7071068,0,0,0,0,0,-0.7071068,0,0,0,0,0,-0.7071068,0,0,0,0,0,-0.7071068,0
3.431747,6,0,0,0.07792465,1.716848,-0.2741643,0.09140188,-0.7859454,-0.6029899,0.4713795,0.6356258,0.2335628,-0.08935311,0.6312993,0.05998816,-0.08095572,1.211832,0.1127061,0.04183225,-0.9362677,-0.2659674,0.1190443,1.55304,-0.5989819,0,0,0,0,-0.7071068,0,0,0,0,0,-0.7071068,0,0,0,0,0,-0.7071068,0,0,0,0,0,-0.7071068,0,0,0,0,0,-0.7071068,0
3.442924,6,0,0,0.07700578,1.714791,-0.2810622,0.09295642,-0.7902066,-0.5973627,0.4713478,0.6356276,0.2337867,-0.08850195,0.6309243,0.06102826,-0.08088472,1.211417,0.1138099,0.04169538,-0.9368113,-0.264537,0.1191153,1.548265,-0.602047,0,0,0,0,-0.7071068,0,0,0,0,0,-0.7071068,0,0,0,0,0,-0.7071068,0,0,0,0,0,-0.7071068,0,0,0,0,0,-0.7071068,0
3.454091,6,0,0,0.07595519,1.712726,-0.287028,0.09300834,-0.7939467,-0.5926393,0.4712992,0.6356353,0.2340771,-0.08739336,0.6307655,0.06226465,-0.08081005,1.2111,0.1149442,0.04118586,-0.9373035,-0.2633695,0.11919,1.543519,-0.6050823,0,0,0,0,-0.7071068,0,0,0,0,0,-0.7071068,0,0,0,0,0,-0.7071068,0,0,0,0,0,-0.7071068,0,0,0,0,0,-0.7071068,0
3.47647,6,0,0,0.0746061,1.706759,-0.3029061,0.08387193,-0.8020694,-0.5841268,0.4712162,0.635578,0.2345953,-0.08552051,0.6302277,0.06474702,-0.0803717,1.210737,0.1174171,0.0401144,-0.9380767,-0.2621153,0.1196283,1.534267,-0.6107842,0,0,0,0,-0.7071068,0,0,0,0,0,-0.7071068,0,0,0,0,0,-0.7071068,0,0,0,0,0,-0.7071068,0,0,0,0,0,-0.7071068,0
3.498384,6,0,0,0.07302371,1.699253,-0.3205229,0.07185125,-0.8100899,-0.5760406,0.4711352,0.6355948,0.2350403,-0.08387733,0.6298225,0.06679533,-0.07953228,1.210383,0.1197633,0.03927986,-0.9386925,-0.2612552,0.1204677,1.524899,-0.6164733,0,0,0,0,-0.7071068,0,0,0,0,0,-0.7071068,0,0,0,0,0,-0.7071068,0,0,0,0,0,-0.7071068,0,0,0,0,0,-0.7071068,0
3.509677,6,0,0,0.07171372,1.69529,-0.3290947,0.06785071,-0.8138875,-0.5717585,0.4711238,0.6355748,0.2352621,-0.08302674,0.6295857,0.06782225,-0.07890622,1.210115,0.1208634,0.03888683,-0.9390255,-0.2605773,0.1210938,1.520082,-0.6193349,0,0,0,0,-0.7071068,0,0,0,0,0,-0.7071068,0,0,0,0,0,-0.7071068,0,0,0,0,0,-0.7071068,0,0,0,0,0,-0.7071068,0
3.531862,6,0,0,0.06879691,1.685029,-0.3498299,0.06556037,-0.8213432,-0.5626125,0.4712103,0.6354932,0.2356326,-0.08178417,0.6294857,0.06932222,-0.07740004,1.209495,0.1227369,0.03784224,-0.9398717,-0.2585059,0.1226,1.510238,-0.6253062,0,0,0,0,-0.7071068,0,0,0,0,0,-0.7071068,0,0,0,0,0,-0.7071068,0,0,0,0,0,-0.7071068,0,0,0,0,0,-0.7071068,0
3.543114,6,0,0,0.0675464,1.679036,-0.3614769,0.06477512,-0.8258972,-0.5566122,0.4713475,0.6354957,0.2357356,-0.08113624,0.6296636,0.06993899,-0.07656895,1.208987,0.123488,0.03702231,-0.9403742,-0.2571578,0.123431,1.505029,-0.6284612,0,0,0,0,-0.7071068,0,0,0,0,0,-0.7071068,0,0,0,0,0,-0.7071068,0,0,0,0,0,-0.7071068,0,0,0,0,0,-0.7071068,0
3.565009,6,0,0,0.06540317,1.665502,-0.3853859,0.05932495,-0.8367763,-0.5416899,0.471501,0.6356678,0.2359999,-0.07959446,0.6301394,0.07104082,-0.07487801,1.20809,0.1247835,0.03417853,-0.9416724,-0.2537612,0.125122,1.494786,-0.634746,0,0,0,0,-0.7071068,0,0,0,0,0,-0.7071068,0,0,0,0,0,-0.7071068,0,0,0,0,0,-0.7071068,0,0,0,0,0,-0.7071068,0
3.576848,6,0,0,0.06470842,1.657533,-0.3984087,0.05304702,-0.843986,-0.5315273,0.4716543,0.6356972,0.2361004,-0.07875756,0.6303176,0.0715751,-0.07400645,1.207673,0.125249,0.0325176,-0.9422833,-0.2522734,0.1259935,1.48966,-0.6380113,0,0,0,0,-0.7071068,0,0,0,0,0,-0.7071068,0,0,0,0,0,-0.7071068,0,0,0,0,0,-0.7071068,0,0,0,0,0,-0.7071068,0
3.598385,6,0,0,0.06376571,1.640326,-0.4245971,0.04215841,-0.8576548,-0.5108954,0.471898,0.6355778,0.2363486,-0.07707807,0.6305375,0.07265987,-0.07216131,1.206823,0.1258658,0.02949298,-0.9435984,-0.2492306,0.1278387,1.479243,-0.6447943,0,0,0,0,-0.7071068,0,0,0,0,0,-0.7071068,0,0,0,0,0,-0.7071068,0,0,0,0,0,-0.7071068,0,0,0,0,0,-0.7071068,0
3.609561,6,0,0,0.0630712,1.631831,-0.4371923,0.03734362,-0.8635739,-0.5014452,0.4719533,0.6355436,0.2364413,-0.07631055,0.6306421,0.07319835,-0.07126613,1.206384,0.125976,0.02815105,-0.9442347,-0.2476166,0.1287339,1.473959,-0.648342,0,0,0,0,-0.7071068,0,0,0,0,0,-0.7071068,0,0,0,0,0,-0.7071068,0,0,0,0,0,-0.7071068,0,0,0,0,0,-0.7071068,0
3.620791,6,0,0,0.06322987,1.62251,-0.4498286,0.03259815,-0.8695914,-0.4913591,0.4719707,0.635568,0.2365204,-0.07563987,0.6306614,0.07381289,-0.07039348,1.205945,0.1259594,0.02684836,-0.9448715,-0.2460333,0.1296065,1.468638,-0.6519857,0,0,0,0,-0.7071068,0,0,0,0,0,-0.7071068,0,0,0,0,0,-0.7071068,0,0,0,0,0,-0.7071068,0,0,0,0,0,-0.7071068,0
3.643157,6,0,0,0.06311376,1.603635,-0.4742646,0.02699077,-0.8803769,-0.4721557,0.4717441,0.6357194,0.2366236,-0.07508796,0.6306443,0.07484382,-0.06864876,1.20525,0.1255696,0.02429046,-0.9460406,-0.2429089,0.1313512,1.458175,-0.6594572,0,0,0,0,-0.7071068,0,0,0,0,0,-0.7071068,0,0,0,0,0,-0.7071068,0,0,0,0,0,-0.7071068,0,0,0,0,0,-0.7071068,0
3.665032,6,0,0,0.06313033,1.584237,-0.4976106,0.02219389,-0.890008,-0.4540557,0.4716592,0.6363544,0.2365344,-0.07535699,0.6309649,0.07560113,-0.06697284,1.204665,0.1247562,0.02206076,-0.9470044,-0.2402014,0.1330272,1.447724,-0.6671934,0,0,0,0,-0.7071068,0,0,0,0,0,-0.7071068,0,0,0,0,0,-0.7071068,0,0,0,0,0,-0.7071068,0,0,0,0,0,-0.7071068,0
3.676296,6,0,0,0.06319243,1.574154,-0.5087696,0.01970433,-0.8944947,-0.4452577,0.4717896,0.6365535,0.2365151,-0.07611364,0.6309487,0.07532254,-0.06621272,1.204465,0.124256,0.02122577,-0.947466,-0.2388333,0.1337873,1.442511,-0.6711236,0,0,0,0,-0.7071068,0,0,0,0,0,-0.7071068,0,0,0,0,0,-0.7071068,0,0,0,0,0,-0.7071068,0,0,0,0,0,-0.7071068,0
3.69844,6,0,1,0.06400222,1.554303,-0.5299754,0.01529026,-0.9037058,-0.4263476,0.4717347,0.6370211,0.2362724,-0.07775409,0.6313106,0.07483459,-0.06474753,1.204172,0.1227751,0.01990443,-0.9483021,-0.2363649,0.1352525,1.432174,-0.6793095,0,0,0,0,-0.7071068,0,0,0,0,0,-0.7071068,0,0,0,0,0,-0.7071068,0,0,0,0,0,-0.7071068,0,0,0,0,0,-0.7071068,0
3.710013,6,0,1,0.06427867,1.544548,-0.5401524,0.01336361,-0.9083131,-0.4164881,0.4718356,0.637169,0.2360987,-0.07829091,0.6315436,0.07445394,-0.06412778,1.204083,0.1218107,0.01916447,-0.9486594,-0.2351672,0.1358722,1.426967,-0.6836041,0,0,0,0,-0.7071068,0,0,0,0,0,-0.7071068,0,0,0,0,0,-0.7071068,0,0,0,0,0,-0.7071068,0,0,0,0,0,-0.7071068,0
3.721131,6,0,1,0.06460077,1.53492,-0.5495858,0.01185945,-0.9128506,-0.4065116,0.4719723,0.6372919,0.2359515,-0.07872377,0.6317001,0.07396147,-0.06356112,1.203953,0.1207805,0.01827087,-0.949047,-0.23381,0.1364389,1.421531,-0.6880279,0,0,0,0,-0.7071068,0,0,0,0,0,-0.7071068,0,0,0,0,0,-0.7071068,0,0,0,0,0,-0.7071068,0,0,0,0,0,-0.7071068,0
3.743064,6,0,1,0.06483562,1.516043,-0.5683026,0.01259971,-0.920004,-0.3900734,0.4719416,0.6372957,0.2357959,-0.07864353,0.6321048,0.07339592,-0.06260353,1.203404,0.1183075,0.01640269,-0.9500716,-0.2299208,0.1373965,1.410897,-0.6967856,0,0,0,0,-0.7071068,0,0,0,0,0,-0.7071068,0,0,0,0,0,-0.7071068,0,0,0,0,0,-0.7071068,0,0,0,0,0,-0.7071068,0
3.764942,6,0,1,0.0650217,1.49814,-0.5850564,0.01459,-0.9254947,-0.3765461,0.4723842,0.6371496,0.2354831,-0.07806644,0.6324169,0.07227613,-0.06194567,1.202904,0.1155318,0.01486921,-0.9511977,-0.2256458,0.1380543,1.40013,-0.7057441,0,0,0,0,-0.7071068,0,0,0,0,0,-0.7071068,0,0,0,0,0,-0.7071068,0,0,0,0,0,-0.7071068,0,0,0,0,0,-0.7071068,0
3.776248,6,0,1,0.06590647,1.489227,-0.5936084,0.01028541,-0.929563,-0.3667367,0.4724429,0.6371498,0.2352524,-0.07797251,0.6325728,0.07167197,-0.06166566,1.202693,0.1140788,0.01412107,-0.9517308,-0.2235448,0.1383343,1.39472,-0.7102467,0,0,0,0,-0.7071068,0,0,0,0,0,-0.7071068,0,0,0,0,0,-0.7071068,0,0,0,0,0,-0.7071068,0,0,0,0,0,-0.7071068,0
3.798366,6,0,1,0.06725175,1.471933,-0.6078079,0.01029931,-0.9346377,-0.353728,0.4726587,0.6371664,0.2350691,-0.07818844,0.6326903,0.0704449,-0.06119988,1.202283,0.1109622,0.01305904,-0.9528751,-0.2185455,0.1388001,1.383767,-0.7193834,0,0,0,0,-0.7071068,0,0,0,0,0,-0.7071068,0,0,0,0,0,-0.7071068,0,0,0,0,0,-0.7071068,0,0,0,0,0,-0.7071068,0
3.809525,6,0,1,0.06808121,1.463717,-0.6137777,0.01403578,-0.9363708,-0.3489806,0.4727215,0.6371973,0.2348624,-0.07855189,0.6327837,0.069702,-0.06104185,1.202064,0.109394,0.01268043,-0.9534909,-0.215571,0.1389582,1.378259,-0.7238904,0,0,0,0,-0.7071068,0,0,0,0,0,-0.7071068,0,0,0,0,0,-0.7071068,0,0,0,0,0,-0.7071068,0,0,0,0,0,-0.7071068,0
3.831649,6,0,1,0.07117505,1.446488,-0.6263905,0.01594946,-0.9399195,-0.339152,0.4725706,0.6373341,0.2343553,-0.0797775,0.6330163,0.06820848,-0.06086956,1.201598,0.1062208,0.01196078,-0.9546318,-0.2101613,0.1391304,1.367165,-0.7328078,0,0,0,0,-0.7071068,0,0,0,0,0,-0.7071068,0,0,0,0,0,-0.7071068,0,0,0,0,0,-0.7071068,0,0,0,0,0,-0.7071068,0
3.843214,6,0,1,0.07380647,1.438347,-0.6327851,0.01163298,-0.9424775,-0.3318699,0.4724814,0.6374555,0.2341238,-0.08062883,0.6329871,0.06760787,-0.06084567,1.201379,0.1045811,0.01121166,-0.9550635,-0.2080012,0.1391543,1.361605,-0.737255,0,0,0,0,-0.7071068,0,0,0,0,0,-0.7071068,0,0,0,0,0,-0.7071068,0,0,0,0,0,-0.7071068,0,0,0,0,0,-0.7071068,0
3.86483,6,0,1,0.08008451,1.420609,-0.6441689,0.001591906,-0.9471251,-0.3175613,0.4721777,0.6377861,0.2337103,-0.08295973,0.6328071,0.0662883,-0.0610576,1.201029,0.1013731,0.009503573,-0.9559692,-0.2034391,0.1389424,1.350456,-0.7459796,0,0,0,0,-0.7071068,0,0,0,0,0,-0.7071068,0,0,0,0,0,-0.7071068,0,0,0,0,0,-0.7071068,0,0,0,0,0,-0.7071068,0
3.876283,6,0,1,0.08308465,1.412299,-0.6493695,-0.001189262,-0.9490533,-0.3111341,0.4722426,0.6377221,0.2334145,-0.08431061,0.6326611,0.06512032,-0.06117542,1.200844,0.09978038,0.008933693,-0.9564302,-0.201011,0.1388246,1.344957,-0.7502098,0,0,0,0,-0.7071068,0,0,0,0,0,-0.7071068,0,0,0,0,0,-0.7071068,0,0,0,0,0,-0.7071068,0,0,0,0,0,-0.7071068,0
3.898252,6,0,1,0.08839638,1.396384,-0.6585889,-0.004248828,-0.9524625,-0.2995608,0.4720605,0.6379209,0.2331389,-0.08644399,0.6325161,0.06312759,-0.06148564,1.200617,0.09676049,0.008784257,-0.9573871,-0.1957004,0.1385144,1.33375,-0.7585211,0,0,0,0,-0.7071068,0,0,0,0,0,-0.7071068,0,0,0,0,0,-0.7071068,0,0,0,0,0,-0.7071068,0,0,0,0,0,-0.7071068,0
3.909728,6,0,1,0.09087748,1.388872,-0.663148,-0.00578849,-0.953918,-0.2944932,0.4719423,0.6380273,0.2330479,-0.08738095,0.6323928,0.06229498,-0.06165011,1.200572,0.09527647,0.009074092,-0.957808,-0.1932208,0.1383499,1.328268,-0.7625478,0,0,0,0,-0.7071068,0,0,0,0,0,-0.7071068,0,0,0,0,0,-0.7071068,0,0,0,0,0,-0.7071068,0,0,0,0,0,-0.7071068,0
3.931724,6,0,1,0.09562714,1.375571,-0.6709388,-0.008383378,-0.9558464,-0.2876174,0.4719287,0.6384951,0.2326687,-0.08927967,0.6322948,0.06074183,-0.06200888,1.200518,0.09237213,0.009622946,-0.9584492,-0.1887413,0.1379911,1.317185,-0.7704549,0,0,0,0,-0.7071068,0,0,0,0,0,-0.7071068,0,0,0,0,0,-0.7071068,0,0,0,0,0,-0.7071068,0,0,0,0,0,-0.7071068,0
3.953717,6,0,1,0.1001051,1.363162,-0.6779564,-0.009448364,-0.9576628,-0.2809033,0.4718099,0.6386682,0.232442,-0.09110035,0.6322041,0.05905648,-0.06256262,1.200468,0.08966213,0.009967923,-0.9590172,-0.1841513,0.1374374,1.306023,-0.7779981,0,0,0,0,-0.7071068,0,0,0,0,0,-0.7071068,0,0,0,0,0,-0.7071068,0,0,0,0,0,-0.7071068,0,0,0,0,0,-0.7071068,0
3.964971,6,0,1,0.1021972,1.357407,-0.6809548,-0.01011422,-0.9585306,-0.2776777,0.4718578,0.6386098,0.232444,-0.09167144,0.6322503,0.05803934,-0.06276246,1.200406,0.0882196,0.01022281,-0.9592572,-0.1819603,0.1372375,1.300469,-0.7817541,0,0,0,0,-0.7071068,0,0,0,0,0,-0.7071068,0,0,0,0,0,-0.7071068,0,0,0,0,0,-0.7071068,0,0,0,0,0,-0.7071068,0
3.976415,6,0,1,0.1046079,1.351353,-0.6843305,-0.0106741,-0.9594249,-0.2743198,0.4717846,0.6385281,0.2322944,-0.09233844,0.6323183,0.05706836,-0.06293476,1.200385,0.08689274,0.01075861,-0.9594948,-0.1797132,0.1370652,1.294785,-0.7854149,0,0,0,0,-0.7071068,0,0,0,0,0,-0.7071068,0,0,0,0,0,-0.7071068,0,0,0,0,0,-0.7071068,0,0,0,0,0,-0.7071068,0
3.998168,7,0,1,0.1089259,1.340276,-0.6899849,-0.009929612,-0.9610624,-0.2681191,0.4718834,0.6383822,0.2322051,-0.09312738,0.6329564,0.0553581,-0.06329307,1.200315,0.08434004,0.01255058,-0.9600556,-0.1749262,0.1367069,1.283565,-0.7924125,0,0,0,0,-0.7071068,0,0,0,0,0,-0.7071068,0,0,0,0,0,-0.7071068,0,0,0,0,0,-0.7071068,0,0,0,0,0,-0.7071068,0
4.009644,7,0,1,0.1113643,1.334671,-0.6929303,-0.00995934,-0.9619434,-0.2643825,0.4719575,0.6382601,0.2321807,-0.09323539,0.6333832,0.05484743,-0.06340608,1.200236,0.08311865,0.01347939,-0.9603578,-0.1725149,0.1365939,1.277827,-0.7958142,0,0,0,0,-0.7071068,0,0,0,0,0,-0.7071068,0,0,0,0,0,-0.7071068,0,0,0,0,0,-0.7071068,0,0,0,0,0,-0.7071068,0
4.031563,7,0,1,0.1160627,1.323685,-0.6982213,-0.01219024,-0.9638164,-0.2561209,0.4720667,0.6381916,0.2320769,-0.09351942,0.6341243,0.05393851,-0.0635895,1.199917,0.08073583,0.01522402,-0.9609551,-0.1675882,0.1364105,1.266185,-0.8024092,0,0,0,0,-0.7071068,0,0,0,0,0,-0.7071068,0,0,0,0,0,-0.7071068,0,0,0,0,0,-0.7071068,0,0,0,0,0,-0.7071068,0
4.042767,7,0,1,0.1181336,1.318526,-0.7004748,-0.01337227,-0.9646175,-0.2525257,0.4721263,0.638077,0.2320689,-0.09341431,0.6345307,0.05347884,-0.06386336,1.199599,0.07962337,0.01598521,-0.9613358,-0.1648386,0.1361367,1.260131,-0.8055795,0,0,0,0,-0.7071068,0,0,0,0,0,-0.7071068,0,0,0,0,0,-0.7071068,0,0,0,0,0,-0.7071068,0,0,0,0,0,-0.7071068,0
4.064943,7,0,1,0.1217411,1.309208,-0.704938,-0.01281221,-0.9657773,-0.2473737,0.4721796,0.6378846,0.2321347,-0.09291507,0.6350488,0.05293224,-0.06403542,1.199142,0.07749497,0.01778294,-0.9623033,-0.1587976,0.1359646,1.248254,-0.8116553,0,0,0,0,-0.7071068,0,0,0,0,0,-0.7071068,0,0,0,0,0,-0.7071068,0,0,0,0,0,-0.7071068,0,0,0,0,0,-0.7071068,0
4.076678,7,0,1,0.1231592,1.304746,-0.7071901,-0.01168694,-0.966315,-0.2451538,0.4722122,0.6377957,0.232136,-0.09269922,0.63525,0.05285714,-0.06401898,1.198949,0.0765311,0.01853414,-0.9628475,-0.1559437,0.135981,1.242287,-0.81454,0,0,0,0,-0.7071068,0,0,0,0,0,-0.7071068,0,0,0,0,0,-0.7071068,0,0,0,0,0,-0.7071068,0,0,0,0,0,-0.7071068,0
4.098202,7,0,1,0.1257789,1.295995,-0.7111452,-0.01230957,-0.9672213,-0.241392,0.4721201,0.6377968,0.2323743,-0.0925785,0.6352555,0.05361415,-0.06396174,1.198632,0.07459585,0.01948732,-0.9637773,-0.1508769,0.1360383,1.230526,-0.8201357,0,0,0,0,-0.7071068,0,0,0,0,0,-0.7071068,0,0,0,0,0,-0.7071068,0,0,0,0,0,-0.7071068,0,0,0,0,0,-0.7071068,0
4.109913,7,0,1,0.1272523,1.291441,-0.7134047,-0.01263966,-0.9677685,-0.2391818,0.4720735,0.637748,0.2325896,-0.09251698,0.6352594,0.05381279,-0.06387372,1.198429,0.07366853,0.01976284,-0.9642251,-0.1485491,0.1361263,1.224506,-0.8228497,0,0,0,0,-0.7071068,0,0,0,0,0,-0.7071068,0,0,0,0,0,-0.7071068,0,0,0,0,0,-0.7071068,0,0,0,0,0,-0.7071068,0
4.131625,7,0,1,0.1295598,1.282395,-0.7174247,-0.01398943,-0.9688214,-0.2347322,0.4718139,0.637761,0.2328237,-0.09254509,0.6350679,0.05447676,-0.06365252,1.197971,0.07187843,0.01981752,-0.9652283,-0.1435659,0.1363475,1.212464,-0.8280501,0,0,0,0,-0.7071068,0,0,0,0,0,-0.7071068,0,0,0,0,0,-0.7071068,0,0,0,0,0,-0.7071068,0,0,0,0,0,-0.7071068,0
4.142738,7,0,1,0.1305455,1.277789,-0.7193606,-0.01540324,-0.9695639,-0.2314026,0.4716999,0.6377892,0.2329697,-0.09259095,0.6349016,0.05487577,-0.06351101,1.197702,0.07105611,0.01960872,-0.9657323,-0.1411513,0.136489,1.206308,-0.8305312,0,0,0,0,-0.7071068,0,0,0,0,0,-0.7071068,0,0,0,0,0,-0.7071068,0,0,0,0,0,-0.7071068,0,0,0,0,0,-0.7071068,0
4.164876,7,0,1,0.1327501,1.268487,-0.7232686,-0.01896045,-0.9709505,-0.2252359,0.4716167,0.6378956,0.2332648,-0.09253637,0.6345474,0.05525273,-0.06306747,1.197167,0.06958555,0.01920274,-0.966748,-0.1357173,0.1369325,1.194157,-0.8351296,0,0,0,0,-0.7071068,0,0,0,0,0,-0.7071068,0,0,0,0,0,-0.7071068,0,0,0,0,0,-0.7071068,0,0,0,0,0,-0.7071068,0
4.176428,7,0,1,0.1336498,1.264021,-0.7249141,-0.02051876,-0.9715455,-0.2225492,0.4715711,0.6379458,0.2335695,-0.09235101,0.6344428,0.05548739,-0.06275751,1.196796,0.06889656,0.01908238,-0.9672546,-0.1328424,0.1372425,1.187909,-0.8373281,0,0,0,0,-0.7071068,0,0,0,0,0,-0.7071068,0,0,0,0,0,-0.7071068,0,0,0,0,0,-0.7071068,0,0,0,0,0,-0.7071068,0
4.198164,7,0,1,0.1355123,1.255683,-0.7278672,-0.02042307,-0.9723363,-0.2187049,0.4715035,0.6379678,0.2338926,-0.09170608,0.6341966,0.05616538,-0.06209634,1.19593,0.06751864,0.01893285,-0.9682698,-0.1264149,0.1379037,1.175292,-0.841579,0,0,0,0,-0.7071068,0,0,0,0,0,-0.7071068,0,0,0,0,0,-0.7071068,0,0,0,0,0,-0.7071068,0,0,0,0,0,-0.7071068,0
4.209633,7,0,1,0.1364419,1.25132,-0.7298296,-0.02103402,-0.9728304,-0.2162994,0.4715267,0.6378919,0.233894,-0.091226,0.6341846,0.05660404,-0.061693,1.195489,0.06693264,0.01878057,-0.968727,-0.123265,0.138307,1.168987,-0.8435267,0,0,0,0,-0.7071068,0,0,0,0,0,-0.7071068,0,0,0,0,0,-0.7071068,0,0,0,0,0,-0.7071068,0,0,0,0,0,-0.7071068,0
4.231466,7,0,1,0.13818,1.242832,-0.7326596,-0.02463517,-0.9738021,-0.2113192,0.4715425,0.6378998,0.2340609,-0.09018028,0.6340327,0.0575466,-0.06097957,1.194604,0.06573121,0.01861111,-0.9694347,-0.1176299,0.1390204,1.156248,-0.8473358,0,0,0,0,-0.7071068,0,0,0,0,0,-0.7071068,0,0,0,0,0,-0.7071068,0,0,0,0,0,-0.7071068,0,0,0,0,0,-0.7071068,0
4.24292,7,0,1,0.1390829,1.238598,-0.7339955,-0.02647057,-0.9742163,-0.2089898,0.4715823,0.6378973,0.2340682,-0.08980175,0.6339875,0.05800671,-0.06047295,1.194186,0.06504947,0.01859578,-0.9697734,-0.1148196,0.1395271,1.149968,-0.8492358,0,0,0,0,-0.7071068,0,0,0,0,0,-0.7071068,0,0,0,0,0,-0.7071068,0,0,0,0,0,-0.7071068,0,0,0,0,0,-0.7071068,0
4.264787,7,0,1,0.1406431,1.230369,-0.73665,-0.02792694,-0.975127,-0.2041825,0.4715368,0.6376711,0.2342289,-0.08912272,0.6339195,0.05869512,-0.05966558,1.19328,0.06394034,0.01869147,-0.9704555,-0.1090483,0.1403344,1.137221,-0.8526633,0,0,0,0,-0.7071068,0,0,0,0,0,-0.7071068,0,0,0,0,0,-0.7071068,0,0,0,0,0,-0.7071068,0,0,0,0,0,-0.7071068,0
4.276184,7,0,1,0.1412084,1.226336,-0.7378295,-0.02777397,-0.9756034,-0.2018685,0.4715058,0.6377139,0.2342728,-0.08891842,0.6339366,0.05912325,-0.05923903,1.192754,0.06340529,0.01856426,-0.970789,-0.1061619,0.140761,1.130725,-0.8542951,0,0,0,0,-0.7071068,0,0,0,0,0,-0.7071068,0,0,0,0,0,-0.7071068,0,0,0,0,0,-0.7071068,0,0,0,0,0,-0.7071068,0
4.298178,7,0,1,0.1423944,1.218287,-0.7401686,-0.02931693,-0.9763787,-0.1977956,0.4715323,0.6378435,0.2342156,-0.08887385,0.6340043,0.05961565,-0.05836411,1.191859,0.06230033,0.01805028,-0.9714388,-0.1002402,0.1416359,1.117925,-0.8574446,0,0,0,0,-0.7071068,0,0,0,0,0,-0.7071068,0,0,0,0,0,-0.7071068,0,0,0,0,0,-0.7071068,0,0,0,0,0,-0.7071068,0
4.309581,7,0,1,0.1431975,1.214387,-0.7418521,-0.03076755,-0.9768016,-0.195485,0.471556,0.6378821,0.234163,-0.08896123,0.6340128,0.05969998,-0.05795747,1.191472,0.06181606,0.01795639,-0.971716,-0.09760024,0.1420425,1.11152,-0.8588904,0,0,0,0,-0.7071068,0,0,0,0,0,-0.7071068,0,0,0,0,0,-0.7071068,0,0,0,0,0,-0.7071068,0,0,0,0,0,-0.7071068,0
4.320777,7,0,1,0.1436784,1.210445,-0.74294,-0.03148932,-0.9772511,-0.1932127,0.4715667,0.6379093,0.2340001,-0.0893288,0.6341431,0.05947817,-0.05752013,1.191128,0.06131418,0.01790652,-0.9719312,-0.09524924,0.1424799,1.10504,-0.860323,0,0,0,0,-0.7071068,0,0,0,0,0,-0.7071068,0,0,0,0,0,-0.7071068,0,0,0,0,0,-0.7071068,0,0,0,0,0,-0.7071068,0
4.342894,7,0,1,0.1447764,1.202548,-0.74539,-0.03345077,-0.978166,-0.188361,0.4715914,0.6379554,0.2338502,-0.08956453,0.6343939,0.05948268,-0.05652881,1.190485,0.06028799,0.01757304,-0.9722455,-0.09083646,0.1434712,1.09263,-0.8629948,0,0,0,0,-0.7071068,0,0,0,0,0,-0.7071068,0,0,0,0,0,-0.7071068,0,0,0,0,0,-0.7071068,0,0,0,0,0,-0.7071068,0
4.364787,7,0,1,0.1459866,1.194435,-0.7474011,-0.03653353,-0.9789052,-0.18363,0.4715802,0.6378546,0.2337075,-0.08946544,0.6344572,0.05953157,-0.05563069,1.189791,0.05927763,0.01739473,-0.9725479,-0.08623409,0.1443693,1.079883,-0.8655019,0,0,0,0,-0.7071068,0,0,0,0,0,-0.7071068,0,0,0,0,0,-0.7071068,0,0,0,0,0,-0.7071068,0,0,0,0,0,-0.7071068,0
4.376089,7,0,1,0.1465392,1.190393,-0.7483972,-0.03632819,-0.9794133,-0.1808088,0.4715854,0.6377846,0.2337782,-0.08911487,0.6344341,0.05966478,-0.05516819,1.189404,0.05874969,0.01725226,-0.9727288,-0.08367086,0.1448318,1.073514,-0.8667021,0,0,0,0,-0.7071068,0,0,0,0,0,-0.7071068,0,0,0,0,0,-0.7071068,0,0,0,0,0,-0.7071068,0,0,0,0,0,-0.7071068,0
4.398213,7,0,1,0.147478,1.182132,-0.7506653,-0.03427712,-0.9805048,-0.1749289,0.4714631,0.6378002,0.2341026,-0.08847479,0.6344175,0.06008143,-0.05432738,1.188591,0.05755997,0.01645682,-0.9731345,-0.07843079,0.1456726,1.060698,-0.8690999,0,0,0,0,-0.7071068,0,0,0,0,0,-0.7071068,0,0,0,0,0,-0.7071068,0,0,0,0,0,-0.7071068,0,0,0,0,0,-0.7071068,0
4.40942,7,0,1,0.1479968,1.178111,-0.7517859,-0.03415232,-0.9809678,-0.1721593,0.471359,0.6376975,0.2341907,-0.08807637,0.6343653,0.06034087,-0.05387801,1.188158,0.05698921,0.01615867,-0.9733174,-0.07586598,0.146122,1.05416,-0.8702132,0,0,0,0,-0.7071068,0,0,0,0,0,-0.7071068,0,0,0,0,0,-0.7071068,0,0,0,0,0,-0.7071068,0,0,0,0,0,-0.7071068,0
4.431379,7,0,1,0.1491721,1.16969,-0.7540108,-0.03678751,-0.9815302,-0.1677021,0.4714262,0.6377969,0.2343585,-0.08749048,0.6343137,0.06093127,-0.05296483,1.1873,0.05584439,0.015726,-0.9736051,-0.07055593,0.1470352,1.041221,-0.8722895,0,0,0,0,-0.7071068,0,0,0,0,0,-0.7071068,0,0,0,0,0,-0.7071068,0,0,0,0,0,-0.7071068,0,0,0,0,0,-0.7071068,0
4.442765,7,0,1,0.1496548,1.165525,-0.7549356,-0.03821264,-0.9817445,-0.1660324,0.4713556,0.6378492,0.2344271,-0.08734159,0.6342812,0.0611462,-0.05252218,1.186906,0.05532025,0.01562464,-0.9737419,-0.06759115,0.1474778,1.034906,-0.8732014,0,0,0,0,-0.7071068,0,0,0,0,0,-0.7071068,0,0,0,0,0,-0.7071068,0,0,0,0,0,-0.7071068,0,0,0,0,0,-0.7071068,0
4.464764,8,0,1,0.150564,1.156978,-0.7571083,-0.04070896,-0.9821937,-0.1624204,0.4712239,0.6378776,0.2345874,-0.08692505,0.6342161,0.06160789,-0.05148347,1.18596,0.05415148,0.01514899,-0.9740078,-0.06198952,0.1485165,1.021863,-0.8750218,0,0,0,0,-0.7071068,0,0,0,0,0,-0.7071068,0,0,0,0,0,-0.7071068,0,0,0,0,0,-0.7071068,0,0,0,0,0,-0.7071068,0
4.476076,8,0,1,0.1510719,1.152466,-0.7581741,-0.04347555,-0.9825672,-0.1595602,0.4711913,0.6378847,0.234665,-0.08668542,0.6341941,0.06186518,-0.05095729,1.185496,0.05349722,0.01489992,-0.9740884,-0.05922589,0.1490427,1.015349,-0.8759313,0,0,0,0,-0.7071068,0,0,0,0,0,-0.7071068,0,0,0,0,0,-0.7071068,0,0,0,0,0,-0.7071068,0,0,0,0,0,-0.7071068,0
4.498195,8,0,1,0.1516076,1.143536,-0.7604858,-0.04606088,-0.9833745,-0.1545654,0.4710421,0.6379364,0.234861,-0.08639184,0.6341844,0.06230344,-0.04983313,1.184543,0.05203825,0.0149437,-0.974231,-0.05322789,0.1501669,1.002262,-0.8777604,0,0,0,0,-0.7071068,0,0,0,0,0,-0.7071068,0,0,0,0,0,-0.7071068,0,0,0,0,0,-0.7071068,0,0,0,0,0,-0.7071068,0
4.509525,8,0,1,0.1519348,1.139143,-0.761638,-0.04598088,-0.9837531,-0.1524164,0.4709404,0.6379222,0.2350183,-0.08630753,0.6341568,0.0625204,-0.04923779,1.183984,0.05128601,0.01495465,-0.9742794,-0.04995504,0.1507622,0.9956483,-0.8786268,0,0,0,0,-0.7071068,0,0,0,0,0,-0.7071068,0,0,0,0,0,-0.7071068,0,0,0,0,0,-0.7071068,0,0,0,0,0,-0.7071068,0
4.531572,8,0,1,0.1526085,1.129679,-0.763815,-0.04642971,-0.9845313,-0.1468785,0.4708536,0.6380407,0.2351621,-0.08588587,0.6341169,0.06323402,-0.04786266,1.182848,0.04960623,0.01482196,-0.9743506,-0.04286916,0.1521373,0.9824778,-0.8803936,0,0,0,0,-0.7071068,0,0,0,0,0,-0.7071068,0,0,0,0,0,-0.7071068,0,0,0,0,0,-0.7071068,0,0,0,0,0,-0.7071068,0
4.54276,8,0,1,0.1530719,1.124667,-0.76481,-0.04806867,-0.9848998,-0.1434642,0.4708025,0.6380745,0.2352785,-0.0856392,0.6340903,0.06358666,-0.04719324,1.182282,0.04860967,0.01463204,-0.9743358,-0.0392992,0.1528068,0.9757806,-0.8813632,0,0,0,0,-0.7071068,0,0,0,0,0,-0.7071068,0,0,0,0,0,-0.7071068,0,0,0,0,0,-0.7071068,0,0,0,0,0,-0.7071068,0
4.564889,8,0,1,0.1538775,1.114967,-0.7668921,-0.05147468,-0.9854785,-0.1380189,0.4706652,0.6381149,0.2356585,-0.08534051,0.6341265,0.06395903,-0.04569332,1.181166,0.04645256,0.01436441,-0.9743619,-0.03170625,0.1543067,0.962728,-0.8833295,0,0,0,0,-0.7071068,0,0,0,0,0,-0.7071068,0,0,0,0,0,-0.7071068,0,0,0,0,0,-0.7071068,0,0,0,0,0,-0.7071068,0
4.576109,8,0,1,0.1541757,1.110203,-0.7678832,-0.05261733,-0.985763,-0.1355123,0.4705601,0.6378636,0.2356047,-0.0851331,0.634265,0.0642416,-0.04502274,1.180582,0.04513941,0.01447068,-0.9743958,-0.02746179,0.1549773,0.9559509,-0.8844716,0,0,0,0,-0.7071068,0,0,0,0,0,-0.7071068,0,0,0,0,0,-0.7071068,0,0,0,0,0,-0.7071068,0,0,0,0,0,-0.7071068,0
4.597988,8,0,1,0.1546903,1.100445,-0.7697674,-0.05430121,-0.9864075,-0.1302629,0.4705574,0.637759,0.2356612,-0.08435858,0.6345989,0.06442707,-0.0438096,1.179258,0.04209405,0.01577106,-0.9747177,-0.01799146,0.1561904,0.9426762,-0.8870476,0,0,0,0,-0.7071068,0,0,0,0,0,-0.7071068,0,0,0,0,0,-0.7071068,0,0,0,0,0,-0.7071068,0,0,0,0,0,-0.7071068,0
4.609446,8,0,1,0.1549212,1.09552,-0.7705919,-0.05443694,-0.9867396,-0.1277507,0.4705291,0.6378471,0.2356163,-0.08403439,0.6346,0.06454209,-0.04342809,1.178356,0.04051924,0.01724517,-0.9749568,-0.01259225,0.1565719,0.9357285,-0.888315,0,0,0,0,-0.7071068,0,0,0,0,0,-0.7071068,0,0,0,0,0,-0.7071068,0,0,0,0,0,-0.7071068,0,0,0,0,0,-0.7071068,0
4.620871,8,0,1,0.1550691,1.090509,-0.7714239,-0.0535888,-0.9871281,-0.125229,0.4705251,0.6379367,0.2354885,-0.08365431,0.6347237,0.06506512,-0.04303557,1.177341,0.03876933,0.0198179,-0.9753309,-0.006204163,0.1569644,0.9284875,-0.8896993,0,0,0,0,-0.7071068,0,0,0,0,0,-0.7071068,0,0,0,0,0,-0.7071068,0,0,0,0,0,-0.7071068,0,0,0,0,0,-0.7071068,0
4.642696,8,0,1,0.1554935,1.080163,-0.7732459,-0.05338243,-0.987885,-0.1192012,0.4704491,0.6378992,0.2354842,-0.08339717,0.6348661,0.06596204,-0.04239838,1.175068,0.03543599,0.02597938,-0.9761838,0.007441872,0.1576016,0.9143194,-0.8921947,0,0,0,0,-0.7071068,0,0,0,0,0,-0.7071068,0,0,0,0,0,-0.7071068,0,0,0,0,0,-0.7071068,0,0,0,0,0,-0.7071068,0
4.664727,8,0,1,0.1558678,1.069065,-0.7751139,-0.05754631,-0.9885747,-0.1119508,0.4704628,0.6379828,0.2355898,-0.08338885,0.6349286,0.06680974,-0.04179977,1.172882,0.03199774,0.03060668,-0.9769753,0.02062435,0.1582002,0.9001098,-0.8946001,0,0,0,0,-0.7071068,0,0,0,0,0,-0.7071068,0,0,0,0,0,-0.7071068,0,0,0,0,0,-0.7071068,0,0,0,0,0,-0.7071068,0
4.676105,8,0,1,0.1561955,1.063725,-0.7758085,-0.05863255,-0.9888995,-0.1088204,0.4704594,0.6379695,0.2356821,-0.08329544,0.6349053,0.06727769,-0.04155718,1.171842,0.03024682,0.03192638,-0.9772811,0.02671738,0.1584428,0.8930042,-0.8957586,0,0,0,0,-0.7071068,0,0,0,0,0,-0.7071068,0,0,0,0,0,-0.7071068,0,0,0,0,0,-0.7071068,0,0,0,0,0,-0.7071068,0
4.697923,8,0,1,0.1565738,1.052589,-0.7771877,-0.0595277,-0.9895378,-0.1024798,0.4703178,0.6381018,0.235976,-0.08267063,0.6350161,0.06849365,-0.04111176,1.169749,0.02681058,0.03435515,-0.9776861,0.03854497,0.1588883,0.8789809,-0.89789,0,0,0,0,-0.7071068,0,0,0,0,0,-0.7071068,0,0,0,0,0,-0.7071068,0,0,0,0,0,-0.7071068,0,0,0,0,0,-0.7071068,0
4.709563,8,0,1,0.1567872,1.046884,-0.7778198,-0.06148503,-0.9897979,-0.09900672,0.4703474,0.6380063,0.2361136,-0.08227067,0.635133,0.06899472,-0.04085526,1.168705,0.02513611,0.035786,-0.9778452,0.04402933,0.1591447,0.8719145,-0.8988352,0,0,0,0,-0.7071068,0,0,0,0,0,-0.7071068,0,0,0,0,0,-0.7071068,0,0,0,0,0,-0.7071068,0,0,0,0,0,-0.7071068,0
4.731308,8,0,1,0.1573236,1.035124,-0.7786914,-0.06808306,-0.9901737,-0.09145179,0.4706176,0.6382196,0.2364487,-0.08109679,0.6344306,0.07026481,-0.04029895,1.166704,0.02190777,0.03906475,-0.9780583,0.05441372,0.159701,0.8577754,-0.9004487,0,0,0,0,-0.7071068,0,0,0,0,0,-0.7071068,0,0,0,0,0,-0.7071068,0,0,0,0,0,-0.7071068,0,0,0,0,0,-0.7071068,0
4.742548,8,0,1,0.1575838,1.029468,-0.7790715,-0.06972659,-0.9904032,-0.08808509,0.4703739,0.6380076,0.2364101,-0.08093917,0.6343414,0.07043827,-0.04007141,1.165782,0.02032384,0.04064747,-0.9781036,0.05924725,0.1599286,0.8509902,-0.9011829,0,0,0,0,-0.7071068,0,0,0,0,0,-0.7071068,0,0,0,0,0,-0.7071068,0,0,0,0,0,-0.7071068,0,0,0,0,0,-0.7071068,0
4.764546,8,0,1,0.1584716,1.018475,-0.780172,-0.06671044,-0.9911183,-0.0817097,0.4701714,0.6378502,0.2362362,-0.08126248,0.6346408,0.06979696,-0.0395868,1.164091,0.01750371,0.04286413,-0.9782001,0.06798268,0.1604132,0.8373728,-0.9021342,0,0,0,0,-0.7071068,0,0,0,0,0,-0.7071068,0,0,0,0,0,-0.7071068,0,0,0,0,0,-0.7071068,0,0,0,0,0,-0.7071068,0
4.776031,8,0,1,0.159104,1.012903,-0.780531,-0.06676383,-0.9913592,-0.0780993,0.4701525,0.6378267,0.2361613,-0.08152686,0.6346958,0.06957519,-0.03933121,1.163269,0.01617916,0.0436168,-0.9781928,0.07231362,0.1606688,0.8306157,-0.902458,0,0,0,0,-0.7071068,0,0,0,0,0,-0.7071068,0,0,0,0,0,-0.7071068,0,0,0,0,0,-0.7071068,0,0,0,0,0,-0.7071068,0
4.798,8,0,1,0.1601212,1.001334,-0.7811941,-0.06825437,-0.9917368,-0.07042777,0.4700902,0.6378809,0.2360283,-0.08201434,0.6351765,0.06911641,-0.0388655,1.161711,0.01374143,0.04454023,-0.9781246,0.07988387,0.1611345,0.816984,-0.9027141,0,0,0,0,-0.7071068,0,0,0,0,0,-0.7071068,0,0,0,0,0,-0.7071068,0,0,0,0,0,-0.7071068,0,0,0,0,0,-0.7071068,0
4.809292,8,0,1,0.160588,0.9957104,-0.7814032,-0.06867013,-0.9918904,-0.06725181,0.4700426,0.6380811,0.2357739,-0.08221246,0.6355807,0.06906168,-0.03861326,1.161001,0.01258875,0.04506668,-0.978053,0.08345021,0.1613867,0.8104432,-0.9027427,0,0,0,0,-0.7071068,0,0,0,0,0,-0.7071068,0,0,0,0,0,-0.7071068,0,0,0,0,0,-0.7071068,0,0,0,0,0,-0.7071068,0
4.831193,8,0,1,0.1614968,0.9846619,-0.7816662,-0.06783286,-0.9921762,-0.0618055,0.4699099,0.6381961,0.2356479,-0.0832576,0.6361734,0.06830212,-0.03822747,1.159662,0.01047225,0.04570261,-0.9778986,0.08985623,0.1617725,0.7973306,-0.9024488,0,0,0,0,-0.7071068,0,0,0,0,0,-0.7071068,0,0,0,0,0,-0.7071068,0,0,0,0,0,-0.7071068,0,0,0,0,0,-0.7071068,0
4.842622,8,0,1,0.1619142,0.9791161,-0.781793,-0.06697471,-0.9923074,-0.0591052,0.469827,0.6382254,0.2355462,-0.08377049,0.6363681,0.06798231,-0.03799099,1.159013,0.009404562,0.04577804,-0.9777763,0.09275661,0.162009,0.7907712,-0.9022349,0,0,0,0,-0.7071068,0,0,0,0,0,-0.7071068,0,0,0,0,0,-0.7071068,0,0,0,0,0,-0.7071068,0,0,0,0,0,-0.7071068,0
4.864642,8,0,1,0.1628002,0.9676343,-0.782555,-0.06884606,-0.992357,-0.0530593,0.4696018,0.6382101,0.2355579,-0.08488063,0.6367682,0.06736109,-0.03748793,1.157932,0.007428959,0.04547907,-0.9775859,0.09822319,0.1625121,0.7778262,-0.9014927,0,0,0,0,-0.7071068,0,0,0,0,0,-0.7071068,0,0,0,0,0,-0.7071068,0,0,0,0,0,-0.7071068,0,0,0,0,0,-0.7071068,0
4.876007,8,0,0,0.1629678,0.9620177,-0.7826992,-0.06999005,-0.9923774,-0.05032082,0.469461,0.6382445,0.2355407,-0.08536867,0.6368775,0.06723311,-0.03720824,1.157448,0.006534286,0.04528441,-0.9774567,0.1007408,0.1627918,0.771477,-0.9009713,0,0,0,0,-0.7071068,0,0,0,0,0,-0.7071068,0,0,0,0,0,-0.7071068,0,0,0,0,0,-0.7071068,0,0,0,0,0,-0.7071068,0
4.897845,8,0,0,0.1626268,0.9507061,-0.7831088,-0.07224065,-0.9924699,-0.04583252,0.4691476,0.6384033,0.2355727,-0.08593622,0.6371712,0.06709859,-0.03658732,1.15643,0.004750431,0.045236,-0.9771965,0.1050682,0.1634127,0.7587876,-0.899794,0,0,0,0,-0.7071068,0,0,0,0,0,-0.7071068,0,0,0,0,0,-0.7071068,0,0,0,0,0,-0.7071068,0,0,0,0,0,-0.7071068,0
4.909567,8,0,0,0.1624391,0.9452143,-0.7833027,-0.07303957,-0.9925398,-0.04388341,0.4689881,0.6385016,0.2356299,-0.08622153,0.6373881,0.06699942,-0.03626502,1.156008,0.003951959,0.04528752,-0.9770435,0.1073579,0.163735,0.7525385,-0.899042,0,0,0,0,-0.7071068,0,0,0,0,0,-0.7071068,0,0,0,0,0,-0.7071068,0,0,0,0,0,-0.7071068,0,0,0,0,0,-0.7071068,0
4.93126,8,0,0,0.1619958,0.9347012,-0.7836853,-0.07559066,-0.9926424,-0.04089583,0.468693,0.6385931,0.235695,-0.08675022,0.6377858,0.06735909,-0.03554451,1.155139,0.002452541,0.04508824,-0.9766663,0.1113401,0.1644555,0.7399117,-0.8972654,0,0,0,0,-0.7071068,0,0,0,0,0,-0.7071068,0,0,0,0,0,-0.7071068,0,0,0,0,0,-0.7071068,0,0,0,0,0,-0.7071068,0
4.942627,8,0,0,0.1615704,0.929279,-0.783867,-0.0760974,-0.9927673,-0.03940415,0.4685635,0.6386336,0.2356959,-0.08689925,0.6380049,0.06765856,-0.03517086,1.154721,0.001756396,0.0445409,-0.976458,0.1130891,0.1648291,0.7337516,-0.8962893,0,0,0,0,-0.7071068,0,0,0,0,0,-0.7071068,0,0,0,0,0,-0.7071068,0,0,0,0,0,-0.7071068,0,0,0,0,0,-0.7071068,0
4.964545,8,0,0,0.1608662,0.9175709,-0.7841331,-0.07625479,-0.9930199,-0.03400399,0.4683543,0.6387898,0.2356476,-0.08715218,0.6383166,0.06864896,-0.03438897,1.153981,0.0003279969,0.04296308,-0.9759378,0.116943,0.165611,0.721486,-0.8942162,0,0,0,0,-0.7071068,0,0,0,0,0,-0.7071068,0,0,0,0,0,-0.7071068,0,0,0,0,0,-0.7071068,0,0,0,0,0,-0.7071068,0
4.975842,8,0,0,0.1607313,0.9114703,-0.7839946,-0.07626869,-0.9931171,-0.03038486,0.4682406,0.6388173,0.2356453,-0.08714236,0.6383974,0.06919926,-0.03398781,1.153585,-0.0002698414,0.04207484,-0.9755856,0.1189737,0.1660122,0.7153029,-0.8929821,0,0,0,0,-0.7071068,0,0,0,0,0,-0.7071068,0,0,0,0,0,-0.7071068,0,0,0,0,0,-0.7071068,0,0,0,0,0,-0.7071068,0
4.997824,8,0,0,0.1607367,0.8991156,-0.7838038,-0.0791831,-0.9929782,-0.02234918,0.4682818,0.6391085,0.2357996,-0.0873035,0.6380839,0.06967627,-0.03314355,1.152885,-0.001468837,0.04078274,-0.9749032,0.122913,0.1668565,0.7031239,-0.8903999,0,0,0,0,-0.7071068,0,0,0,0,0,-0.7071068,0,0,0,0,0,-0.7071068,0,0,0,0,0,-0.7071068,0,0,0,0,0,-0.7071068,0
5.009426,8,0,0,0.1608251,0.8928887,-0.7834727,-0.08150932,-0.9928015,-0.01844928,0.4682907,0.6391506,0.2355743,-0.08747688,0.6382201,0.06935693,-0.0327212,1.152488,-0.002036156,0.04045209,-0.9745848,0.1246567,0.1672788,0.6970246,-0.8890154,0,0,0,0,-0.7071068,0,0,0,0,0,-0.7071068,0,0,0,0,0,-0.7071068,0,0,0,0,0,-0.7071068,0,0,0,0,0,-0.7071068,0
5.031136,8,0,0,0.1610695,0.881013,-0.7828008,-0.08419295,-0.9925596,-0.01111309,0.468267,0.6390342,0.2356808,-0.08745581,0.6379642,0.06894052,-0.03194312,1.151879,-0.003103169,0.03985354,-0.9740002,0.1278295,0.1680569,0.6849026,-0.8859905,0,0,0,0,-0.7071068,0,0,0,0,0,-0.7071068,0,0,0,0,0,-0.7071068,0,0,0,0,0,-0.7071068,0,0,0,0,0,-0.7071068,0
5.04256,8,0,0,0.1610707,0.8751397,-0.7822698,-0.08339214,-0.9926025,-0.007566627,0.4683346,0.6390177,0.2355101,-0.08780822,0.6381478,0.06832969,-0.03154892,1.151572,-0.003655137,0.03963571,-0.9736943,0.129475,0.1684511,0.6790484,-0.8844978,0,0,0,0,-0.7071068,0,0,0,0,0,-0.7071068,0,0,0,0,0,-0.7071068,0,0,0,0,0,-0.7071068,0,0,0,0,0,-0.7071068,0
5.064505,8,0,0,0.1612959,0.863379,-0.7814676,-0.08404159,-0.9924377,-0.0002707466,0.4683565,0.6389495,0.235237,-0.08827398,0.6384797,0.06757451,-0.0309424,1.151,-0.004761355,0.0386948,-0.9731289,0.1323748,0.1690576,0.6671601,-0.8812836,0,0,0,0,-0.7071068,0,0,0,0,0,-0.7071068,0,0,0,0,0,-0.7071068,0,0,0,0,0,-0.7071068,0,0,0,0,0,-0.7071068,0
5.075973,8,0,0,0.1614862,0.8576826,-0.780934,-0.08557521,-0.9922364,0.002954978,0.4684261,0.638954,0.2350543,-0.0887096,0.6386475,0.06699137,-0.03065124,1.150697,-0.005208597,0.0382782,-0.9728824,0.1339048,0.1693488,0.6612318,-0.8795081,0,0,0,0,-0.7071068,0,0,0,0,0,-0.7071068,0,0,0,0,0,-0.7071068,0,0,0,0,0,-0.7071068,0,0,0,0,0,-0.7071068,0
5.097827,8,0,0,0.1616014,0.8464823,-0.7797257,-0.08664745,-0.9919891,0.009131163,0.4684903,0.6389073,0.2347455,-0.08946275,0.6389033,0.06612209,-0.03017556,1.150158,-0.006240845,0.03753737,-0.9723963,0.1365976,0.1698245,0.6494511,-0.8759456,0,0,0,0,-0.7071068,0,0,0,0,0,-0.7071068,0,0,0,0,0,-0.7071068,0,0,0,0,0,-0.7071068,0,0,0,0,0,-0.7071068,0
5.109317,8,0,0,0.1616328,0.8409338,-0.7790769,-0.08681521,-0.9918693,0.01252912,0.4684701,0.6389618,0.2346347,-0.08971492,0.6389942,0.06573377,-0.02993179,1.149921,-0.006647192,0.037362,-0.9721626,0.1379102,0.1700682,0.643694,-0.8740211,0,0,0,0,-0.7071068,0,0,0,0,0,-0.7071068,0,0,0,0,0,-0.7071068,0,0,0,0,0,-0.7071068,0,0,0,0,0,-0.7071068,0
5.131072,8,0,0,0.1617035,0.8300036,-0.7776624,-0.08815312,-0.9915192,0.01891536,0.4685083,0.638906,0.234614,-0.09001727,0.6389339,0.06524631,-0.02951813,1.149402,-0.007544838,0.03688157,-0.9716576,0.1406967,0.1704819,0.6320441,-0.8700643,0,0,0,0,-0.7071068,0,0,0,0,0,-0.7071068,0,0,0,0,0,-0.7071068,0,0,0,0,0,-0.7071068,0,0,0,0,0,-0.7071068,0
5.142756,8,0,0,0.1617403,0.8247657,-0.776842,-0.08882187,-0.9913328,0.02181761,0.4685308,0.638888,0.234589,-0.09010424,0.638876,0.06506226,-0.02939378,1.149077,-0.00795709,0.03653696,-0.9713858,0.1421197,0.1706062,0.6262924,-0.8680348,0,0,0,0,-0.7071068,0,0,0,0,0,-0.7071068,0,0,0,0,0,-0.7071068,0,0,0,0,0,-0.7071068,0,0,0,0,0,-0.7071068,0
5.164424,8,0,0,0.1615932,0.8143275,-0.7753624,-0.08686194,-0.9912673,0.02772531,0.4685872,0.6389217,0.2346383,-0.09012004,0.6385669,0.06515255,-0.02911031,1.148463,-0.008756632,0.03545757,-0.9708059,0.1452489,0.1708897,0.6146834,-0.8637325,0,0,0,0,-0.7071068,0,0,0,0,0,-0.7071068,0,0,0,0,0,-0.7071068,0,0,0,0,0,-0.7071068,0,0,0,0,0,-0.7071068,0
5.17591,8,0,0,0.1614889,0.8091235,-0.7744642,-0.08609929,-0.9911788,0.03088651,0.4685797,0.6389633,0.2346571,-0.09017775,0.6385655,0.06521445,-0.02895035,1.148207,-0.009179186,0.0348731,-0.9705187,0.1467247,0.1710497,0.608987,-0.8615533,0,0,0,0,-0.7071068,0,0,0,0,0,-0.7071068,0,0,0,0,0,-0.7071068,0,0,0,0,0,-0.7071068,0,0,0,0,0,-0.7071068,0
5.197727,8,0,0,0.1612667,0.7984182,-0.7726699,-0.08716429,-0.9906871,0.03699413,0.4686812,0.6391183,0.2347865,-0.09001287,0.6381959,0.06552445,-0.02860826,1.147593,-0.009881025,0.03365362,-0.9699547,0.14951,0.1713917,0.5973532,-0.8568261,0,0,0,0,-0.7071068,0,0,0,0,0,-0.7071068,0,0,0,0,0,-0.7071068,0,0,0,0,0,-0.7071068,0,0,0,0,0,-0.7071068,0
5.210027,8,0,0,0.1610444,0.7930597,-0.7716132,-0.08840176,-0.9903789,0.04036356,0.4685725,0.6389909,0.234743,-0.08996054,0.6382203,0.06558128,-0.02839502,1.147481,-0.01041079,0.0329253,-0.9696519,0.1507662,0.171605,0.5920319,-0.8547133,0,0,0,0,-0.7071068,0,0,0,0,0,-0.7071068,0,0,0,0,0,-0.7071068,0,0,0,0,0,-0.7071068,0,0,0,0,0,-0.7071068,0
5.231186,8,0,0,0.1602497,0.7826637,-0.7695214,-0.08777391,-0.9901729,0.04707613,0.4683981,0.6388266,0.2347904,-0.08998965,0.6381709,0.06546354,-0.02813669,1.147005,-0.01125748,0.03150639,-0.9689908,0.1531965,0.1718633,0.5807943,-0.8499442,0,0,0,0,-0.7071068,0,0,0,0,0,-0.7071068,0,0,0,0,0,-0.7071068,0,0,0,0,0,-0.7071068,0,0,0,0,0,-0.7071068,0
5.242304,8,0,0,0.1596154,0.7775975,-0.7684072,-0.08657791,-0.9902318,0.04994033,0.4683819,0.6387999,0.234798,-0.08990464,0.6381688,0.06544058,-0.02800139,1.146734,-0.0117007,0.03090167,-0.9685981,0.1545879,0.1719986,0.5751727,-0.8475159,0,0,0,0,-0.7071068,0,0,0,0,0,-0.7071068,0,0,0,0,0,-0.7071068,0,0,0,0,0,-0.7071068,0,0,0,0,0,-0.7071068,0
5.264571,8,0,0,0.1586325,0.7675306,-0.7662736,-0.08727001,-0.9900191,0.0549977,0.4684902,0.6389233,0.2349498,-0.08966763,0.638002,0.06589556,-0.02768623,1.146006,-0.01260627,0.02986345,-0.9677021,0.1579611,0.1723138,0.5639138,-0.8426105,0,0,0,0,-0.7071068,0,0,0,0,0,-0.7071068,0,0,0,0,0,-0.7071068,0,0,0,0,0,-0.7071068,0,0,0,0,0,-0.7071068,0
5.276058,8,0,0,0.1583337,0.7623948,-0.7647578,-0.08824339,-0.9897617,0.0574979,0.4684815,0.638954,0.2349578,-0.08969157,0.6380213,0.06604078,-0.02753603,1.145581,-0.0129966,0.02946822,-0.967194,0.1600653,0.172464,0.5581465,-0.8399711,0,0,0,0,-0.7071068,0,0,0,0,0,-0.7071068,0,0,0,0,0,-0.7071068,0,0,0,0,0,-0.7071068,0,0,0,0,0,-0.7071068,0
5.297812,8,0,0,0.1579967,0.7520374,-0.7616936,-0.08752795,-0.9892772,0.06448476,0.4683578,0.6388451,0.2349906,-0.0897057,0.6379126,0.06630447,-0.02734403,1.144576,-0.01385002,0.02916793,-0.9661137,0.1644634,0.172656,0.5467591,-0.8347763,0,0,0,0,-0.7071068,0,0,0,0,0,-0.7071068,0,0,0,0,0,-0.7071068,0,0,0,0,0,-0.7071068,0,0,0,0,0,-0.7071068,0
5.309229,8,0,0,0.1578895,0.7467895,-0.7601873,-0.08663494,-0.9890169,0.06851994,0.4683327,0.6388814,0.2350665,-0.0897429,0.6378087,0.06633593,-0.02726359,1.14404,-0.01424853,0.02885849,-0.9655761,0.1667266,0.1727364,0.5410091,-0.8320554,0,0,0,0,-0.7071068,0,0,0,0,0,-0.7071068,0,0,0,0,0,-0.7071068,0,0,0,0,0,-0.7071068,0,0,0,0,0,-0.7071068,0
5.331008,8,0,0,0.1579902,0.7359296,-0.7564963,-0.08617414,-0.9881623,0.07698069,0.4684089,0.638899,0.2350251,-0.08975592,0.6377836,0.06614169,-0.02709772,1.14296,-0.01515556,0.02827404,-0.9645067,0.1712937,0.1729023,0.5296273,-0.826636,0,0,0,0,-0.7071068,0,0,0,0,0,-0.7071068,0,0,0,0,0,-0.7071068,0,0,0,0,0,-0.7071068,0,0,0,0,0,-0.7071068,0
5.34247,8,0,0,0.1580315,0.730675,-0.7545689,-0.08687204,-0.9877439,0.0802083,0.4684803,0.6388756,0.2349361,-0.08971129,0.6379127,0.06594422,-0.0270502,1.142417,-0.0155868,0.02798054,-0.9639579,0.1737607,0.1729498,0.5240266,-0.8238797,0,0,0,0,-0.7071068,0,0,0,0,0,-0.7071068,0,0,0,0,0,-0.7071068,0,0,0,0,0,-0.7071068,0,0,0,0,0,-0.7071068,0
5.364473,8,0,0,0.1579387,0.7205578,-0.75076,-0.08594646,-0.9872842,0.08545818,0.4686489,0.6387604,0.2347516,-0.08956582,0.6384079,0.06549598,-0.02694939,1.141298,-0.01643263,0.02767941,-0.9628813,0.1785238,0.1730506,0.5127074,-0.8181305,0,0,0,0,-0.7071068,0,0,0,0,0,-0.7071068,0,0,0,0,0,-0.7071068,0,0,0,0,0,-0.7071068,0,0,0,0,0,-0.7071068,0
5.375866,8,0,0,0.1578463,0.7153918,-0.7488983,-0.08512402,-0.987045,0.08837897,0.4687035,0.6387342,0.2346334,-0.08953643,0.6386496,0.06538934,-0.02692525,1.140754,-0.01686094,0.02749906,-0.9623892,0.1807349,0.1730748,0.507107,-0.8152053,0,0,0,0,-0.7071068,0,0,0,0,0,-0.7071068,0,0,0,0,0,-0.7071068,0,0,0,0,0,-0.7071068,0,0,0,0,0,-0.7071068,0
5.397777,8,0,0,0.1579004,0.7042823,-0.7445677,-0.08531,-0.986159,0.09589146,0.4687349,0.6387368,0.2344712,-0.08978882,0.6386791,0.06543587,-0.02692098,1.139729,-0.01780774,0.02747598,-0.9615154,0.1848183,0.173079,0.4959976,-0.8092922,0,0,0,0,-0.7071068,0,0,0,0,0,-0.7071068,0,0,0,0,0,-0.7071068,0,0,0,0,0,-0.7071068,0,0,0,0,0,-0.7071068,0
5.409367,8,0,0,0.1580342,0.6986108,-0.7425125,-0.086619,-0.9855192,0.09999447,0.4686636,0.6387399,0.2344534,-0.08995538,0.6387826,0.06540681,-0.02691389,1.139317,-0.01831153,0.0273474,-0.9611325,0.1865969,0.1730861,0.4907219,-0.8064044,0,0,0,0,-0.7071068,0,0,0,0,0,-0.7071068,0,0,0,0,0,-0.7071068,0,0,0,0,0,-0.7071068,0,0,0,0,0,-0.7071068,0
5.431297,8,0,0,0.1583446,0.6873087,-0.7380164,-0.08777742,-0.9844801,0.1080083,0.4686445,0.6387773,0.2344371,-0.09025484,0.6386116,0.0653483,-0.02693093,1.138515,-0.01914106,0.02701149,-0.9603467,0.1901909,0.1730691,0.4801215,-0.8002313,0,0,0,0,-0.7071068,0,0,0,0,0,-0.7071068,0,0,0,0,0,-0.7071068,0,0,0,0,0,-0.7071068,0,0,0,0,0,-0.7071068,0
5.442452,8,0,0,0.1584608,0.6818268,-0.7355261,-0.08568438,-0.9843612,0.1114453,0.4685949,0.6387861,0.2343905,-0.09026626,0.6386232,0.06532863,-0.0269212,1.138119,-0.01957764,0.02679938,-0.9599442,0.1920564,0.1730788,0.4747228,-0.7970045,0,0,0,0,-0.7071068,0,0,0,0,0,-0.7071068,0,0,0,0,0,-0.7071068,0,0,0,0,0,-0.7071068,0,0,0,0,0,-0.7071068,0
5.464319,8,0,0,0.158805,0.6705916,-0.7298411,-0.07847968,-0.9843558,0.1182489,0.4686365,0.6387994,0.2341695,-0.09043186,0.6388388,0.06497618,-0.02682411,1.137348,-0.02040431,0.02665801,-0.9591498,0.1958534,0.1731759,0.4644431,-0.7906951,0,0,0,0,-0.7071068,0,0,0,0,0,-0.7071068,0,0,0,0,0,-0.7071068,0,0,0,0,0,-0.7071068,0,0,0,0,0,-0.7071068,0
5.475889,8,0,0,0.1592307,0.664544,-0.7266777,-0.0768639,-0.9839079,0.1223532,0.4686299,0.6387993,0.2341016,-0.09056731,0.638939,0.06492557,-0.02676054,1.137039,-0.02086229,0.02640287,-0.9587616,0.1975466,0.1732395,0.45931,-0.7874458,0,0,0,0,-0.7071068,0,0,0,0,0,-0.7071068,0,0,0,0,0,-0.7071068,0,0,0,0,0,-0.7071068,0,0,0,0,0,-0.7071068,0
5.497638,8,0,0,0.1606305,0.6517655,-0.7194849,-0.07973862,-0.9821339,0.1320372,0.4686365,0.6387964,0.2339236,-0.09096989,0.6390103,0.06464003,-0.0266209,1.136574,-0.02193467,0.02542105,-0.9581231,0.1999589,0.1733791,0.4493898,-0.7810745,0,0,0,0,-0.7071068,0,0,0,0,0,-0.7071068,0,0,0,0,0,-0.7071068,0,0,0,0,0,-0.7071068,0,0,0,0,0,-0.7071068,0
5.50891,8,0,0,0.1613897,0.6450932,-0.7160342,-0.08253983,-0.980881,0.1385018,0.4686278,0.6388509,0.2339095,-0.09113441,0.6389948,0.06446547,-0.02664052,1.136357,-0.02262112,0.02485527,-0.9578283,0.2009505,0.1733595,0.4444237,-0.7779321,0,0,0,0,-0.7071068,0,0,0,0,0,-0.7071068,0,0,0,0,0,-0.7071068,0,0,0,0,0,-0.7071068,0,0,0,0,0,-0.7071068,0
5.530848,8,0,0,0.1629952,0.6321526,-0.7084573,-0.08149099,-0.9789438,0.1512241,0.4686892,0.6387894,0.2338253,-0.09110143,0.6390157,0.06412471,-0.02657954,1.135945,-0.02370771,0.02401274,-0.957244,0.2031212,0.1734205,0.4346581,-0.7712958,0,0,0,0,-0.7071068,0,0,0,0,0,-0.7071068,0,0,0,0,0,-0.7071068,0,0,0,0,0,-0.7071068,0,0,0,0,0,-0.7071068,0
5.542344,8,0,0,0.1642957,0.62602,-0.7046109,-0.07956818,-0.9780266,0.1569332,0.4687733,0.6388049,0.2336887,-0.0910257,0.6390954,0.06373376,-0.0265726,1.135595,-0.02415107,0.02381074,-0.9568853,0.2046305,0.1734274,0.4297677,-0.7679007,0,0,0,0,-0.7071068,0,0,0,0,0,-0.7071068,0,0,0,0,0,-0.7071068,0,0,0,0,0,-0.7071068,0,0,0,0,0,-0.7071068,0
5.56425,8,0,0,0.167644,0.6147436,-0.6976536,-0.08062008,-0.9759591,0.1651642,0.4688917,0.6387932,0.2334758,-0.09106389,0.6394671,0.06288918,-0.02635632,1.134887,-0.02493618,0.02374659,-0.9561099,0.20809,0.1736437,0.4198448,-0.7607107,0,0,0,0,-0.7071068,0,0,0,0,0,-0.7071068,0,0,0,0,0,-0.7071068,0,0,0,0,0,-0.7071068,0,0,0,0,0,-0.7071068,0
5.575582,8,0,0,0.1691635,0.6095295,-0.6944445,-0.08244364,-0.9749465,0.1681289,0.4689353,0.6387879,0.233363,-0.09129698,0.6395763,0.06245116,-0.02619874,1.134551,-0.02529258,0.02375985,-0.9557343,0.2098095,0.1738013,0.4150235,-0.7570927,0,0,0,0,-0.7071068,0,0,0,0,0,-0.7071068,0,0,0,0,0,-0.7071068,0,0,0,0,0,-0.7071068,0,0,0,0,0,-0.7071068,0
5.597602,8,0,0,0.1722444,0.5999358,-0.6880296,-0.08379756,-0.9733592,0.1734867,0.4690175,0.6387031,0.2333083,-0.09167004,0.6398289,0.06152534,-0.02576588,1.133955,-0.02601066,0.02349661,-0.9550676,0.2126999,0.1742341,0.4054615,-0.749678,0,0,0,0,-0.7071068,0,0,0,0,0,-0.7071068,0,0,0,0,0,-0.7071068,0,0,0,0,0,-0.7071068,0,0,0,0,0,-0.7071068,0
5.608938,8,0,0,0.1736555,0.5952591,-0.6848925,-0.08301219,-0.9727094,0.1765866,0.4689441,0.6385601,0.2332853,-0.09192997,0.6399133,0.06114065,-0.02564135,1.133788,-0.02645442,0.0232209,-0.9547215,0.2141445,0.1743587,0.400863,-0.7460073,0,0,0,0,-0.7071068,0,0,0,0,0,-0.7071068,0,0,0,0,0,-0.7071068,0,0,0,0,0,-0.7071068,0,0,0,0,0,-0.7071068,0
5.631109,8,0,0,0.1762369,0.5862838,-0.6787274,-0.07835788,-0.9719785,0.1822118,0.4688843,0.6384423,0.2333547,-0.09222,0.6400633,0.06068047,-0.02497231,1.133426,-0.02713125,0.0225668,-0.9541216,0.216404,0.1750277,0.3916822,-0.7383025,0,0,0,0,-0.7071068,0,0,0,0,0,-0.7071068,0,0,0,0,0,-0.7071068,0,0,0,0,0,-0.7071068,0,0,0,0,0,-0.7071068,0
5.65316,8,0,0,0.1782461,0.5770482,-0.6724096,-0.07629212,-0.9707134,0.1895315,0.4688621,0.6384176,0.2334659,-0.09204743,0.6400339,0.06062102,-0.02396383,1.133122,-0.02774485,0.02211805,-0.9535006,0.2183613,0.1760362,0.3827299,-0.7304365,0,0,0,0,-0.7071068,0,0,0,0,0,-0.7071068,0,0,0,0,0,-0.7071068,0,0,0,0,0,-0.7071068,0,0,0,0,0,-0.7071068,0
5.664425,8,0,0,0.1788002,0.5722009,-0.6688562,-0.07580431,-0.9700013,0.1936288,0.4688365,0.6385455,0.2336424,-0.09202624,0.6398892,0.06118228,-0.02344875,1.132927,-0.02797214,0.02189548,-0.953148,0.219379,0.1765513,0.3783278,-0.7264422,0,0,0,0,-0.7071068,0,0,0,0,0,-0.7071068,0,0,0,0,0,-0.7071068,0,0,0,0,0,-0.7071068,0,0,0,0,0,-0.7071068,0
5.675948,8,0,0,0.1795965,0.5676535,-0.6655641,-0.0748703,-0.9693096,0.1972774,0.4688006,0.6385518,0.2338013,-0.091925,0.6397491,0.0614377,-0.02293455,1.132741,-0.02820071,0.02136516,-0.9528171,0.2203542,0.1770654,0.3738475,-0.7222944,0,0,0,0,-0.7071068,0,0,0,0,0,-0.7071068,0,0,0,0,0,-0.7071068,0,0,0,0,0,-0.7071068,0,0,0,0,0,-0.7071068,0
5.697677,8,0,0,0.1812828,0.5591317,-0.6592336,-0.07014003,-0.9680323,0.2044511,0.4685949,0.6385707,0.23432,-0.09157138,0.6392971,0.062045,-0.02188977,1.13236,-0.02860793,0.01971155,-0.9521542,0.2220432,0.1781102,0.3651582,-0.7140344,0,0,0,0,-0.7071068,0,0,0,0,0,-0.7071068,0,0,0,0,0,-0.7071068,0,0,0,0,0,-0.7071068,0,0,0,0,0,-0.7071068,0
5.708842,8,0,0,0.182113,0.5548141,-0.6561809,-0.06917039,-0.9670024,0.2082436,0.4685201,0.6385257,0.2344881,-0.09125308,0.6392661,0.06231855,-0.02142294,1.132133,-0.02878134,0.01882819,-0.9518345,0.2228853,0.1785771,0.360767,-0.7097618,0,0,0,0,-0.7071068,0,0,0,0,0,-0.7071068,0,0,0,0,0,-0.7071068,0,0,0,0,0,-0.7071068,0,0,0,0,0,-0.7071068,0
5.730883,8,0,0,0.1838251,0.5463458,-0.6496432,-0.07131548,-0.9649158,0.2145803,0.4684732,0.6384263,0.2347024,-0.09079891,0.639301,0.06270364,-0.02045469,1.131615,-0.02884034,0.0171687,-0.9511708,0.2247784,0.1795453,0.3520851,-0.7008985,0,0,0,0,-0.7071068,0,0,0,0,0,-0.7071068,0,0,0,0,0,-0.7071068,0,0,0,0,0,-0.7071068,0,0,0,0,0,-0.7071068,0
5.742235,8,0,0,0.1840022,0.5420712,-0.6463848,-0.07146056,-0.9642957,0.2170883,0.4684621,0.6383979,0.2347547,-0.09059371,0.6393715,0.06288186,-0.01995012,1.131361,-0.02887169,0.01637341,-0.950817,0.2258898,0.1800499,0.347846,-0.6964722,0,0,0,0,-0.7071068,0,0,0,0,0,-0.7071068,0,0,0,0,0,-0.7071068,0,0,0,0,0,-0.7071068,0,0,0,0,0,-0.7071068,0
5.764214,8,0,0,0.1846634,0.5348872,-0.6407126,-0.0667336,-0.9636871,0.2226844,0.4684372,0.6383965,0.2349531,-0.09028524,0.6393621,0.063031,-0.01887896,1.130847,-0.02887858,0.01480078,-0.950166,0.2279803,0.181121,0.3393761,-0.6873686,0,0,0,0,-0.7071068,0,0,0,0,0,-0.7071068,0,0,0,0,0,-0.7071068,0,0,0,0,0,-0.7071068,0,0,0,0,0,-0.7071068,0
5.775915,8,0,0,0.1846724,0.5314666,-0.6379207,-0.06353859,-0.963421,0.2260104,0.4684472,0.6383878,0.2349685,-0.09018641,0.6393078,0.06313247,-0.01834539,1.130574,-0.02884655,0.01400599,-0.949824,0.2289848,0.1816546,0.3351796,-0.682737,0,0,0,0,-0.7071068,0,0,0,0,0,-0.7071068,0,0,0,0,0,-0.7071068,0,0,0,0,0,-0.7071068,0,0,0,0,0,-0.7071068,0
5.797541,8,0,0,0.1841839,0.5234752,-0.6316867,-0.05672781,-0.9626494,0.2331885,0.4684065,0.6383704,0.2350235,-0.08998448,0.6393013,0.06354786,-0.01722802,1.13003,-0.02863286,0.01257895,-0.9490878,0.2311175,0.182772,0.3269271,-0.6732714,0,0,0,0,-0.7071068,0,0,0,0,0,-0.7071068,0,0,0,0,0,-0.7071068,0,0,0,0,0,-0.7071068,0,0,0,0,0,-0.7071068,0
5.808998,8,0,0,0.183965,0.5192192,-0.6282735,-0.05552963,-0.9618167,0.2370127,0.4683363,0.6383847,0.235003,-0.09000295,0.6393393,0.063909,-0.01676469,1.129694,-0.02837463,0.01184583,-0.948704,0.2320797,0.1832353,0.3227442,-0.6682845,0,0,0,0,-0.7071068,0,0,0,0,0,-0.7071068,0,0,0,0,0,-0.7071068,0,0,0,0,0,-0.7071068,0,0,0,0,0,-0.7071068,0
5.830795,8,0,0,0.1838084,0.5102112,-0.6210261,-0.05887204,-0.959263,0.2447957,0.4681899,0.6385651,0.2350093,-0.0901362,0.6392027,0.06487089,-0.0157657,1.129269,-0.02807196,0.009981744,-0.9479878,0.2333669,0.1842343,0.3148086,-0.6585282,0,0,0,0,-0.7071068,0,0,0,0,0,-0.7071068,0,0,0,0,0,-0.7071068,0,0,0,0,0,-0.7071068,0,0,0,0,0,-0.7071068,0
5.842103,8,0,0,0.183709,0.5056127,-0.6172319,-0.06072783,-0.9581032,0.2481542,0.4681561,0.6385618,0.2350877,-0.09008007,0.6390826,0.06535729,-0.0152864,1.129086,-0.02794882,0.009302691,-0.9476489,0.2339796,0.1847136,0.3109321,-0.6536443,0,0,0,0,-0.7071068,0,0,0,0,0,-0.7071068,0,0,0,0,0,-0.7071068,0,0,0,0,0,-0.7071068,0,0,0,0,0,-0.7071068,0
5.864326,8,0,0,0.183259,0.4971328,-0.6102498,-0.06212727,-0.9563072,0.2547139,0.4681652,0.6386534,0.2350758,-0.08979712,0.6388437,0.06596931,-0.01427867,1.128763,-0.02764596,0.008474581,-0.9469824,0.2351382,0.1857213,0.3033305,-0.6437299,0,0,0,0,-0.7071068,0,0,0,0,0,-0.7071068,0,0,0,0,0,-0.7071068,0,0,0,0,0,-0.7071068,0,0,0,0,0,-0.7071068,0
5.875791,8,0,0,0.1827381,0.4927065,-0.6065679,-0.06034234,-0.9555227,0.2588724,0.4682262,0.6386303,0.2350294,-0.08964218,0.6387841,0.06604627,-0.01377568,1.128641,-0.02745995,0.008300342,-0.946651,0.2358096,0.1862243,0.2995282,-0.6385635,0,0,0,0,-0.7071068,0,0,0,0,0,-0.7071068,0,0,0,0,0,-0.7071068,0,0,0,0,0,-0.7071068,0,0,0,0,0,-0.7071068,0
5.897604,8,0,0,0.1818641,0.4837511,-0.5989831,-0.05576377,-0.9538512,0.2670146,0.4683535,0.6386021,0.2348782,-0.08943071,0.6388549,0.06606963,-0.01267156,1.12858,-0.0272326,0.008247703,-0.9460514,0.2370714,0.1873284,0.29241,-0.6285506,0,0,0,0,-0.7071068,0,0,0,0,0,-0.7071068,0,0,0,0,0,-0.7071068,0,0,0,0,0,-0.7071068,0,0,0,0,0,-0.7071068,0
5.909155,8,0,0,0.1816216,0.4792871,-0.5952079,-0.0564158,-0.9526404,0.2708392,0.4683918,0.6386402,0.2347945,-0.08929386,0.6389934,0.06603121,-0.0121998,1.128518,-0.02708465,0.00804279,-0.9458266,0.2373613,0.1878002,0.2888683,-0.6234572,0,0,0,0,-0.7071068,0,0,0,0,0,-0.7071068,0,0,0,0,0,-0.7071068,0,0,0,0,0,-0.7071068,0,0,0,0,0,-0.7071068,0
5.930941,9,0,1,0.1813204,0.4702097,-0.5872553,-0.06207386,-0.9496533,0.2783069,0.4684655,0.6386172,0.2347468,-0.0894031,0.6392403,0.06604903,-0.01132807,1.128432,-0.02673826,0.006779246,-0.9454493,0.2374654,0.1886719,0.2818959,-0.6130763,0,0,0,0,-0.7071068,0,0,0,0,0,-0.7071068,0,0,0,0,0,-0.7071068,0,0,0,0,0,-0.7071068,0,0,0,0,0,-0.7071068,0
5.942293,9,0,1,0.1811569,0.4657674,-0.5833581,-0.06492987,-0.9482278,0.2818366,0.4685214,0.6386595,0.234654,-0.08941089,0.6393552,0.06602495,-0.01087963,1.128377,-0.02655468,0.005931653,-0.9452869,0.2373951,0.1891204,0.2785183,-0.6079282,0,0,0,0,-0.7071068,0,0,0,0,0,-0.7071068,0,0,0,0,0,-0.7071068,0,0,0,0,0,-0.7071068,0,0,0,0,0,-0.7071068,0
5.964339,9,0,1,0.1806446,0.457485,-0.5760455,-0.06806896,-0.9459306,0.2883361,0.4684618,0.6387531,0.2347566,-0.08928435,0.639102,0.0664745,-0.01020806,1.128217,-0.02618568,0.004602805,-0.9448534,0.2375625,0.1897919,0.2717369,-0.5974143,0,0,0,0,-0.7071068,0,0,0,0,0,-0.7071068,0,0,0,0,0,-0.7071068,0,0,0,0,0,-0.7071068,0,0,0,0,0,-0.7071068,0
5.986494,9,0,1,0.1803491,0.4506094,-0.5699182,-0.06567796,-0.9445403,0.2944106,0.4684956,0.6387706,0.2348822,-0.08907954,0.6390097,0.06654772,-0.009280029,1.12829,-0.02609977,0.003708437,-0.9444234,0.2382814,0.19072,0.2653673,-0.5871153,0,0,0,0,-0.7071068,0,0,0,0,0,-0.7071068,0,0,0,0,0,-0.7071068,0,0,0,0,0,-0.7071068,0,0,0,0,0,-0.7071068,0
6.009073,9,0,1,0.1804286,0.443522,-0.5632413,-0.06563716,-0.9427426,0.3001322,0.4684854,0.638752,0.2349591,-0.08885554,0.6390555,0.0664371,-0.008733148,1.128115,-0.025698,0.002968237,-0.9440502,0.2389704,0.1912668,0.2589249,-0.5764278,0,0,0,0,-0.7071068,0,0,0,0,0,-0.7071068,0,0,0,0,0,-0.7071068,0,0,0,0,0,-0.7071068,0,0,0,0,0,-0.7071068,0
6.030766,9,1,1,0.1809151,0.4366308,-0.5562544,-0.06842032,-0.9402186,0.3064315,0.4684952,0.6385925,0.2349316,-0.08874667,0.6391979,0.06656814,-0.008270627,1.127931,-0.02534492,0.001881726,-0.9437137,0.2391274,0.1917294,0.252589,-0.5656189,0,0,0,0,-0.7071068,0,0,0,0,0,-0.7071068,0,0,0,0,0,-0.7071068,0,0,0,0,0,-0.7071068,0,0,0,0,0,-0.7071068,0
6.04229,9,1,1,0.181259,0.4334841,-0.5529457,-0.0692499,-0.939104,0.3093523,0.4684213,0.6384891,0.2351479,-0.08857872,0.639016,0.06679951,-0.007954277,1.127854,-0.02520879,0.001355082,-0.9435503,0.2392102,0.1920457,0.2525617,-0.5655673,0,0,0,0,-0.7071068,0,0,0,0,0,-0.7071068,0,0,0,0,0,-0.7071068,0,0,0,0,0,-0.7071068,0,0,0,0,0,-0.7071068,0
6.064283,9,1,1,0.1816388,0.427225,-0.5461778,-0.0693628,-0.9372214,0.3146198,0.4683018,0.6385058,0.2353749,-0.08829215,0.6389236,0.06724785,-0.007236247,1.127814,-0.02513441,0.0005625635,-0.9433129,0.2394702,0.1927638,0.258675,-0.5759497,0,0,0,0,-0.7071068,0,0,0,0,0,-0.7071068,0,0,0,0,0,-0.7071068,0,0,0,0,0,-0.7071068,0,0,0,0,0,-0.7071068,0
6.075563,9,1,1,0.1820205,0.4243641,-0.5429739,-0.06849131,-0.936541,0.3170376,0.4682591,0.6385269,0.2355017,-0.08807574,0.6388,0.06769986,-0.006931645,1.127765,-0.02508179,0.0002343506,-0.9432403,0.2396404,0.1930684,0.261786,-0.5811257,0,0,0,0,-0.7071068,0,0,0,0,0,-0.7071068,0,0,0,0,0,-0.7071068,0,0,0,0,0,-0.7071068,0,0,0,0,0,-0.7071068,0
6.097701,9,1,1,0.1824832,0.4191129,-0.536276,-0.0642096,-0.9357017,0.3211647,0.4681278,0.6385287,0.2358253,-0.08786206,0.6385965,0.06834836,-0.006600509,1.127488,-0.02476231,-0.0003394112,-0.9431013,0.2402922,0.1933995,0.2678557,-0.591037,0,0,0,0,-0.7071068,0,0,0,0,0,-0.7071068,0,0,0,0,0,-0.7071068,0,0,0,0,0,-0.7071068,0,0,0,0,0,-0.7071068,0
6.109136,9,1,1,0.1826741,0.4164431,-0.5326048,-0.06171623,-0.9354815,0.3225091,0.4680792,0.6385026,0.235896,-0.08775885,0.6385388,0.06865729,-0.006569765,1.127304,-0.02448978,-0.000599049,-0.9430528,0.2406519,0.1934302,0.2709733,-0.5959517,0,0,0,0,-0.7071068,0,0,0,0,0,-0.7071068,0,0,0,0,0,-0.7071068,0,0,0,0,0,-0.7071068,0,0,0,0,0,-0.7071068,0
6.130819,9,1,1,0.1832588,0.4108601,-0.5245517,-0.05757201,-0.9348673,0.324567,0.4679601,0.6386604,0.2359888,-0.08763909,0.6383631,0.06951505,-0.006165712,1.12711,-0.02423288,-0.001680993,-0.9429126,0.2414182,0.1938343,0.27732,-0.605711,0,0,0,0,-0.7071068,0,0,0,0,0,-0.7071068,0,0,0,0,0,-0.7071068,0,0,0,0,0,-0.7071068,0,0,0,0,0,-0.7071068,0
6.142158,9,1,1,0.1835569,0.4075801,-0.5198547,-0.05606145,-0.9342946,0.325662,0.4678853,0.6386156,0.2361217,-0.08743061,0.6383412,0.07010265,-0.006174879,1.126853,-0.02391983,-0.00254146,-0.9428664,0.2416348,0.1938251,0.2804368,-0.6104349,0,0,0,0,-0.7071068,0,0,0,0,0,-0.7071068,0,0,0,0,0,-0.7071068,0,0,0,0,0,-0.7071068,0,0,0,0,0,-0.7071068,0
6.164066,9,1,1,0.1835746,0.3997033,-0.5095068,-0.05836926,-0.9309347,0.3327004,0.4677495,0.6386228,0.236125,-0.08732454,0.6382219,0.07082019,-0.005706488,1.126708,-0.02388939,-0.004310392,-0.9427176,0.2418133,0.1942935,0.2871166,-0.620346,0,0,0,0,-0.7071068,0,0,0,0,0,-0.7071068,0,0,0,0,0,-0.7071068,0,0,0,0,0,-0.7071068,0,0,0,0,0,-0.7071068,0
6.175631,9,1,1,0.183267,0.3951309,-0.5038961,-0.06232816,-0.9283054,0.3382369,0.4677378,0.6386397,0.2360699,-0.08722464,0.6380926,0.07111228,-0.005518981,1.126662,-0.02383051,-0.004960723,-0.9426193,0.241798,0.194481,0.2905452,-0.625223,0,0,0,0,-0.7071068,0,0,0,0,0,-0.7071068,0,0,0,0,0,-0.7071068,0,0,0,0,0,-0.7071068,0,0,0,0,0,-0.7071068,0
6.197502,9,1,1,0.1822224,0.3864172,-0.4931685,-0.06817809,-0.9236494,0.3489617,0.4677345,0.638867,0.2359409,-0.08724528,0.6379221,0.07132364,-0.005275504,1.126391,-0.02344226,-0.005685426,-0.9424359,0.2417923,0.1947245,0.2973676,-0.6346681,0,0,0,0,-0.7071068,0,0,0,0,0,-0.7071068,0,0,0,0,0,-0.7071068,0,0,0,0,0,-0.7071068,0,0,0,0,0,-0.7071068,0
6.208833,9,1,0,0.1814287,0.3826654,-0.4887611,-0.06907867,-0.9220747,0.3529201,0.4677743,0.6390407,0.2358631,-0.08684333,0.637603,0.07185401,-0.004954721,1.126437,-0.023419,-0.005911388,-0.9423124,0.2419568,0.1950453,0.3010234,-0.6395282,0,0,0,0,-0.7071068,0,0,0,0,0,-0.7071068,0,0,0,0,0,-0.7071068,0,0,0,0,0,-0.7071068,0,0,0,0,0,-0.7071068,0
6.230734,9,1,0,0.180848,0.3758092,-0.4800887,-0.07177018,-0.9191507,0.3592268,0.467779,0.6391526,0.2354315,-0.08708388,0.637705,0.07155646,-0.004611129,1.126301,-0.02304581,-0.006390475,-0.9418823,0.2427168,0.1953889,0.3082462,-0.6488701,0,0,0,0,-0.7071068,0,0,0,0,0,-0.7071068,0,0,0,0,0,-0.7071068,0,0,0,0,0,-0.7071068,0,0,0,0,0,-0.7071068,0
6.242109,9,1,0,0.1808961,0.3730009,-0.476413,-0.07421272,-0.9179227,0.3610824,0.4677409,0.6390731,0.2354986,-0.08723594,0.6378532,0.0714044,-0.004429943,1.126257,-0.02280668,-0.006736144,-0.9415929,0.2432031,0.1955701,0.3118194,-0.6532923,0,0,0,0,-0.7071068,0,0,0,0,0,-0.7071068,0,0,0,0,0,-0.7071068,0,0,0,0,0,-0.7071068,0,0,0,0,0,-0.7071068,0
6.26407,9,1,0,0.181377,0.3683414,-0.4703229,-0.0802553,-0.9156246,0.3630029,0.4678849,0.6392611,0.235293,-0.08762812,0.6381091,0.07094776,-0.003996293,1.126351,-0.02255573,0.007167928,0.9410834,-0.2437044,0.1960037,0.3194282,-0.6624988,0,0,0,0,-0.7071068,0,0,0,0,0,-0.7071068,0,0,0,0,0,-0.7071068,0,0,0,0,0,-0.7071068,0,0,0,0,0,-0.7071068,0
6.275458,9,1,0,0.1819759,0.3668365,-0.4683743,-0.08447301,-0.9143256,0.3633565,0.4679457,0.6392764,0.2351758,-0.08790762,0.6383457,0.07050843,-0.003747883,1.12648,-0.0224541,0.007420957,0.9408354,-0.2436481,0.1962521,0.3233844,-0.6671008,0,0,0,0,-0.7071068,0,0,0,0,0,-0.7071068,0,0,0,0,0,-0.7071068,0,0,0,0,0,-0.7071068,0,0,0,0,0,-0.7071068,0
6.297377,9,1,0,0.183032,0.3649485,-0.4663456,-0.09339765,-0.9120209,0.3640048,0.4680474,0.6391064,0.2352403,-0.08804113,0.6386644,0.06969319,-0.003104765,1.126871,-0.02223927,0.007182166,0.9403327,-0.2436636,0.1968952,0.3314947,-0.676151,0,0,0,0,-0.7071068,0,0,0,0,0,-0.7071068,0,0,0,0,0,-0.7071068,0,0,0,0,0,-0.7071068,0,0,0,0,0,-0.7071068,0
6.308859,9,1,0,0.1832095,0.3651893,-0.4673532,-0.09587815,-0.9120092,0.3638781,0.4680454,0.6390705,0.2352383,-0.08791462,0.6388591,0.06954314,-0.002777183,1.127048,-0.0221452,0.006720774,0.9401041,-0.2435513,0.1972228,0.3356102,-0.6806734,0,0,0,0,-0.7071068,0,0,0,0,0,-0.7071068,0,0,0,0,0,-0.7071068,0,0,0,0,0,-0.7071068,0,0,0,0,0,-0.7071068,0
6.331052,9,1,0,0.1837672,0.3669198,-0.4698564,-0.09611604,-0.9140714,0.3615975,0.4680012,0.6388018,0.2356639,-0.0875269,0.6391992,0.0690769,-0.002251053,1.127257,-0.02180274,0.005858786,0.939731,-0.2435475,0.1977489,0.3438062,-0.6894751,0,0,0,0,-0.7071068,0,0,0,0,0,-0.7071068,0,0,0,0,0,-0.7071068,0,0,0,0,0,-0.7071068,0,0,0,0,0,-0.7071068,0
6.352942,9,1,0,0.1848523,0.3720784,-0.4770707,-0.09149091,-0.9185445,0.3543367,0.468035,0.6386098,0.2360811,-0.08714315,0.6395859,0.0687255,-0.001704571,1.12743,-0.02141359,0.005575165,0.93941,-0.2435236,0.1982954,0.3521024,-0.6980999,0,0,0,0,-0.7071068,0,0,0,0,0,-0.7071068,0,0,0,0,0,-0.7071068,0,0,0,0,0,-0.7071068,0,0,0,0,0,-0.7071068,0
6.375225,9,1,0,0.1876694,0.3810802,-0.4877467,-0.08641337,-0.9237366,0.342765,0.4680341,0.6384743,0.2366125,-0.08668418,0.6399391,0.06872615,-0.001228624,1.127596,-0.02087004,0.005856268,0.9391768,-0.2431205,0.1987714,0.3604307,-0.7063354,0,0,0,0,-0.7071068,0,0,0,0,0,-0.7071068,0,0,0,0,0,-0.7071068,0,0,0,0,0,-0.7071068,0,0,0,0,0,-0.7071068,0
6.397302,9,1,0,0.191279,0.3918653,-0.4995976,-0.08586709,-0.9281684,0.3293871,0.4678784,0.6383947,0.2370227,-0.0862808,0.6401404,0.06925298,-0.000851879,1.127591,-0.02031535,0.006753445,0.9391752,-0.2423824,0.1991481,0.3688289,-0.7145441,0,0,0,0,-0.7071068,0,0,0,0,0,-0.7071068,0,0,0,0,0,-0.7071068,0,0,0,0,0,-0.7071068,0,0,0,0,0,-0.7071068,0
6.408816,9,1,0,0.1929744,0.3973002,-0.505499,-0.08580928,-0.9302055,0.3229952,0.4677677,0.6383551,0.2371535,-0.08607724,0.6402778,0.0696181,-0.0008639871,1.127519,-0.01999509,0.007370204,0.9392521,-0.2419778,0.199136,0.372947,-0.7184927,0,0,0,0,-0.7071068,0,0,0,0,0,-0.7071068,0,0,0,0,0,-0.7071068,0,0,0,0,0,-0.7071068,0,0,0,0,0,-0.7071068,0
6.430763,9,1,0,0.1954547,0.4084404,-0.5178311,-0.08537348,-0.9344205,0.3099856,0.4675665,0.6383519,0.2374639,-0.08591446,0.6405866,0.07031714,-0.0005909158,1.127618,-0.01947383,0.008266032,0.9394808,-0.2410256,0.1994091,0.3816328,-0.7265201,0,0,0,0,-0.7071068,0,0,0,0,0,-0.7071068,0,0,0,0,0,-0.7071068,0,0,0,0,0,-0.7071068,0,0,0,0,0,-0.7071068,0
6.442374,9,1,0,0.1966942,0.4152415,-0.5250595,-0.08464967,-0.9365335,0.3039847,0.4674279,0.6384556,0.2375064,-0.08574068,0.6408052,0.07120559,-0.0003343746,1.127776,-0.01930853,0.008858643,0.9396205,-0.2406116,0.1996656,0.3861605,-0.730604,0,0,0,0,-0.7071068,0,0,0,0,0,-0.7071068,0,0,0,0,0,-0.7071068,0,0,0,0,0,-0.7071068,0,0,0,0,0,-0.7071068,0
6.463967,9,1,0,0.198474,0.4294381,-0.5400965,-0.08179586,-0.9411533,0.2918169,0.4672098,0.6386006,0.2375301,-0.08513293,0.6412642,0.07272612,-0.0002191412,1.127898,-0.01865537,0.010089,0.9400207,-0.2392441,0.1997809,0.3949998,-0.7382333,0,0,0,0,-0.7071068,0,0,0,0,0,-0.7071068,0,0,0,0,0,-0.7071068,0,0,0,0,0,-0.7071068,0,0,0,0,0,-0.7071068,0
6.475156,9,1,0,0.1993664,0.4369349,-0.5476776,-0.0803509,-0.9436026,0.2850363,0.4670552,0.6387095,0.2375722,-0.08507649,0.6411131,0.07333995,-0.0001651207,1.128022,-0.01832441,0.01059078,0.9402186,-0.2384998,0.1998349,0.3995548,-0.7420166,0,0,0,0,-0.7071068,0,0,0,0,0,-0.7071068,0,0,0,0,0,-0.7071068,0,0,0,0,0,-0.7071068,0,0,0,0,0,-0.7071068,0
6.486367,9,1,0,0.2000875,0.4450343,-0.5556538,-0.07896092,-0.9461766,0.2777446,0.4669071,0.6390208,0.2374325,-0.08511019,0.6411478,0.07449358,-0.0001813434,1.128122,-0.01793084,0.01113958,0.9404035,-0.2378229,0.1998187,0.4041505,-0.7457314,0,0,0,0,-0.7071068,0,0,0,0,0,-0.7071068,0,0,0,0,0,-0.7071068,0,0,0,0,0,-0.7071068,0,0,0,0,0,-0.7071068,0
6.508734,9,1,0,0.2015646,0.4614908,-0.571131,-0.07732876,-0.9509014,0.2628148,0.466625,0.6394446,0.2375661,-0.08509037,0.6407062,0.07651064,-0.0002047699,1.128553,-0.01715026,0.01186369,0.9408951,-0.2359,0.1997952,0.4135658,-0.7529728,0,0,0,0,-0.7071068,0,0,0,0,0,-0.7071068,0,0,0,0,0,-0.7071068,0,0,0,0,0,-0.7071068,0,0,0,0,0,-0.7071068,0
6.530847,9,1,0,0.2033343,0.4793612,-0.587689,-0.0748895,-0.9549419,0.2495478,0.4664123,0.6397234,0.2373637,-0.08543143,0.6401817,0.0770077,-0.0002434776,1.129185,-0.0162107,0.01209866,0.9415795,-0.2332911,0.1997565,0.4233572,-0.7599599,0,0,0,0,-0.7071068,0,0,0,0,0,-0.7071068,0,0,0,0,0,-0.7071068,0,0,0,0,0,-0.7071068,0,0,0,0,0,-0.7071068,0
6.552908,9,1,0,0.2041031,0.4959975,-0.6024184,-0.07609692,-0.9583105,0.2360937,0.4661086,0.6399727,0.2371911,-0.08525016,0.6396188,0.07815326,-0.000255269,1.129986,-0.01528807,0.01246911,0.9424491,-0.2298411,0.1997447,0.4334561,-0.7668349,0,0,0,0,-0.7071068,0,0,0,0,0,-0.7071068,0,0,0,0,0,-0.7071068,0,0,0,0,0,-0.7071068,0,0,0,0,0,-0.7071068,0
6.575726,9,1,0,0.2042455,0.5127548,-0.6165786,-0.07734579,-0.9616009,0.2229522,0.4661658,0.6401713,0.2368407,-0.08564882,0.6388704,0.07857084,-7.90842E-05,1.131029,-0.01440721,0.01269722,0.9434577,-0.2258248,0.1999209,0.4438624,-0.7735615,0,0,0,0,-0.7071068,0,0,0,0,0,-0.7071068,0,0,0,0,0,-0.7071068,0,0,0,0,0,-0.7071068,0,0,0,0,0,-0.7071068,0
6.597266,9,1,1,0.2033354,0.5295769,-0.6300285,-0.07416339,-0.9652346,0.2112777,0.4663794,0.6403652,0.2365979,-0.08614712,0.6382828,0.07828518,-0.0002743965,1.131908,-0.01303232,0.01312191,0.9445515,-0.2214594,0.1997256,0.4542083,-0.7796385,0,0,0,0,-0.7071068,0,0,0,0,0,-0.7071068,0,0,0,0,0,-0.7071068,0,0,0,0,0,-0.7071068,0,0,0,0,0,-0.7071068,0
6.608495,9,1,1,0.2029123,0.5379063,-0.6364431,-0.07346684,-0.9669071,0.2050489,0.4664073,0.6403022,0.2364678,-0.08625823,0.6382379,0.07811146,-0.0001586918,1.132578,-0.01263446,0.01331814,0.945105,-0.2191758,0.1998413,0.4596796,-0.7829301,0,0,0,0,-0.7071068,0,0,0,0,0,-0.7071068,0,0,0,0,0,-0.7071068,0,0,0,0,0,-0.7071068,0,0,0,0,0,-0.7071068,0
6.630478,9,1,1,0.2046119,0.557706,-0.6512961,-0.07251654,-0.9697796,0.1932426,0.466548,0.6403303,0.2362486,-0.08629378,0.6383495,0.07789484,-5.15543E-05,1.133756,-0.01158449,0.01414647,0.9462563,-0.2141221,0.1999484,0.4704994,-0.7891139,0,0,0,0,-0.7071068,0,0,0,0,0,-0.7071068,0,0,0,0,0,-0.7071068,0,0,0,0,0,-0.7071068,0,0,0,0,0,-0.7071068,0
6.642192,9,1,1,0.1942705,0.5540558,-0.6514533,-0.0720817,-0.9710344,0.1873505,0.4664817,0.6403075,0.2361713,-0.08632476,0.6384402,0.07797029,1.638662E-05,1.134333,-0.01093222,0.01449865,0.9468505,-0.2112419,0.2000164,0.4759358,-0.7920198,0,0,0,0,-0.7071068,0,0,0,0,0,-0.7071068,0,0,0,0,0,-0.7071068,0,0,0,0,0,-0.7071068,0,0,0,0,0,-0.7071068,0
6.663846,9,1,1,0.1927484,0.5689873,-0.662406,-0.07300946,-0.9732286,0.1766285,0.4664797,0.6402329,0.2362024,-0.08638918,0.6385346,0.0779513,0.0001363782,1.13552,-0.00977973,0.01516906,0.9479113,-0.2061016,0.2001364,0.4870316,-0.7979474,0,0,0,0,-0.7071068,0,0,0,0,0,-0.7071068,0,0,0,0,0,-0.7071068,0,0,0,0,0,-0.7071068,0,0,0,0,0,-0.7071068,0
6.675349,9,1,1,0.1919814,0.5764993,-0.6677654,-0.07256989,-0.9743335,0.171635,0.4664774,0.640161,0.2362356,-0.08634715,0.6384937,0.07804637,0.0002513426,1.136149,-0.009200769,0.01550689,0.9484311,-0.2035683,0.2002513,0.4925675,-0.8007892,0,0,0,0,-0.7071068,0,0,0,0,0,-0.7071068,0,0,0,0,0,-0.7071068,0,0,0,0,0,-0.7071068,0,0,0,0,0,-0.7071068,0
6.697312,10,1,1,0.1894997,0.5905071,-0.6775227,-0.06908552,-0.976579,0.1628054,0.4664673,0.6401455,0.2365235,-0.0861168,0.6383702,0.07847593,0.0001950488,1.137179,-0.007591383,0.01615669,0.9494996,-0.1983148,0.2001951,0.5035957,-0.8059784,0,0,0,0,-0.7071068,0,0,0,0,0,-0.7071068,0,0,0,0,0,-0.7071068,0,0,0,0,0,-0.7071068,0,0,0,0,0,-0.7071068,0
6.708549,10,1,1,0.1885202,0.5976479,-0.6822984,-0.06831757,-0.9776148,0.1579788,0.4664927,0.6403556,0.2364967,-0.08594631,0.6384006,0.07884102,0.0005358318,1.137864,-0.007098663,-0.01640091,-0.9499791,0.1957378,0.2005358,0.5093856,-0.8088701,0,0,0,0,-0.7071068,0,0,0,0,0,-0.7071068,0,0,0,0,0,-0.7071068,0,0,0,0,0,-0.7071068,0,0,0,0,0,-0.7071068,0
6.730789,10,1,1,0.1870127,0.612463,-0.6915498,-0.06829493,-0.9794163,0.1482825,0.4664303,0.6403118,0.236746,-0.08558754,0.6385459,0.07919311,0.0006724927,1.138921,-0.005625722,-0.01740523,-0.9508036,0.1907339,0.2006725,0.5205809,-0.8139502,0,0,0,0,-0.7071068,0,0,0,0,0,-0.7071068,0,0,0,0,0,-0.7071068,0,0,0,0,0,-0.7071068,0,0,0,0,0,-0.7071068,0
6.742076,10,1,1,0.1859706,0.6191962,-0.6956964,-0.06835412,-0.9802554,0.1436107,0.4663019,0.640264,0.2368473,-0.08554527,0.6386302,0.07928745,0.0009207061,1.139547,-0.005072227,-0.01783112,-0.9511697,0.1882088,0.2009207,0.5264092,-0.8166739,0,0,0,0,-0.7071068,0,0,0,0,0,-0.7071068,0,0,0,0,0,-0.7071068,0,0,0,0,0,-0.7071068,0,0,0,0,0,-0.7071068,0
6.763988,10,1,1,0.1837815,0.6324511,-0.7036234,-0.06695455,-0.9818981,0.1357252,0.4662533,0.640216,0.2370356,-0.08522376,0.6388631,0.07930367,0.0009649988,1.140541,-0.003381569,0.01887556,0.9518789,-0.1830087,0.200965,0.5376676,-0.8212838,0,0,0,0,-0.7071068,0,0,0,0,0,-0.7071068,0,0,0,0,0,-0.7071068,0,0,0,0,0,-0.7071068,0,0,0,0,0,-0.7071068,0
6.775151,10,1,1,0.1826043,0.6388791,-0.7073649,-0.06595828,-0.9826736,0.1319465,0.4662164,0.6401364,0.2371658,-0.08507624,0.6389828,0.07926795,0.001129484,1.141151,-0.002695045,0.01945569,0.9522115,-0.1802793,0.2011295,0.5434486,-0.8236887,0,0,0,0,-0.7071068,0,0,0,0,0,-0.7071068,0,0,0,0,0,-0.7071068,0,0,0,0,0,-0.7071068,0,0,0,0,0,-0.7071068,0
6.79715,10,1,1,0.1804628,0.6515144,-0.714458,-0.06589318,-0.9840294,0.1238774,0.4662174,0.6400951,0.2373444,-0.08504964,0.6390876,0.07917502,0.001497291,1.142462,-0.001327269,0.02045029,0.9528555,-0.1748435,0.2014973,0.5550966,-0.8283411,0,0,0,0,-0.7071068,0,0,0,0,0,-0.7071068,0,0,0,0,0,-0.7071068,0,0,0,0,0,-0.7071068,0,0,0,0,0,-0.7071068,0
6.808691,10,1,1,0.1791622,0.6576937,-0.7179149,-0.06592963,-0.9846877,0.1196501,0.466123,0.6402041,0.2373291,-0.08493363,0.6391346,0.07938246,0.0016017,1.143045,-0.0006458701,0.02074698,0.9531513,-0.1721325,0.2016017,0.5609738,-0.830662,0,0,0,0,-0.7071068,0,0,0,0,0,-0.7071068,0,0,0,0,0,-0.7071068,0,0,0,0,0,-0.7071068,0,0,0,0,0,-0.7071068,0
6.830459,10,1,1,0.1773732,0.6703237,-0.7237669,-0.0671659,-0.9858119,0.1110276,0.4660371,0.6402931,0.2374922,-0.08484215,0.63911,0.07947383,0.001710428,1.144181,0.0008886772,0.02115492,0.953769,-0.1670773,0.2017104,0.5726722,-0.834955,0,0,0,0,-0.7071068,0,0,0,0,0,-0.7071068,0,0,0,0,0,-0.7071068,0,0,0,0,0,-0.7071068,0,0,0,0,0,-0.7071068,0
6.841892,10,1,1,0.1766144,0.6764967,-0.7267681,-0.0676274,-0.9862986,0.1069418,0.4659199,0.6403282,0.2375813,-0.08479197,0.639151,0.07973231,0.001673178,1.144754,0.001811356,0.02127793,0.9541183,-0.1644526,0.2016732,0.5785903,-0.8369004,0,0,0,0,-0.7071068,0,0,0,0,0,-0.7071068,0,0,0,0,0,-0.7071068,0,0,0,0,0,-0.7071068,0,0,0,0,0,-0.7071068,0
6.863905,10,1,1,0.1751908,0.6889999,-0.7323862,-0.06689806,-0.9873915,0.09908715,0.4659694,0.6403348,0.2378208,-0.08466267,0.6389219,0.07996019,0.001739977,1.14595,0.003220041,0.02192327,0.9546863,-0.1591168,0.20174,0.590463,-0.8410628,0,0,0,0,-0.7071068,0,0,0,0,0,-0.7071068,0,0,0,0,0,-0.7071068,0,0,0,0,0,-0.7071068,0,0,0,0,0,-0.7071068,0
6.87528,10,1,1,0.1745482,0.6950589,-0.7349787,-0.06565522,-0.9879476,0.09534091,0.4659587,0.640341,0.2379112,-0.08452076,0.6388412,0.08012283,0.001787286,1.146585,0.003826098,0.02220909,0.954996,-0.1563578,0.2017873,0.5965924,-0.8432429,0,0,0,0,-0.7071068,0,0,0,0,0,-0.7071068,0,0,0,0,0,-0.7071068,0,0,0,0,0,-0.7071068,0,0,0,0,0,-0.7071068,0
6.897134,10,1,1,0.1733701,0.707261,-0.7400902,-0.06540168,-0.9888222,0.08743935,0.4659881,0.6403366,0.2380379,-0.08404665,0.6386515,0.08051293,0.001606015,1.147568,0.005320074,0.02242889,0.9556738,-0.1507821,0.201606,0.6083661,-0.8470628,0,0,0,0,-0.7071068,0,0,0,0,0,-0.7071068,0,0,0,0,0,-0.7071068,0,0,0,0,0,-0.7071068,0,0,0,0,0,-0.7071068,0
6.908515,10,1,1,0.1729313,0.7132506,-0.7424474,-0.06635629,-0.9891474,0.08349621,0.4659999,0.6403321,0.2380784,-0.08386749,0.6385841,0.08065169,0.001654598,1.148199,0.005885579,0.02236471,0.9560033,-0.1480814,0.2016546,0.6144617,-0.8491104,0,0,0,0,-0.7071068,0,0,0,0,0,-0.7071068,0,0,0,0,0,-0.7071068,0,0,0,0,0,-0.7071068,0,0,0,0,0,-0.7071068,0
6.930447,10,1,1,0.1719026,0.7252288,-0.7467042,-0.06561383,-0.9899888,0.07553387,0.4660478,0.6403364,0.2380961,-0.08363278,0.6384816,0.08085988,0.001776797,1.149463,0.006962783,0.02257334,0.9566574,-0.1424199,0.2017768,0.6266467,-0.8531001,0,0,0,0,-0.7071068,0,0,0,0,0,-0.7071068,0,0,0,0,0,-0.7071068,0,0,0,0,0,-0.7071068,0,0,0,0,0,-0.7071068,0
6.941637,10,1,1,0.1714509,0.731124,-0.7489122,-0.06447205,-0.9904159,0.07193333,0.465962,0.640379,0.2380857,-0.08353587,0.6383696,0.08113758,0.001821942,1.150057,0.007497043,0.02263803,0.9569253,-0.1397196,0.2018219,0.6327952,-0.8550653,0,0,0,0,-0.7071068,0,0,0,0,0,-0.7071068,0,0,0,0,0,-0.7071068,0,0,0,0,0,-0.7071068,0,0,0,0,0,-0.7071068,0
6.952762,10,1,1,0.1711793,0.7368854,-0.7508575,-0.06333618,-0.9908207,0.06859513,0.4659689,0.6403965,0.2380584,-0.08354516,0.6383262,0.08112213,0.001844201,1.150607,0.007995692,0.02285954,0.9571794,-0.1371642,0.2018442,0.6389191,-0.857022,0,0,0,0,-0.7071068,0,0,0,0,0,-0.7071068,0,0,0,0,0,-0.7071068,0,0,0,0,0,-0.7071068,0,0,0,0,0,-0.7071068,0
6.975234,10,1,1,0.1708231,0.7481534,-0.7545749,-0.06331473,-0.9913784,0.06168611,0.4660278,0.6405478,0.2378106,-0.08374337,0.6383815,0.08122978,0.00147537,1.151406,0.009449423,0.02307953,0.957736,-0.1323423,0.2014754,0.6507524,-0.8602778,0,0,0,0,-0.7071068,0,0,0,0,0,-0.7071068,0,0,0,0,0,-0.7071068,0,0,0,0,0,-0.7071068,0,0,0,0,0,-0.7071068,0
6.99707,10,1,1,0.1709097,0.7591568,-0.7580155,-0.06325319,-0.9918122,0.05474059,0.4659174,0.6405513,0.2377066,-0.0841615,0.638505,0.08122673,0.001275264,1.152348,0.01054601,0.02295639,0.958334,-0.1278377,0.2012753,0.6629416,-0.8637772,0,0,0,0,-0.7071068,0,0,0,0,0,-0.7071068,0,0,0,0,0,-0.7071068,0,0,0,0,0,-0.7071068,0,0,0,0,0,-0.7071068,0
7.008402,10,1,1,0.1712002,0.7646308,-0.759571,-0.06299577,-0.9920156,0.05125162,0.4659033,0.6406027,0.2375992,-0.08442609,0.6385912,0.08112341,0.001264221,1.152844,0.01094438,0.02282526,0.9585582,-0.1257089,0.2012642,0.6690391,-0.8655917,0,0,0,0,-0.7071068,0,0,0,0,0,-0.7071068,0,0,0,0,0,-0.7071068,0,0,0,0,0,-0.7071068,0,0,0,0,0,-0.7071068,0
7.030334,10,1,1,0.1717199,0.7753766,-0.7623101,-0.06210589,-0.9923953,0.04543044,0.4658835,0.6406304,0.2374192,-0.08493197,0.6387124,0.0809055,0.001300987,1.153812,0.01175334,0.02246605,0.958917,-0.1218074,0.201301,0.6813007,-0.869094,0,0,0,0,-0.7071068,0,0,0,0,0,-0.7071068,0,0,0,0,0,-0.7071068,0,0,0,0,0,-0.7071068,0,0,0,0,0,-0.7071068,0
7.042013,10,1,1,0.172227,0.7807523,-0.7636651,-0.06215879,-0.9925189,0.04220076,0.4658615,0.6407639,0.2372778,-0.08490916,0.6387495,0.08093109,0.001338259,1.154273,0.01216066,0.0219507,0.9589888,-0.1201712,0.2013383,0.6874066,-0.8707665,0,0,0,0,-0.7071068,0,0,0,0,0,-0.7071068,0,0,0,0,0,-0.7071068,0,0,0,0,0,-0.7071068,0,0,0,0,0,-0.7071068,0
7.063757,10,1,1,0.1733612,0.791629,-0.7661544,-0.0619027,-0.9927634,0.03541147,0.4657268,0.6407666,0.2372693,-0.08508138,0.6386163,0.0808988,0.001372685,1.154959,0.01333976,0.02023266,0.9588753,-0.1176714,0.2013727,0.6995278,-0.8736506,0,0,0,0,-0.7071068,0,0,0,0,0,-0.7071068,0,0,0,0,0,-0.7071068,0,0,0,0,0,-0.7071068,0,0,0,0,0,-0.7071068,0
7.075371,10,1,1,0.1740893,0.7970546,-0.7670389,-0.06106211,-0.9929247,0.03204555,0.4658397,0.6407952,0.2372963,-0.08494791,0.6386032,0.08096609,0.001508586,1.155313,0.01380649,0.01900711,0.9586024,-0.1170118,0.2015086,0.7056104,-0.8751447,0,0,0,0,-0.7071068,0,0,0,0,0,-0.7071068,0,0,0,0,0,-0.7071068,0,0,0,0,0,-0.7071068,0,0,0,0,0,-0.7071068,0
7.097019,10,1,1,0.1751814,0.8073443,-0.7690641,-0.05861194,-0.9932519,0.02517047,0.4658397,0.6407518,0.2374807,-0.08489757,0.6384687,0.08106449,0.001668135,1.155702,0.0150867,0.01662598,0.9577286,-0.1163137,0.2016681,0.7174808,-0.8776451,0,0,0,0,-0.7071068,0,0,0,0,0,-0.7071068,0,0,0,0,0,-0.7071068,0,0,0,0,0,-0.7071068,0,0,0,0,0,-0.7071068,0
7.108242,11,1,1,0.1759935,0.8125664,-0.7699798,-0.05791456,-0.9933465,0.02165104,0.4658363,0.6407323,0.2374834,-0.08478845,0.6384494,0.08109797,0.001718139,1.15577,0.01579238,0.01541983,0.9570633,-0.1163498,0.2017181,0.7232837,-0.8787547,0,0,0,0,-0.7071068,0,0,0,0,0,-0.7071068,0,0,0,0,0,-0.7071068,0,0,0,0,0,-0.7071068,0,0,0,0,0,-0.7071068,0
7.130339,11,1,1,0.1775144,0.8228303,-0.7714373,-0.05562469,-0.9935751,0.01602986,0.4658037,0.6407831,0.237644,-0.08454257,0.6384039,0.08136874,0.002013488,1.156099,0.01677422,0.01271783,0.9556286,-0.1166189,0.2020135,0.7351902,-0.8812894,0,0,0,0,-0.7071068,0,0,0,0,0,-0.7071068,0,0,0,0,0,-0.7071068,0,0,0,0,0,-0.7071068,0,0,0,0,0,-0.7071068,0
7.141759,11,1,1,0.1781938,0.8276209,-0.7721974,-0.05429987,-0.9936912,0.01401481,0.4657796,0.6407835,0.2377323,-0.08453331,0.6383379,0.08143071,0.002152518,1.156276,0.01722318,0.01118006,0.9548806,-0.1166289,0.2021525,0.7411621,-0.8825274,0,0,0,0,-0.7071068,0,0,0,0,0,-0.7071068,0,0,0,0,0,-0.7071068,0,0,0,0,0,-0.7071068,0,0,0,0,0,-0.7071068,0
7.16381,11,1,1,0.1797543,0.8373089,-0.7734333,-0.05189131,-0.9938537,0.009848762,0.4657337,0.6407743,0.2379331,-0.08445877,0.6382322,0.08155462,0.002326645,1.15675,0.01816504,0.008188095,0.9535052,-0.1159664,0.2023267,0.7533274,-0.8848418,0,0,0,0,-0.7071068,0,0,0,0,0,-0.7071068,0,0,0,0,0,-0.7071068,0,0,0,0,0,-0.7071068,0,0,0,0,0,-0.7071068,0
7.175127,11,1,1,0.18055,0.8422099,-0.7738889,-0.05125798,-0.9939185,0.007482706,0.4657046,0.6407307,0.2380377,-0.08440897,0.6381708,0.08152542,0.002383111,1.157047,0.01853394,0.006735232,0.952978,-0.1153759,0.2023831,0.7595007,-0.8860357,0,0,0,0,-0.7071068,0,0,0,0,0,-0.7071068,0,0,0,0,0,-0.7071068,0,0,0,0,0,-0.7071068,0,0,0,0,0,-0.7071068,0
7.186357,11,1,1,0.181252,0.8471775,-0.7745317,-0.05022354,-0.9940026,0.004806487,0.4656453,0.6407064,0.2381161,-0.08447276,0.6381236,0.08145785,0.002283114,1.157323,0.01894879,0.005356394,0.9525926,-0.1146569,0.2022831,0.7657419,-0.8871574,0,0,0,0,-0.7071068,0,0,0,0,0,-0.7071068,0,0,0,0,0,-0.7071068,0,0,0,0,0,-0.7071068,0,0,0,0,0,-0.7071068,0
7.208708,11,1,1,0.1826543,0.8574184,-0.7758023,-0.04624938,-0.9942577,-0.001734039,0.4655898,0.6406575,0.2382841,-0.08475093,0.6380706,0.08131991,0.002165864,1.158059,0.01949955,0.002811305,0.9520843,-0.1128474,0.2021659,0.7780497,-0.8894448,0,0,0,0,-0.7071068,0,0,0,0,0,-0.7071068,0,0,0,0,0,-0.7071068,0,0,0,0,0,-0.7071068,0,0,0,0,0,-0.7071068,0
7.230526,11,1,1,0.1841436,0.8675668,-0.7768222,-0.04512511,-0.9942313,-0.008217659,0.4654289,0.6406168,0.2383977,-0.08495459,0.6381787,0.08110987,0.00133265,1.158535,0.02034357,0.0007058196,0.9519382,-0.110507,0.2013327,0.7902716,-0.891291,0,0,0,0,-0.7071068,0,0,0,0,0,-0.7071068,0,0,0,0,0,-0.7071068,0,0,0,0,0,-0.7071068,0,0,0,0,0,-0.7071068,0
7.25249,11,1,1,0.1851903,0.8774619,-0.7777203,-0.04430801,-0.9941885,-0.01449809,0.4653862,0.6406264,0.2384172,-0.08497373,0.638348,0.08095097,0.0005284865,1.159237,0.02091396,-0.001143098,0.9522565,-0.1074779,0.2005285,0.8029207,-0.8932622,0,0,0,0,-0.7071068,0,0,0,0,0,-0.7071068,0,0,0,0,0,-0.7071068,0,0,0,0,0,-0.7071068,0,0,0,0,0,-0.7071068,0
7.275029,11,1,1,0.1861595,0.8873407,-0.7786714,-0.0437581,-0.9940979,-0.02072462,0.4654063,0.6406002,0.2384175,-0.08489951,0.6383988,0.08067439,-0.000211699,1.160158,0.02147952,-0.002533931,0.9529949,-0.1035499,0.1997883,0.8155738,-0.8950029,0,0,0,0,-0.7071068,0,0,0,0,0,-0.7071068,0,0,0,0,0,-0.7071068,0,0,0,0,0,-0.7071068,0,0,0,0,0,-0.7071068,0
7.297793,11,1,1,0.1867033,0.8974377,-0.7794157,-0.04264208,-0.994029,-0.02719644,0.4654864,0.6406707,0.2385138,-0.08460665,0.6385329,0.08059873,-0.0009938349,1.161178,0.02199643,-0.003315523,0.9539993,-0.09935211,0.1990062,0.8285124,-0.8966385,0,0,0,0,-0.7071068,0,0,0,0,0,-0.7071068,0,0,0,0,0,-0.7071068,0,0,0,0,0,-0.7071068,0,0,0,0,0,-0.7071068,0
7.319166,11,1,1,0.1869172,0.9071522,-0.7802695,-0.04269142,-0.9938691,-0.03321621,0.4653412,0.640609,0.2386588,-0.08468846,0.6384743,0.08064353,-0.001737653,1.162259,0.02237084,-0.004116535,0.955155,-0.09442648,0.1982623,0.8416705,-0.8982512,0,0,0,0,-0.7071068,0,0,0,0,0,-0.7071068,0,0,0,0,0,-0.7071068,0,0,0,0,0,-0.7071068,0,0,0,0,0,-0.7071068,0
7.330332,11,1,1,0.1869719,0.912009,-0.7807022,-0.04196129,-0.9938318,-0.03589451,0.4653464,0.6405972,0.2387,-0.08475368,0.6385694,0.08055333,-0.002094034,1.162804,0.02254221,-0.004593235,0.9558027,-0.09171057,0.197906,0.8480557,-0.8989711,0,0,0,0,-0.7071068,0,0,0,0,0,-0.7071068,0,0,0,0,0,-0.7071068,0,0,0,0,0,-0.7071068,0,0,0,0,0,-0.7071068,0
7.341595,11,1,1,0.1869749,0.917227,-0.7815377,-0.04020284,-0.9938837,-0.03816022,0.4652998,0.6406519,0.2387478,-0.08476818,0.6385586,0.08053955,-0.002438179,1.163449,0.02274868,-0.004886296,0.9564683,-0.08885306,0.1975618,0.8547155,-0.8996352,0,0,0,0,-0.7071068,0,0,0,0,0,-0.7071068,0,0,0,0,0,-0.7071068,0,0,0,0,0,-0.7071068,0,0,0,0,0,-0.7071068,0
7.363667,11,1,1,0.1869062,0.9271623,-0.7824348,-0.03901413,-0.9937506,-0.04304245,0.4652015,0.6406783,0.2387306,-0.08488727,0.6386096,0.08056454,-0.003213943,1.164624,0.02315155,-0.005659629,0.9578205,-0.08302182,0.1967861,0.8679022,-0.9008283,0,0,0,0,-0.7071068,0,0,0,0,0,-0.7071068,0,0,0,0,0,-0.7071068,0,0,0,0,0,-0.7071068,0,0,0,0,0,-0.7071068,0
7.375012,11,1,1,0.1869091,0.9320775,-0.7828187,-0.04010129,-0.9935733,-0.04585286,0.4651709,0.640648,0.2387891,-0.08494442,0.6385577,0.08049262,-0.003514458,1.165364,0.02336802,-0.005655397,0.9584839,-0.0798315,0.1964855,0.8746243,-0.901336,0,0,0,0,-0.7071068,0,0,0,0,0,-0.7071068,0,0,0,0,0,-0.7071068,0,0,0,0,0,-0.7071068,0,0,0,0,0,-0.7071068,0
7.397156,11,1,1,0.1862971,0.9423654,-0.7836927,-0.03845203,-0.9934608,-0.05273686,0.4652008,0.6405489,0.2387005,-0.08534391,0.6384401,0.08027542,-0.004253665,1.166697,0.02382418,-0.005536247,0.9598384,-0.07330751,0.1957463,0.8879066,-0.9021861,0,0,0,0,-0.7071068,0,0,0,0,0,-0.7071068,0,0,0,0,0,-0.7071068,0,0,0,0,0,-0.7071068,0,0,0,0,0,-0.7071068,0
7.408429,11,1,1,0.1859995,0.9474982,-0.7840091,-0.03798117,-0.9933574,-0.05600712,0.4651941,0.6405725,0.2386825,-0.0855714,0.6384177,0.08014785,-0.004614139,1.167356,0.02402103,-0.005620267,0.9605544,-0.06989942,0.1953859,0.8947422,-0.9025916,0,0,0,0,-0.7071068,0,0,0,0,0,-0.7071068,0,0,0,0,0,-0.7071068,0,0,0,0,0,-0.7071068,0,0,0,0,0,-0.7071068,0
7.430222,11,1,1,0.1851285,0.9577678,-0.7846743,-0.03792323,-0.9930297,-0.06255029,0.4651789,0.640746,0.2384845,-0.08593582,0.6384882,0.07995312,-0.005344137,1.16878,0.02448448,-0.005837597,0.9620034,-0.06272949,0.1946559,0.9080849,-0.9031504,0,0,0,0,-0.7071068,0,0,0,0,0,-0.7071068,0,0,0,0,0,-0.7071068,0,0,0,0,0,-0.7071068,0,0,0,0,0,-0.7071068,0
7.441669,11,1,1,0.1847155,0.9629066,-0.7850701,-0.03792287,-0.9928746,-0.06534307,0.4651554,0.6408434,0.2383926,-0.08606711,0.6384991,0.0799198,-0.005724704,1.169529,0.02464116,-0.005994683,0.9627236,-0.05904266,0.1942753,0.9148522,-0.9034401,0,0,0,0,-0.7071068,0,0,0,0,0,-0.7071068,0,0,0,0,0,-0.7071068,0,0,0,0,0,-0.7071068,0,0,0,0,0,-0.7071068,0
7.463561,11,1,1,0.1837559,0.9732683,-0.7858747,-0.0390068,-0.9924951,-0.07131141,0.4651858,0.6408597,0.2382432,-0.08650132,0.6384656,0.07946558,-0.006514981,1.171031,0.02504697,-0.006173884,0.9642304,-0.05130444,0.193485,0.9283928,-0.9037867,0,0,0,0,-0.7071068,0,0,0,0,0,-0.7071068,0,0,0,0,0,-0.7071068,0,0,0,0,0,-0.7071068,0,0,0,0,0,-0.7071068,0
7.474744,11,1,1,0.1831503,0.9786499,-0.7863029,-0.03910791,-0.9923397,-0.07418821,0.4651926,0.6408719,0.2381757,-0.08668662,0.6384913,0.07930363,-0.006943724,1.171851,0.02526888,-0.006228523,0.9649519,-0.04721574,0.1930563,0.9352874,-0.9038737,0,0,0,0,-0.7071068,0,0,0,0,0,-0.7071068,0,0,0,0,0,-0.7071068,0,0,0,0,0,-0.7071068,0,0,0,0,0,-0.7071068,0
7.496794,11,1,1,0.1818296,0.9897407,-0.7870079,-0.04045802,-0.9919639,-0.0801089,0.4652834,0.6408998,0.237812,-0.08707111,0.6385058,0.07886239,-0.007701598,1.173445,0.02570526,0.006067162,-0.9664129,0.0387455,0.1922984,0.9489887,-0.9039112,0,0,0,0,-0.7071068,0,0,0,0,0,-0.7071068,0,0,0,0,0,-0.7071068,0,0,0,0,0,-0.7071068,0,0,0,0,0,-0.7071068,0
7.50827,11,1,1,0.181116,0.995525,-0.7873136,-0.04013243,-0.9917765,-0.0836763,0.4653549,0.6409137,0.2377377,-0.08731584,0.6385691,0.07848281,-0.00807598,1.174245,0.02593843,0.005883758,-0.9671005,0.03439282,0.191924,0.9557579,-0.9038424,0,0,0,0,-0.7071068,0,0,0,0,0,-0.7071068,0,0,0,0,0,-0.7071068,0,0,0,0,0,-0.7071068,0,0,0,0,0,-0.7071068,0
7.530238,11,1,1,0.1794747,1.00799,-0.7876123,-0.03655656,-0.9913315,-0.09194651,0.4653131,0.6408712,0.2375387,-0.08794492,0.6387954,0.07789208,-0.008860234,1.175802,0.02660621,0.005248722,-0.9683436,0.02581879,0.1911398,0.9694641,-0.903368,0,0,0,0,-0.7071068,0,0,0,0,0,-0.7071068,0,0,0,0,0,-0.7071068,0,0,0,0,0,-0.7071068,0,0,0,0,0,-0.7071068,0
7.542087,12,1,1,0.1786871,1.014128,-0.7877527,-0.03504013,-0.9910627,-0.09587061,0.4652999,0.6409513,0.2374605,-0.08817187,0.638974,0.07767808,-0.00922963,1.176593,0.02688666,0.00486217,-0.9689417,0.02170408,0.1907704,0.9763058,-0.9031132,0,0,0,0,-0.7071068,0,0,0,0,0,-0.7071068,0,0,0,0,0,-0.7071068,0,0,0,0,0,-0.7071068,0,0,0,0,0,-0.7071068,0
7.563513,12,1,1,0.1769601,1.026481,-0.7877582,-0.03487963,-0.9903657,-0.1037022,0.4653156,0.6409574,0.2373843,-0.08848197,0.6392031,0.07716032,-0.009905234,1.178121,0.0275338,0.004003628,-0.9700719,0.01327205,0.1900948,0.9899597,-0.9023764,0,0,0,0,-0.7071068,0,0,0,0,0,-0.7071068,0,0,0,0,0,-0.7071068,0,0,0,0,0,-0.7071068,0,0,0,0,0,-0.7071068,0
7.575024,12,1,1,0.1761005,1.032769,-0.7876531,-0.03534411,-0.9899603,-0.1078451,0.4653018,0.6409574,0.2374135,-0.08864241,0.6392432,0.07703225,-0.01026184,1.178874,0.02789236,0.003534631,-0.9705852,0.009076835,0.1897382,0.9966965,-0.901904,0,0,0,0,-0.7071068,0,0,0,0,0,-0.7071068,0,0,0,0,0,-0.7071068,0,0,0,0,0,-0.7071068,0,0,0,0,0,-0.7071068,0
7.596883,12,1,1,0.1739692,1.045586,-0.7871948,-0.03291838,-0.9891973,-0.1165865,0.4652438,0.6409302,0.2375921,-0.08896165,0.639155,0.07666705,-0.01100956,1.180193,0.02867885,0.0025026,-0.9715923,0.0009476533,0.1889904,1.010106,-0.9007473,0,0,0,0,-0.7071068,0,0,0,0,0,-0.7071068,0,0,0,0,0,-0.7071068,0,0,0,0,0,-0.7071068,0,0,0,0,0,-0.7071068,0
7.608174,12,1,1,0.1728659,1.051943,-0.7868105,-0.03034535,-0.9887633,-0.121138,0.4652062,0.6409174,0.2376105,-0.08900111,0.6391419,0.07648905,-0.01132474,1.180784,0.02907851,0.001937201,-0.9720527,-0.002763493,0.1886753,1.016758,-0.9000915,0,0,0,0,-0.7071068,0,0,0,0,0,-0.7071068,0,0,0,0,0,-0.7071068,0,0,0,0,0,-0.7071068,0,0,0,0,0,-0.7071068,0
7.630132,12,1,1,0.1709122,1.064181,-0.7861778,-0.03137165,-0.987735,-0.1297475,0.4651755,0.641013,0.2376926,-0.08886313,0.6392387,0.07683069,-0.01192345,1.181942,0.03003488,0.0006694486,-0.9728278,-0.009941538,0.1880766,1.029971,-0.898485,0,0,0,0,-0.7071068,0,0,0,0,0,-0.7071068,0,0,0,0,0,-0.7071068,0,0,0,0,0,-0.7071068,0,0,0,0,0,-0.7071068,0
7.642104,12,1,1,0.1698514,1.069876,-0.7856096,-0.03332655,-0.9872205,-0.133595,0.4650886,0.6411102,0.237734,-0.08877578,0.6391663,0.07723513,-0.01226045,1.182506,0.03050676,5.8515E-06,-0.9731964,-0.01355507,0.1877396,1.036545,-0.897619,0,0,0,0,-0.7071068,0,0,0,0,0,-0.7071068,0,0,0,0,0,-0.7071068,0,0,0,0,0,-0.7071068,0,0,0,0,0,-0.7071068,0
7.663556,12,1,1,0.1671361,1.081751,-0.784757,-0.03300846,-0.9863818,-0.1410743,0.4649437,0.6412225,0.2378132,-0.08866871,0.6389735,0.07756635,-0.01283557,1.183509,0.03147726,-0.001210129,-0.9737979,-0.02005367,0.1871644,1.049624,-0.8957156,0,0,0,0,-0.7071068,0,0,0,0,0,-0.7071068,0,0,0,0,0,-0.7071068,0,0,0,0,0,-0.7071068,0,0,0,0,0,-0.7071068,0
7.674884,12,1,1,0.1656474,1.087519,-0.7842325,-0.03014433,-0.9860454,-0.1446594,0.4649,0.6412537,0.2379019,-0.08863157,0.6388178,0.07772829,-0.01310245,1.183923,0.03207144,-0.00176724,-0.9740672,-0.02289237,0.1868975,1.056094,-0.8945825,0,0,0,0,-0.7071068,0,0,0,0,0,-0.7071068,0,0,0,0,0,-0.7071068,0,0,0,0,0,-0.7071068,0,0,0,0,0,-0.7071068,0
7.697002,12,1,1,0.1629234,1.098515,-0.7830364,-0.02921413,-0.9853007,-0.1507394,0.46493,0.6411073,0.2380653,-0.08864137,0.6386039,0.07790612,-0.01357177,1.184774,0.03302274,-0.003003495,-0.9745171,-0.028675,0.1864282,1.06901,-0.8924154,0,0,0,0,-0.7071068,0,0,0,0,0,-0.7071068,0,0,0,0,0,-0.7071068,0,0,0,0,0,-0.7071068,0,0,0,0,0,-0.7071068,0
7.708229,12,1,1,0.1617664,1.103783,-0.7824298,-0.03099422,-0.9848722,-0.1534062,0.4649303,0.6411698,0.238097,-0.08861414,0.6385906,0.07805382,-0.01375852,1.18521,0.03354824,-0.003728645,-0.9746699,-0.03148734,0.1862415,1.075484,-0.8912101,0,0,0,0,-0.7071068,0,0,0,0,0,-0.7071068,0,0,0,0,0,-0.7071068,0,0,0,0,0,-0.7071068,0,0,0,0,0,-0.7071068,0
7.730193,12,1,1,0.1592647,1.11483,-0.7808055,-0.03040507,-0.9839857,-0.1598371,0.4648784,0.6412288,0.237977,-0.08866541,0.6385163,0.07805021,-0.01413955,1.185995,0.03452072,-0.005193476,-0.974826,-0.03724638,0.1858605,1.088259,-0.8887463,0,0,0,0,-0.7071068,0,0,0,0,0,-0.7071068,0,0,0,0,0,-0.7071068,0,0,0,0,0,-0.7071068,0,0,0,0,0,-0.7071068,0
7.741308,12,1,1,0.1579015,1.120497,-0.7799922,-0.02771121,-0.9835101,-0.1635666,0.4648202,0.6411967,0.2379989,-0.08873447,0.638451,0.07807443,-0.014325,1.186399,0.03505927,-0.005820109,-0.9748789,-0.03978685,0.185675,1.094591,-0.8874007,0,0,0,0,-0.7071068,0,0,0,0,0,-0.7071068,0,0,0,0,0,-0.7071068,0,0,0,0,0,-0.7071068,0,0,0,0,0,-0.7071068,0
7.763401,12,1,1,0.1552979,1.13154,-0.7782141,-0.02454428,-0.9824346,-0.1710712,0.4648853,0.6411824,0.2379518,-0.08873683,0.6383439,0.07802382,-0.01482679,1.187003,0.03633021,-0.006443758,-0.9749959,-0.04458795,0.1851732,1.107094,-0.8843695,0,0,0,0,-0.7071068,0,0,0,0,0,-0.7071068,0,0,0,0,0,-0.7071068,0,0,0,0,0,-0.7071068,0,0,0,0,0,-0.7071068,0
7.774597,12,1,1,0.1540489,1.136937,-0.7773448,-0.02424667,-0.9818594,-0.1747427,0.4649102,0.641194,0.2379406,-0.08866075,0.6383471,0.07817549,-0.0150676,1.187306,0.03695129,-0.006584596,-0.9750152,-0.04687244,0.1849324,1.113366,-0.8827946,0,0,0,0,-0.7071068,0,0,0,0,0,-0.7071068,0,0,0,0,0,-0.7071068,0,0,0,0,0,-0.7071068,0,0,0,0,0,-0.7071068,0
7.796762,12,1,1,0.1515563,1.146954,-0.7755295,-0.02596935,-0.9809028,-0.1803155,0.4648888,0.6412344,0.2378021,-0.0887645,0.6383991,0.07849607,-0.01540916,1.188046,0.03821436,-0.006839436,-0.9749857,-0.05174569,0.1845908,1.126003,-0.8794887,0,0,0,0,-0.7071068,0,0,0,0,0,-0.7071068,0,0,0,0,0,-0.7071068,0,0,0,0,0,-0.7071068,0,0,0,0,0,-0.7071068,0
7.808331,12,1,1,0.1503859,1.152009,-0.7744492,-0.02727951,-0.9803593,-0.1834252,0.4649498,0.6411394,0.2377479,-0.08866653,0.6384158,0.07858112,-0.01557854,1.188423,0.03886156,-0.00710017,-0.9748782,-0.05410647,0.1844215,1.132366,-0.8777415,0,0,0,0,-0.7071068,0,0,0,0,0,-0.7071068,0,0,0,0,0,-0.7071068,0,0,0,0,0,-0.7071068,0,0,0,0,0,-0.7071068,0
7.830091,12,1,1,0.147817,1.16215,-0.7723099,-0.02495082,-0.9792908,-0.190218,0.4650312,0.6411968,0.237635,-0.0884102,0.6384798,0.07882632,-0.01593843,1.189148,0.04012369,-0.007588111,-0.9745884,-0.0589511,0.1840616,1.144913,-0.874165,0,0,0,0,-0.7071068,0,0,0,0,0,-0.7071068,0,0,0,0,0,-0.7071068,0,0,0,0,0,-0.7071068,0,0,0,0,0,-0.7071068,0
7.841609,12,1,1,0.1466853,1.167189,-0.7713183,-0.02404074,-0.97878,-0.1932037,0.4650615,0.6412956,0.2376145,-0.08819973,0.6385397,0.07901763,-0.01610987,1.189514,0.04078765,-0.007750688,-0.9744233,-0.0612959,0.1838901,1.151245,-0.8722608,0,0,0,0,-0.7071068,0,0,0,0,0,-0.7071068,0,0,0,0,0,-0.7071068,0,0,0,0,0,-0.7071068,0,0,0,0,0,-0.7071068,0
7.863329,12,1,1,0.1445139,1.177434,-0.7689685,-0.02508171,-0.9778297,-0.1983657,0.4650734,0.6414042,0.2377182,-0.08799045,0.6385072,0.07931057,-0.01647073,1.19027,0.04202864,-0.007947557,-0.9740794,-0.06603131,0.1835293,1.163833,-0.868416,0,0,0,0,-0.7071068,0,0,0,0,0,-0.7071068,0,0,0,0,0,-0.7071068,0,0,0,0,0,-0.7071068,0,0,0,0,0,-0.7071068,0
7.874499,12,1,1,0.1435421,1.182641,-0.767836,-0.02619565,-0.9773407,-0.2010563,0.4650957,0.6414053,0.2377306,-0.08791769,0.6385085,0.07939722,-0.01670376,1.190608,0.04270262,-0.008085079,-0.9738756,-0.06828471,0.1832962,1.169991,-0.86639,0,0,0,0,-0.7071068,0,0,0,0,0,-0.7071068,0,0,0,0,0,-0.7071068,0,0,0,0,0,-0.7071068,0,0,0,0,0,-0.7071068,0
7.896954,12,1,1,0.141579,1.193782,-0.7650367,-0.02511502,-0.975827,-0.2091151,0.4649746,0.6413747,0.2378204,-0.08782064,0.6384413,0.07954503,-0.01714817,1.191365,0.04383733,-0.00829789,-0.9734427,-0.07290156,0.1828518,1.182485,-0.8623855,0,0,0,0,-0.7071068,0,0,0,0,0,-0.7071068,0,0,0,0,0,-0.7071068,0,0,0,0,0,-0.7071068,0,0,0,0,0,-0.7071068,0
7.918907,12,1,1,0.1398839,1.205155,-0.7620832,-0.02284701,-0.9740908,-0.2177117,0.4650145,0.6412793,0.2378311,-0.08770271,0.6385196,0.07937504,-0.01764664,1.192247,0.04494851,-0.00898923,-0.9729921,-0.07723993,0.1823534,1.19523,-0.8581768,0,0,0,0,-0.7071068,0,0,0,0,0,-0.7071068,0,0,0,0,0,-0.7071068,0,0,0,0,0,-0.7071068,0,0,0,0,0,-0.7071068,0
7.942062,12,1,1,0.1391226,1.216617,-0.7583829,-0.02545708,-0.9720318,-0.2267541,0.4649893,0.6412319,0.2377979,-0.08772301,0.6386996,0.07902255,-0.01817945,1.193277,0.04584232,-0.008569703,-0.9724909,-0.08183611,0.1818206,1.207759,-0.8540893,0,0,0,0,-0.7071068,0,0,0,0,0,-0.7071068,0,0,0,0,0,-0.7071068,0,0,0,0,0,-0.7071068,0,0,0,0,0,-0.7071068,0
7.963797,12,1,1,0.1384455,1.227602,-0.7545844,-0.0263285,-0.9702291,-0.2345698,0.4650629,0.6412787,0.237844,-0.08783772,0.6387734,0.07891238,-0.01866581,1.194297,0.04666121,-0.008402079,-0.9719454,-0.08635875,0.1813342,1.220503,-0.8498178,0,0,0,0,-0.7071068,0,0,0,0,0,-0.7071068,0,0,0,0,0,-0.7071068,0,0,0,0,0,-0.7071068,0,0,0,0,0,-0.7071068,0
7.975106,12,1,1,0.1385068,1.233249,-0.7522434,-0.02574696,-0.9695507,-0.2375829,0.4650744,0.6412364,0.2378258,-0.08784175,0.6387939,0.07865804,-0.01886626,1.194916,0.04693828,-0.008447122,-0.9715977,-0.08852926,0.1811337,1.227031,-0.8477246,0,0,0,0,-0.7071068,0,0,0,0,0,-0.7071068,0,0,0,0,0,-0.7071068,0,0,0,0,0,-0.7071068,0,0,0,0,0,-0.7071068,0
7.996631,13,1,1,0.1386035,1.24468,-0.7474285,-0.02407594,-0.9680817,-0.2439819,0.464993,0.641176,0.2377653,-0.08786348,0.6388078,0.07840795,-0.0191986,1.196213,0.04749738,-0.00954546,-0.9706651,-0.09328856,0.1808014,1.239677,-0.8435327,0,0,0,0,-0.7071068,0,0,0,0,0,-0.7071068,0,0,0,0,0,-0.7071068,0,0,0,0,0,-0.7071068,0,0,0,0,0,-0.7071068,0
8.008181,13,1,1,0.1389535,1.250755,-0.7446554,-0.02096061,-0.96724,-0.2474377,0.4650175,0.6410786,0.2376895,-0.08798119,0.6388359,0.0780822,-0.01924657,1.196865,0.04780152,-0.01114832,-0.9699976,-0.09567652,0.1807534,1.245979,-0.8413483,0,0,0,0,-0.7071068,0,0,0,0,0,-0.7071068,0,0,0,0,0,-0.7071068,0,0,0,0,0,-0.7071068,0,0,0,0,0,-0.7071068,0
8.030036,13,1,1,0.1397626,1.26306,-0.7385839,-0.01041385,-0.9650373,-0.2556844,0.4650221,0.6410016,0.237486,-0.08838736,0.6389405,0.07716485,-0.01912846,1.198005,0.04841971,-0.01452553,-0.9682343,-0.1011453,0.1808715,1.258518,-0.8367898,0,0,0,0,-0.7071068,0,0,0,0,0,-0.7071068,0,0,0,0,0,-0.7071068,0,0,0,0,0,-0.7071068,0,0,0,0,0,-0.7071068,0
8.041318,13,1,1,0.1403639,1.269384,-0.7353898,-0.007796809,-0.9637493,-0.2602445,0.4650866,0.6409358,0.2373323,-0.08875842,0.6390359,0.0763396,-0.01897988,1.198501,0.04877438,-0.016819,-0.9670169,-0.1038498,0.1810201,1.264773,-0.8343687,0,0,0,0,-0.7071068,0,0,0,0,0,-0.7071068,0,0,0,0,0,-0.7071068,0,0,0,0,0,-0.7071068,0,0,0,0,0,-0.7071068,0
8.052623,13,1,1,0.1409573,1.275605,-0.732224,-0.006182656,-0.9624937,-0.2645882,0.4651316,0.6409074,0.237171,-0.08908296,0.63921,0.0754471,-0.01881454,1.19889,0.04910311,-0.01871413,-0.9657538,-0.1064132,0.1811855,1.270926,-0.831921,0,0,0,0,-0.7071068,0,0,0,0,0,-0.7071068,0,0,0,0,0,-0.7071068,0,0,0,0,0,-0.7071068,0,0,0,0,0,-0.7071068,0
8.074519,13,1,1,0.1427053,1.288489,-0.7253919,-0.002935633,-0.9594172,-0.2744297,0.4654396,0.6407949,0.2364893,-0.09009864,0.6401454,0.07251204,-0.01860555,1.199537,0.04963984,-0.0213334,-0.9631972,-0.1104443,0.1813945,1.282809,-0.8271042,0,0,0,0,-0.7071068,0,0,0,0,0,-0.7071068,0,0,0,0,0,-0.7071068,0,0,0,0,0,-0.7071068,0,0,0,0,0,-0.7071068,0
8.096895,13,1,1,0.1438897,1.301185,-0.7187451,0.002739221,-0.9562274,-0.284142,0.4657218,0.6405944,0.2356533,-0.09144425,0.6414812,0.06950212,-0.01851204,1.200334,0.05004146,-0.02145828,-0.9611213,-0.1131343,0.181488,1.294802,-0.8222386,0,0,0,0,-0.7071068,0,0,0,0,0,-0.7071068,0,0,0,0,0,-0.7071068,0,0,0,0,0,-0.7071068,0,0,0,0,0,-0.7071068,0
8.118791,13,1,1,0.1442318,1.313173,-0.7124737,0.0022569,-0.9537076,-0.2918693,0.4658944,0.6403873,0.2348922,-0.09259215,0.6428391,0.0673593,-0.01866866,1.201107,0.05025327,0.02044574,0.9593637,0.1156057,0.1813313,1.306819,-0.81734,0,0,0,0,-0.7071068,0,0,0,0,0,-0.7071068,0,0,0,0,0,-0.7071068,0,0,0,0,0,-0.7071068,0,0,0,0,0,-0.7071068,0
8.12996,13,1,1,0.1442588,1.319179,-0.7095056,0.000758037,-0.9525403,-0.2956337,0.4659229,0.6402891,0.2346321,-0.09303825,0.6435159,0.06645605,-0.01876156,1.20151,0.05032846,0.01991231,0.9585166,0.1170445,0.1812384,1.312649,-0.8149287,0,0,0,0,-0.7071068,0,0,0,0,0,-0.7071068,0,0,0,0,0,-0.7071068,0,0,0,0,0,-0.7071068,0,0,0,0,0,-0.7071068,0
8.141111,13,1,1,0.1436743,1.325071,-0.7064388,-0.0005401522,-0.9513162,-0.3000405,0.465956,0.6401533,0.2346401,-0.09346407,0.6439666,0.06562079,-0.0188568,1.201988,0.05042653,0.01967555,0.9577327,0.1183501,0.1811432,1.318692,-0.8123839,0,0,0,0,-0.7071068,0,0,0,0,0,-0.7071068,0,0,0,0,0,-0.7071068,0,0,0,0,0,-0.7071068,0,0,0,0,0,-0.7071068,0
8.163308,13,1,1,0.1421572,1.337353,-0.7001539,0.004080668,-0.9482405,-0.3099318,0.46578,0.639956,0.2345652,-0.09408967,0.6445216,0.06432703,-0.01910774,1.202816,0.05061525,0.01831482,0.9561676,0.121594,0.1808923,1.33049,-0.8072197,0,0,0,0,-0.7071068,0,0,0,0,0,-0.7071068,0,0,0,0,0,-0.7071068,0,0,0,0,0,-0.7071068,0,0,0,0,0,-0.7071068,0
8.174698,13,1,1,0.1413273,1.343305,-0.6972976,0.005362898,-0.946714,-0.3147551,0.4657002,0.6399111,0.2346775,-0.09425351,0.6445875,0.06398204,-0.0192871,1.203237,0.05068485,0.0180739,0.9555504,0.1228883,0.1807129,1.33644,-0.8045636,0,0,0,0,-0.7071068,0,0,0,0,0,-0.7071068,0,0,0,0,0,-0.7071068,0,0,0,0,0,-0.7071068,0,0,0,0,0,-0.7071068,0
8.196542,13,1,1,0.1393005,1.354824,-0.6914111,0.003305778,-0.944257,-0.3230248,0.4654234,0.63993,0.2353261,-0.09419515,0.6438604,0.06458863,-0.01965167,1.203892,0.05082733,0.01741641,0.9545978,0.1256405,0.1803483,1.347928,-0.7992011,0,0,0,0,-0.7071068,0,0,0,0,0,-0.7071068,0,0,0,0,0,-0.7071068,0,0,0,0,0,-0.7071068,0,0,0,0,0,-0.7071068,0
8.207915,13,1,1,0.1379767,1.360642,-0.6885086,0.005192325,-0.942921,-0.3273243,0.4653729,0.6401092,0.2353222,-0.09423487,0.6433905,0.06470849,-0.0199915,1.204004,0.05102542,0.01726078,0.9542024,0.1269053,0.1800085,1.353471,-0.7963071,0,0,0,0,-0.7071068,0,0,0,0,0,-0.7071068,0,0,0,0,0,-0.7071068,0,0,0,0,0,-0.7071068,0,0,0,0,0,-0.7071068,0
8.229895,13,1,1,0.1346143,1.372052,-0.6830688,0.01887321,-0.9396052,-0.3367206,0.4652243,0.6401439,0.2356482,-0.09409309,0.6426805,0.06525812,-0.0202829,1.204351,0.05148009,0.01729155,0.9536874,0.1284803,0.1797171,1.364588,-0.7903501,0,0,0,0,-0.7071068,0,0,0,0,0,-0.7071068,0,0,0,0,0,-0.7071068,0,0,0,0,0,-0.7071068,0,0,0,0,0,-0.7071068,0
8.241306,13,1,1,0.1331785,1.377377,-0.6802807,0.02293836,-0.9381219,-0.3407806,0.4652293,0.6402066,0.2357917,-0.09379034,0.6424738,0.06574124,-0.02037676,1.204518,0.05181529,0.01762158,0.9534209,0.1291523,0.1796232,1.370118,-0.7871961,0,0,0,0,-0.7071068,0,0,0,0,0,-0.7071068,0,0,0,0,0,-0.7071068,0,0,0,0,0,-0.7071068,0,0,0,0,0,-0.7071068,0
8.263207,13,1,1,0.1304453,1.387409,-0.6746524,0.02487302,-0.9356641,-0.3479385,0.465195,0.6400235,0.236018,-0.09313394,0.642076,0.0658513,-0.0204508,1.20486,0.05242222,0.01942916,0.9524938,0.1317569,0.1795492,1.381147,-0.7808114,0,0,0,0,-0.7071068,0,0,0,0,0,-0.7071068,0,0,0,0,0,-0.7071068,0,0,0,0,0,-0.7071068,0,0,0,0,0,-0.7071068,0
8.274768,13,1,1,0.1292847,1.391948,-0.6720558,0.0247131,-0.9346185,-0.3509885,0.4652694,0.6399289,0.2360121,-0.09271138,0.6420488,0.06584204,-0.02052123,1.204993,0.05280355,0.02060449,0.9518365,0.1335783,0.1794788,1.386509,-0.7775238,0,0,0,0,-0.7071068,0,0,0,0,0,-0.7071068,0,0,0,0,0,-0.7071068,0,0,0,0,0,-0.7071068,0,0,0,0,0,-0.7071068,0
8.296611,13,1,1,0.1267265,1.401013,-0.66673,0.02872011,-0.931899,-0.3580286,0.4654986,0.6398674,0.2359428,-0.0919978,0.6420665,0.06567246,-0.02068285,1.205282,0.05379482,0.0225019,0.9507502,0.1366605,0.1793171,1.397312,-0.7705284,0,0,0,0,-0.7071068,0,0,0,0,0,-0.7071068,0,0,0,0,0,-0.7071068,0,0,0,0,0,-0.7071068,0,0,0,0,0,-0.7071068,0
8.308096,13,1,1,0.1256382,1.405164,-0.6640976,0.0280038,-0.9309129,-0.3606675,0.4656095,0.6399406,0.2357224,-0.09197018,0.6421371,0.06575602,-0.02081238,1.205421,0.05426992,0.02306646,0.9502568,0.138023,0.1791876,1.402689,-0.7669812,0,0,0,0,-0.7071068,0,0,0,0,0,-0.7071068,0,0,0,0,0,-0.7071068,0,0,0,0,0,-0.7071068,0,0,0,0,0,-0.7071068,0
8.330015,13,1,1,0.1238029,1.412871,-0.6594258,0.02233593,-0.9295892,-0.3648255,0.4658702,0.6398414,0.2354264,-0.09198281,0.6422297,0.06558287,-0.02124464,1.205758,0.05546531,0.02386694,0.9493346,0.1413516,0.1787554,1.413307,-0.7595935,0,0,0,0,-0.7071068,0,0,0,0,0,-0.7071068,0,0,0,0,0,-0.7071068,0,0,0,0,0,-0.7071068,0,0,0,0,0,-0.7071068,0
8.341518,13,1,1,0.1227052,1.416753,-0.6570407,0.02102688,-0.9287524,-0.3672847,0.4659478,0.6398582,0.2352386,-0.09222785,0.6422191,0.06533689,-0.02153718,1.205938,0.05614316,0.02428132,0.9489729,0.1428337,0.1784628,1.418742,-0.7556669,0,0,0,0,-0.7071068,0,0,0,0,0,-0.7071068,0,0,0,0,0,-0.7071068,0,0,0,0,0,-0.7071068,0,0,0,0,0,-0.7071068,0
8.363258,13,1,1,0.1203055,1.424587,-0.6519619,0.02490082,-0.9265857,-0.3726029,0.466052,0.6399255,0.2347527,-0.09309077,0.6423971,0.06478887,-0.02221266,1.206174,0.05749653,0.024925,0.9483716,0.1461033,0.1777873,1.42917,-0.7478465,0,0,0,0,-0.7071068,0,0,0,0,0,-0.7071068,0,0,0,0,0,-0.7071068,0,0,0,0,0,-0.7071068,0,0,0,0,0,-0.7071068,0
8.374556,13,1,1,0.1192967,1.428132,-0.6493729,0.0251366,-0.9258842,-0.3743688,0.4661194,0.6399453,0.2345789,-0.09324222,0.6424345,0.06466525,-0.02264702,1.206357,0.0582002,0.02508296,0.9481408,0.1478274,0.177353,1.4344,-0.743857,0,0,0,0,-0.7071068,0,0,0,0,0,-0.7071068,0,0,0,0,0,-0.7071068,0,0,0,0,0,-0.7071068,0,0,0,0,0,-0.7071068,0
8.396839,13,1,1,0.1173529,1.435572,-0.644157,0.02633357,-0.9245037,-0.3777955,0.4662541,0.6399846,0.2342313,-0.09354526,0.6425089,0.06441723,-0.02368076,1.206824,0.05959677,0.02501638,0.9476381,0.1521637,0.1763192,1.444845,-0.7358001,0,0,0,0,-0.7071068,0,0,0,0,0,-0.7071068,0,0,0,0,0,-0.7071068,0,0,0,0,0,-0.7071068,0,0,0,0,0,-0.7071068,0
8.408062,13,1,1,0.1163178,1.439401,-0.6415756,0.02784973,-0.9237217,-0.3796394,0.4663216,0.6400043,0.2340573,-0.09369732,0.6425462,0.06429282,-0.02422889,1.207026,0.06034818,0.02464546,0.9474409,0.1542453,0.1757711,1.45023,-0.7315008,0,0,0,0,-0.7071068,0,0,0,0,0,-0.7071068,0,0,0,0,0,-0.7071068,0,0,0,0,0,-0.7071068,0,0,0,0,0,-0.7071068,0
8.429941,13,1,1,0.1145528,1.446787,-0.6362854,0.02951196,-0.9219352,-0.3838491,0.4661876,0.6398196,0.2345749,-0.09309395,0.6429042,0.06450029,-0.02558865,1.207589,0.06174445,0.02311976,0.9472543,0.1580752,0.1744114,1.460531,-0.7232702,0,0,0,0,-0.7071068,0,0,0,0,0,-0.7071068,0,0,0,0,0,-0.7071068,0,0,0,0,0,-0.7071068,0,0,0,0,0,-0.7071068,0
8.441885,13,1,1,0.1137944,1.450648,-0.6335135,0.02866061,-0.9208326,-0.3866178,0.4661396,0.6397892,0.2347926,-0.09266455,0.6427065,0.06489632,-0.02632234,1.207924,0.06253842,0.02216537,0.9471707,0.1601351,0.1736777,1.465834,-0.7189032,0,0,0,0,-0.7071068,0,0,0,0,0,-0.7071068,0,0,0,0,0,-0.7071068,0,0,0,0,0,-0.7071068,0,0,0,0,0,-0.7071068,0
8.463257,14,1,1,0.1122696,1.458451,-0.6274853,0.0282146,-0.9181253,-0.393234,0.4663958,0.6395613,0.234354,-0.0924183,0.6425454,0.06515695,-0.02777779,1.208453,0.0639912,0.02011475,0.9469476,0.1648063,0.1722222,1.476053,-0.7103088,0,0,0,0,-0.7071068,0,0,0,0,0,-0.7071068,0,0,0,0,0,-0.7071068,0,0,0,0,0,-0.7071068,0,0,0,0,0,-0.7071068,0
8.474521,14,1,1,0.1114188,1.462134,-0.6244431,0.03053728,-0.9166352,-0.3965177,0.466334,0.6394602,0.2344609,-0.09216575,0.6424174,0.06549458,-0.02849521,1.208683,0.06470785,0.0190682,0.9468238,0.1673785,0.1715048,1.481147,-0.7059191,0,0,0,0,-0.7071068,0,0,0,0,0,-0.7071068,0,0,0,0,0,-0.7071068,0,0,0,0,0,-0.7071068,0,0,0,0,0,-0.7071068,0
8.496549,14,1,1,0.1102484,1.469295,-0.6186829,0.03546819,-0.9147516,-0.4002313,0.4661408,0.6399459,0.2347377,-0.09176906,0.6422234,0.06572428,-0.0299544,1.209229,0.06621261,0.01677573,0.9466002,0.1725083,0.1700456,1.491221,-0.6970443,0,0,0,0,-0.7071068,0,0,0,0,0,-0.7071068,0,0,0,0,0,-0.7071068,0,0,0,0,0,-0.7071068,0,0,0,0,0,-0.7071068,0
8.507964,14,1,1,0.109897,1.472646,-0.6159568,0.03587461,-0.9142394,-0.4013014,0.4661182,0.6399322,0.2348159,-0.09152707,0.6421518,0.06595632,-0.03065353,1.209619,0.06696349,0.01590332,0.9463927,0.175521,0.1693465,1.496372,-0.6925214,0,0,0,0,-0.7071068,0,0,0,0,0,-0.7071068,0,0,0,0,0,-0.7071068,0,0,0,0,0,-0.7071068,0,0,0,0,0,-0.7071068,0
8.529873,14,1,1,0.1091419,1.479472,-0.6102911,0.03805518,-0.9126532,-0.4045519,0.4660865,0.6397326,0.2350756,-0.09139236,0.6420187,0.06573202,-0.03217558,1.210616,0.0684875,0.01468643,0.9457871,0.1818979,0.1678244,1.506694,-0.683431,0,0,0,0,-0.7071068,0,0,0,0,0,-0.7071068,0,0,0,0,0,-0.7071068,0,0,0,0,0,-0.7071068,0,0,0,0,0,-0.7071068,0
8.541308,14,1,1,0.1087836,1.482907,-0.607406,0.04015251,-0.9115877,-0.4066019,0.4660896,0.6397295,0.2351265,-0.09135075,0.6419876,0.06570552,-0.03292125,1.211057,0.06919882,0.01408794,0.9455169,0.1847546,0.1670788,1.511849,-0.6788039,0,0,0,0,-0.7071068,0,0,0,0,0,-0.7071068,0,0,0,0,0,-0.7071068,0,0,0,0,0,-0.7071068,0,0,0,0,0,-0.7071068,0
8.567433,14,1,1,0.1083604,1.489787,-0.6011785,0.04130317,-0.9091165,-0.411774,0.4660847,0.6396661,0.235201,-0.09103825,0.6420902,0.06519679,-0.03366069,1.211426,0.06980485,0.01328767,0.9452103,0.1875996,0.1663393,1.516973,-0.6741828,0,0,0,0,-0.7071068,0,0,0,0,0,-0.7071068,0,0,0,0,0,-0.7071068,0,0,0,0,0,-0.7071068,0,0,0,0,0,-0.7071068,0
8.594632,14,1,1,0.107359,1.499426,-0.591903,0.03951569,-0.9052833,-0.4202828,0.4660081,0.6395743,0.2351619,-0.09074064,0.6423143,0.06519321,-0.03522334,1.212173,0.07097416,0.01120963,0.9447618,0.1929597,0.1647767,1.528464,-0.6636996,0,0,0,0,-0.7071068,0,0,0,0,0,-0.7071068,0,0,0,0,0,-0.7071068,0,0,0,0,0,-0.7071068,0,0,0,0,0,-0.7071068,0
8.621421,14,1,1,0.1066399,1.505971,-0.5859237,0.03850745,-0.9033363,-0.4244895,0.4659471,0.6394527,0.2350667,-0.09033804,0.6425688,0.06514065,-0.03748071,1.213203,0.07253672,0.00808008,0.9441413,0.199897,0.1625193,1.540497,-0.6522339,0,0,0,0,-0.7071068,0,0,0,0,0,-0.7071068,0,0,0,0,0,-0.7071068,0,0,0,0,0,-0.7071068,0,0,0,0,0,-0.7071068,0
8.648357,14,1,1,0.1047737,1.515986,-0.5765857,0.04007812,-0.8997288,-0.4320579,0.4660447,0.6394409,0.2354924,-0.08994633,0.6424276,0.06535226,-0.03900975,1.213866,0.07345031,0.005838819,0.9436312,0.2035152,0.1609903,1.551811,-0.6413639,0,0,0,0,-0.7071068,0,0,0,0,0,-0.7071068,0,0,0,0,0,-0.7071068,0,0,0,0,0,-0.7071068,0,0,0,0,0,-0.7071068,0
8.669065,14,1,1,0.1026042,1.526462,-0.5668046,0.04064164,-0.8949234,-0.4421552,0.4661295,0.6394989,0.2355116,-0.09013177,0.6423053,0.06536743,-0.0432191,1.215233,0.07582824,-0.002611302,0.9422284,0.2119398,0.1567809,1.567568,-0.6249224,0,0,0,0,-0.7071068,0,0,0,0,0,-0.7071068,0,0,0,0,0,-0.7071068,0,0,0,0,0,-0.7071068,0,0,0,0,0,-0.7071068,0
8.69209,14,1,1,0.1017571,1.53317,-0.5599862,0.03861886,-0.8911917,-0.4499014,0.4661877,0.6394925,0.2354719,-0.0902418,0.6424493,0.06550998,-0.0444856,1.21549,0.07635475,-0.004875891,0.9419088,0.2136033,0.1555144,1.571911,-0.6202666,0,0,0,0,-0.7071068,0,0,0,0,0,-0.7071068,0,0,0,0,0,-0.7071068,0,0,0,0,0,-0.7071068,0,0,0,0,0,-0.7071068,0
8.713519,14,1,1,0.100702,1.539495,-0.5534965,0.04162872,-0.8881311,-0.4555293,0.46636,0.6393205,0.2351311,-0.09007369,0.6428614,0.06503172,-0.04557356,1.215703,0.07689901,-0.006339744,0.9417051,0.2148666,0.1544264,1.580835,-0.6107123,0,0,0,0,-0.7071068,0,0,0,0,0,-0.7071068,0,0,0,0,0,-0.7071068,0,0,0,0,0,-0.7071068,0,0,0,0,0,-0.7071068,0
8.735801,14,1,1,0.100062,1.5454,-0.5474249,0.04064338,-0.8867025,-0.4582777,0.466533,0.6391039,0.2350874,-0.08947543,0.642953,0.06502538,-0.0468283,1.215983,0.07746232,-0.007803127,0.9412116,0.2171996,0.1531717,1.58909,-0.6016388,0,0,0,0,-0.7071068,0,0,0,0,0,-0.7071068,0,0,0,0,0,-0.7071068,0,0,0,0,0,-0.7071068,0,0,0,0,0,-0.7071068,0
8.758336,14,1,1,0.09961708,1.551197,-0.5416003,0.03679007,-0.8852098,-0.4615579,0.4666657,0.6390519,0.2349077,-0.08938169,0.6430528,0.06479065,-0.04818796,1.216336,0.07809509,-0.01006445,0.9408631,0.2193864,0.151812,1.5976,-0.5920319,0,0,0,0,-0.7071068,0,0,0,0,0,-0.7071068,0,0,0,0,0,-0.7071068,0,0,0,0,0,-0.7071068,0,0,0,0,0,-0.7071068,0
8.780235,14,1,1,0.09866686,1.556813,-0.5352491,0.03592215,-0.8820986,-0.4675977,0.4666404,0.6391809,0.234819,-0.08965186,0.6430556,0.06470527,-0.04939554,1.216384,0.07877991,-0.01212804,0.9409881,0.2202826,0.1506045,1.605755,-0.582143,0,0,0,0,-0.7071068,0,0,0,0,0,-0.7071068,0,0,0,0,0,-0.7071068,0,0,0,0,0,-0.7071068,0,0,0,0,0,-0.7071068,0
8.802366,14,1,1,0.09771164,1.562475,-0.5283977,0.03853448,-0.8774365,-0.4758996,0.4664958,0.6393254,0.2347276,-0.09015295,0.6430907,0.06492777,-0.05067089,1.216305,0.07948754,-0.01295447,0.9412074,0.2210264,0.1493291,1.613413,-0.5723701,0,0,0,0,-0.7071068,0,0,0,0,0,-0.7071068,0,0,0,0,0,-0.7071068,0,0,0,0,0,-0.7071068,0,0,0,0,0,-0.7071068,0
8.824863,14,1,1,0.09700342,1.567206,-0.5224723,0.03678386,-0.8749822,-0.4805837,0.4664182,0.6394606,0.2347725,-0.09015965,0.6428228,0.06555529,-0.05199633,1.216266,0.08024216,-0.01268149,0.9413318,0.2224507,0.1480037,1.621053,-0.5623353,0,0,0,0,-0.7071068,0,0,0,0,0,-0.7071068,0,0,0,0,0,-0.7071068,0,0,0,0,0,-0.7071068,0,0,0,0,0,-0.7071068,0
8.846781,14,1,1,0.09656473,1.571553,-0.516916,0.03669913,-0.8732376,-0.4835954,0.4663413,0.6394947,0.234817,-0.08970662,0.6424832,0.06609366,-0.05324094,1.216305,0.08111351,-0.01276837,0.9412682,0.2243308,0.1467591,1.628749,-0.5519098,0,0,0,0,-0.7071068,0,0,0,0,0,-0.7071068,0,0,0,0,0,-0.7071068,0,0,0,0,0,-0.7071068,0,0,0,0,0,-0.7071068,0
8.869072,14,1,1,0.09585316,1.575754,-0.5115685,0.03850472,-0.8715608,-0.4862475,0.466247,0.6394697,0.2350291,-0.08881248,0.642082,0.06668978,-0.05453697,1.216434,0.08198626,-0.01441163,0.940877,0.2266243,0.145463,1.636194,-0.5416144,0,0,0,0,-0.7071068,0,0,0,0,0,-0.7071068,0,0,0,0,0,-0.7071068,0,0,0,0,0,-0.7071068,0,0,0,0,0,-0.7071068,0
8.89143,14,1,1,0.09441109,1.579986,-0.5064769,0.041501,-0.8700674,-0.4886513,0.4661845,0.6394494,0.235038,-0.08866644,0.6418661,0.0670376,-0.05573635,1.216864,0.08302341,-0.01585671,0.9406941,0.2284696,0.1442637,1.643915,-0.5308805,0,0,0,0,-0.7071068,0,0,0,0,0,-0.7071068,0,0,0,0,0,-0.7071068,0,0,0,0,0,-0.7071068,0,0,0,0,0,-0.7071068,0
8.91347,14,1,1,0.09243698,1.584359,-0.5012735,0.04192533,-0.8679009,-0.4927147,0.4662322,0.6394143,0.2350225,-0.08888383,0.6418438,0.06681982,-0.05684254,1.217099,0.08394147,-0.0176929,0.9398569,0.2316205,0.1431575,1.651311,-0.520124,0,0,0,0,-0.7071068,0,0,0,0,0,-0.7071068,0,0,0,0,0,-0.7071068,0,0,0,0,0,-0.7071068,0,0,0,0,0,-0.7071068,0
8.935695,14,1,1,0.09009416,1.589515,-0.4955116,0.04524255,-0.8657875,-0.4963998,0.4663405,0.6395118,0.2350187,-0.08888794,0.6419027,0.06676861,-0.05802429,1.217214,0.08499954,-0.0194785,0.9390848,0.2341895,0.1419757,1.658334,-0.5092588,0,0,0,0,-0.7071068,0,0,0,0,0,-0.7071068,0,0,0,0,0,-0.7071068,0,0,0,0,0,-0.7071068,0,0,0,0,0,-0.7071068,0
8.958436,14,1,1,0.08774776,1.594525,-0.4898649,0.05590381,-0.8639677,-0.4985539,0.4664567,0.6396033,0.2350506,-0.08883063,0.641914,0.06672613,-0.05921641,1.217537,0.08609221,-0.02184495,0.9384718,0.2360997,0.1407836,1.665469,-0.4981708,0,0,0,0,-0.7071068,0,0,0,0,0,-0.7071068,0,0,0,0,0,-0.7071068,0,0,0,0,0,-0.7071068,0,0,0,0,0,-0.7071068,0
8.980305,14,1,1,0.08609993,1.599355,-0.4837103,0.06638227,-0.8618165,-0.5007422,0.4665479,0.6395366,0.2352322,-0.08847658,0.6418612,0.06700192,-0.06041583,1.218056,0.08719784,-0.02524189,0.9377018,0.2387735,0.1395842,1.672797,-0.4867292,0,0,0,0,-0.7071068,0,0,0,0,0,-0.7071068,0,0,0,0,0,-0.7071068,0,0,0,0,0,-0.7071068,0,0,0,0,0,-0.7071068,0
9.002335,14,1,1,0.08578045,1.604345,-0.4769507,0.06783186,-0.8589265,-0.505203,0.4665658,0.6395235,0.2353313,-0.0879768,0.6418421,0.06721909,-0.06159652,1.218688,0.08812134,-0.02790746,0.9364792,0.2429523,0.1384035,1.679821,-0.4757658,0,0,0,0,-0.7071068,0,0,0,0,0,-0.7071068,0,0,0,0,0,-0.7071068,0,0,0,0,0,-0.7071068,0,0,0,0,0,-0.7071068,0
9.025867,14,1,1,0.08558948,1.609529,-0.4702232,0.06289159,-0.8556072,-0.5113712,0.4665982,0.6393878,0.2351949,-0.08771902,0.6420575,0.06708878,-0.06292012,1.218982,0.088769,-0.02915484,0.9352223,0.2469321,0.1370799,1.686399,-0.4649069,0,0,0,0,-0.7071068,0,0,0,0,0,-0.7071068,0,0,0,0,0,-0.7071068,0,0,0,0,0,-0.7071068,0,0,0,0,0,-0.7071068,0
9.046726,14,1,1,0.08495361,1.61493,-0.4627014,0.05852707,-0.8518897,-0.5181031,0.4667157,0.6393086,0.2349529,-0.08769336,0.6424355,0.06634256,-0.06405346,1.219405,0.08921736,-0.03074562,0.9341408,0.2497947,0.1359465,1.69336,-0.4534451,0,0,0,0,-0.7071068,0,0,0,0,0,-0.7071068,0,0,0,0,0,-0.7071068,0,0,0,0,0,-0.7071068,0,0,0,0,0,-0.7071068,0
9.068961,14,1,1,0.08338983,1.620491,-0.4554601,0.06339672,-0.8491872,-0.5219047,0.4667466,0.6391349,0.2349385,-0.08810739,0.642881,0.06565973,-0.06510209,1.21978,0.08961921,-0.0335749,0.9333983,0.2513263,0.1348979,1.699379,-0.4431925,0,0,0,0,-0.7071068,0,0,0,0,0,-0.7071068,0,0,0,0,0,-0.7071068,0,0,0,0,0,-0.7071068,0,0,0,0,0,-0.7071068,0
9.091496,14,1,1,0.08105523,1.626158,-0.4479973,0.07585737,-0.8462167,-0.5249085,0.4668017,0.6392698,0.2348206,-0.08878405,0.6432421,0.0653275,-0.0661337,1.219884,0.09007972,-0.03606061,0.9330611,0.2519563,0.1338663,1.693463,-0.4532296,0,0,0,0,-0.7071068,0,0,0,0,0,-0.7071068,0,0,0,0,0,-0.7071068,0,0,0,0,0,-0.7071068,0,0,0,0,0,-0.7071068,0
9.113394,14,1,1,0.07955033,1.631712,-0.44032,0.08124094,-0.8430016,-0.5291514,0.4667634,0.6393601,0.234717,-0.08908458,0.6433715,0.06563818,-0.06722729,1.219875,0.09031706,-0.03692058,0.9328165,0.2531677,0.1327727,1.687186,-0.4635343,0,0,0,0,-0.7071068,0,0,0,0,0,-0.7071068,0,0,0,0,0,-0.7071068,0,0,0,0,0,-0.7071068,0,0,0,0,0,-0.7071068,0
9.135554,14,1,1,0.07893521,1.636616,-0.4319252,0.07876058,-0.8387172,-0.5363697,0.466702,0.6393864,0.2346729,-0.08931667,0.6433741,0.06576626,-0.06825994,1.219872,0.0905588,-0.03722612,0.9325825,0.2542228,0.1317401,1.680935,-0.4734415,0,0,0,0,-0.7071068,0,0,0,0,0,-0.7071068,0,0,0,0,0,-0.7071068,0,0,0,0,0,-0.7071068,0,0,0,0,0,-0.7071068,0
9.158232,14,1,1,0.07821805,1.641826,-0.4234875,0.07513379,-0.8346792,-0.5432438,0.4666015,0.6393833,0.2347405,-0.08914951,0.6430229,0.06584527,-0.06899028,1.219893,0.09076755,-0.03791264,0.9322975,0.2548852,0.1310097,1.674474,-0.4834051,0,0,0,0,-0.7071068,0,0,0,0,0,-0.7071068,0,0,0,0,0,-0.7071068,0,0,0,0,0,-0.7071068,0,0,0,0,0,-0.7071068,0
9.180117,14,1,1,0.07710094,1.646919,-0.4153531,0.07653165,-0.8312877,-0.548254,0.4664315,0.6394598,0.2348138,-0.08924226,0.6427298,0.06600011,-0.06972332,1.219846,0.09087174,-0.03930428,0.9319991,0.2555441,0.1302767,1.667634,-0.4936056,0,0,0,0,-0.7071068,0,0,0,0,0,-0.7071068,0,0,0,0,0,-0.7071068,0,0,0,0,0,-0.7071068,0,0,0,0,0,-0.7071068,0
9.20213,14,1,1,0.07574327,1.651997,-0.4072139,0.07971494,-0.8276539,-0.5532507,0.4663364,0.639541,0.2347649,-0.0894483,0.642547,0.06627487,-0.07045072,1.219995,0.09106282,-0.04083834,0.931679,0.2565762,0.1295493,1.661073,-0.5032557,0,0,0,0,-0.7071068,0,0,0,0,0,-0.7071068,0,0,0,0,0,-0.7071068,0,0,0,0,0,-0.7071068,0,0,0,0,0,-0.7071068,0
9.22514,14,1,1,0.07428879,1.65736,-0.3990536,0.08257468,-0.8239533,-0.5583196,0.4662925,0.6396521,0.2346983,-0.08985034,0.6424557,0.06633604,-0.07090259,1.220332,0.09121595,-0.04237126,0.9312447,0.2577459,0.1290974,1.65451,-0.5128969,0,0,0,0,-0.7071068,0,0,0,0,0,-0.7071068,0,0,0,0,0,-0.7071068,0,0,0,0,0,-0.7071068,0,0,0,0,0,-0.7071068,0
9.246608,14,1,1,0.07315273,1.66227,-0.3906226,0.08427189,-0.8206918,-0.5628118,0.4662608,0.6396539,0.2348125,-0.08996205,0.6422004,0.06651373,-0.07128086,1.220544,0.0912741,-0.04327895,0.9308462,0.2585325,0.1287192,1.64735,-0.5229616,0,0,0,0,-0.7071068,0,0,0,0,0,-0.7071068,0,0,0,0,0,-0.7071068,0,0,0,0,0,-0.7071068,0,0,0,0,0,-0.7071068,0
9.268991,14,1,0,0.07253677,1.667083,-0.3817804,0.08358204,-0.8161874,-0.5693291,0.4663371,0.6396465,0.2348586,-0.08955005,0.6420975,0.06657812,-0.07176264,1.220667,0.09133755,-0.04396407,0.9307548,0.258427,0.1282374,1.640448,-0.5322353,0,0,0,0,-0.7071068,0,0,0,0,0,-0.7071068,0,0,0,0,0,-0.7071068,0,0,0,0,0,-0.7071068,0,0,0,0,0,-0.7071068,0
9.291598,14,1,0,0.07173458,1.67187,-0.3725109,0.08292688,-0.8111962,-0.57645,0.4664389,0.6395557,0.2349393,-0.08887672,0.641965,0.06692509,-0.07220519,1.220598,0.09132961,-0.04500336,0.9308617,0.2577509,0.1277948,1.632907,-0.5418652,0,0,0,0,-0.7071068,0,0,0,0,0,-0.7071068,0,0,0,0,0,-0.7071068,0,0,0,0,0,-0.7071068,0,0,0,0,0,-0.7071068,0
9.313455,14,1,0,0.07086114,1.676493,-0.3639574,0.08440067,-0.8071277,-0.5818014,0.4665075,0.6394309,0.2350002,-0.08840469,0.6420361,0.06718551,-0.07259405,1.220571,0.09139574,-0.04609225,0.9310341,0.2572688,0.127406,1.625182,-0.5513976,0,0,0,0,-0.7071068,0,0,0,0,0,-0.7071068,0,0,0,0,0,-0.7071068,0,0,0,0,0,-0.7071068,0,0,0,0,0,-0.7071068,0
9.335438,14,1,0,0.07040647,1.680377,-0.355264,0.0860877,-0.8031329,-0.5868652,0.4665659,0.6393803,0.2349029,-0.08837154,0.642221,0.06721848,-0.07286164,1.22059,0.09149144,-0.04612827,0.9311494,0.2571439,0.1271384,1.617615,-0.5604649,0,0,0,0,-0.7071068,0,0,0,0,0,-0.7071068,0,0,0,0,0,-0.7071068,0,0,0,0,0,-0.7071068,0,0,0,0,0,-0.7071068,0
9.357967,14,1,0,0.06986622,1.68413,-0.3467121,0.08773416,-0.798879,-0.5922853,0.4665277,0.639392,0.2348114,-0.0883217,0.6423858,0.06748518,-0.07300423,1.220461,0.09154397,-0.04589008,0.9312347,0.2570776,0.1269958,1.609718,-0.5695108,0,0,0,0,-0.7071068,0,0,0,0,0,-0.7071068,0,0,0,0,0,-0.7071068,0,0,0,0,0,-0.7071068,0,0,0,0,0,-0.7071068,0
9.379834,14,1,0,0.06958083,1.687492,-0.3383001,0.08854315,-0.794972,-0.5972819,0.4665978,0.6393858,0.2347556,-0.08841789,0.6426505,0.06762074,-0.07290123,1.220289,0.09149557,-0.04528434,0.9314734,0.2565258,0.1270988,1.601438,-0.5787594,0,0,0,0,-0.7071068,0,0,0,0,0,-0.7071068,0,0,0,0,0,-0.7071068,0,0,0,0,0,-0.7071068,0,0,0,0,0,-0.7071068,0
9.402102,14,1,0,0.06959835,1.688873,-0.3345039,0.08950803,-0.7933798,-0.5991386,0.4665728,0.6394581,0.2348464,-0.08839845,0.6427763,0.06767236,-0.07279482,1.220131,0.09148043,-0.04529352,0.9319468,0.2555026,0.1272052,1.593276,-0.5875807,0,0,0,0,-0.7071068,0,0,0,0,0,-0.7071068,0,0,0,0,0,-0.7071068,0,0,0,0,0,-0.7071068,0,0,0,0,0,-0.7071068,0
9.419255,14,1,0,0.06958,1.690373,-0.3307648,0.09057322,-0.7918946,-0.600813,0.4665129,0.6395261,0.2347326,-0.08815674,0.6428354,0.06809928,-0.07282288,1.220048,0.09147572,-0.0452003,0.9322038,0.2550496,0.1271771,1.584903,-0.5964267,0,0,0,0,-0.7071068,0,0,0,0,0,-0.7071068,0,0,0,0,0,-0.7071068,0,0,0,0,0,-0.7071068,0,0,0,0,0,-0.7071068,0
9.436971,14,1,0,0.06991211,1.692916,-0.3240325,0.09187722,-0.789364,-0.6037545,0.4664908,0.6396124,0.2347992,-0.08778009,0.6429528,0.06871131,-0.07276702,1.219968,0.09145979,-0.04512659,0.9324254,0.2545489,0.127233,1.578344,-0.603165,0,0,0,0,-0.7071068,0,0,0,0,0,-0.7071068,0,0,0,0,0,-0.7071068,0,0,0,0,0,-0.7071068,0,0,0,0,0,-0.7071068,0
9.454717,14,1,0,0.07004956,1.694296,-0.3206208,0.09300652,-0.7880625,-0.6051927,0.4664663,0.6396147,0.2348302,-0.08750661,0.6429381,0.06904048,-0.07269877,1.219728,0.09161969,-0.04474157,0.9330008,0.2533378,0.1273012,1.571329,-0.6098657,0,0,0,0,-0.7071068,0,0,0,0,0,-0.7071068,0,0,0,0,0,-0.7071068,0,0,0,0,0,-0.7071068,0,0,0,0,0,-0.7071068,0
9.472727,14,1,0,0.07127706,1.695819,-0.3152626,0.09524918,-0.7852013,-0.608283,0.4663129,0.63987,0.2349136,-0.08691204,0.643005,0.07027283,-0.07264102,1.219539,0.0918051,-0.0446291,0.9333601,0.252545,0.127359,1.564269,-0.6164681,0,0,0,0,-0.7071068,0,0,0,0,0,-0.7071068,0,0,0,0,0,-0.7071068,0,0,0,0,0,-0.7071068,0,0,0,0,0,-0.7071068,0
9.490388,14,1,0,0.07221309,1.696187,-0.3126722,0.09490287,-0.7838605,-0.6099519,0.4661211,0.6397955,0.2351728,-0.08652306,0.6428469,0.07105237,-0.07242518,1.219239,0.09229334,-0.04422466,0.934181,0.2509592,0.1275748,1.55691,-0.6227812,0,0,0,0,-0.7071068,0,0,0,0,0,-0.7071068,0,0,0,0,0,-0.7071068,0,0,0,0,0,-0.7071068,0,0,0,0,0,-0.7071068,0
9.507691,14,1,0,0.07453791,1.696556,-0.3088754,0.09333354,-0.7815152,-0.6129775,0.465894,0.6399531,0.2353874,-0.08590087,0.6424251,0.07285362,-0.07211524,1.219019,0.09302879,-0.04378452,0.9347895,0.2504098,0.1278848,1.549687,-0.6286287,0,0,0,0,-0.7071068,0,0,0,0,0,-0.7071068,0,0,0,0,0,-0.7071068,0,0,0,0,0,-0.7071068,0,0,0,0,0,-0.7071068,0
9.526024,14,1,0,0.07700256,1.696481,-0.3067743,0.09281689,-0.7796123,-0.6152112,0.4656914,0.6400927,0.2356317,-0.08546885,0.6417923,0.07447439,-0.07195792,1.218902,0.09346683,-0.04327797,0.9349329,0.2506517,0.1280421,1.542628,-0.6345561,0,0,0,0,-0.7071068,0,0,0,0,0,-0.7071068,0,0,0,0,0,-0.7071068,0,0,0,0,0,-0.7071068,0,0,0,0,0,-0.7071068,0
9.544119,14,1,0,0.07831315,1.696062,-0.3066949,0.09372744,-0.779035,-0.6156025,0.4655447,0.6401932,0.2358137,-0.08513572,0.6415272,0.07555028,-0.07155021,1.21871,0.09433419,-0.04217535,0.935183,0.2511527,0.1284498,1.535,-0.6403409,0,0,0,0,-0.7071068,0,0,0,0,0,-0.7071068,0,0,0,0,0,-0.7071068,0,0,0,0,0,-0.7071068,0,0,0,0,0,-0.7071068,0
9.562531,14,1,0,0.08083764,1.694906,-0.308412,0.0932346,-0.7804673,-0.6138056,0.4654109,0.6403266,0.2363814,-0.0847654,0.6406213,0.07671801,-0.07127108,1.218736,0.09478857,-0.04168843,0.9352039,0.2514895,0.1287289,1.527603,-0.6463585,0,0,0,0,-0.7071068,0,0,0,0,0,-0.7071068,0,0,0,0,0,-0.7071068,0,0,0,0,0,-0.7071068,0,0,0,0,0,-0.7071068,0
9.580735,14,1,0,0.08335022,1.693122,-0.3117988,0.09079552,-0.7837507,-0.6102401,0.4652107,0.6404094,0.2364493,-0.0845949,0.640097,0.07734223,-0.07046271,1.218888,0.09578445,-0.04124867,0.9348813,0.2526737,0.1295373,1.520118,-0.6518515,0,0,0,0,-0.7071068,0,0,0,0,0,-0.7071068,0,0,0,0,0,-0.7071068,0,0,0,0,0,-0.7071068,0,0,0,0,0,-0.7071068,0
9.597955,14,1,0,0.08441202,1.6914,-0.3140129,0.08979777,-0.7860075,-0.6076512,0.4652539,0.6404603,0.2365055,-0.08442602,0.6399938,0.07758572,-0.06938351,1.218936,0.09673452,-0.04099069,0.934548,0.2532435,0.1306165,1.512534,-0.6572198,0,0,0,0,-0.7071068,0,0,0,0,0,-0.7071068,0,0,0,0,0,-0.7071068,0,0,0,0,0,-0.7071068,0,0,0,0,0,-0.7071068,0
9.615198,14,1,0,0.08708362,1.687905,-0.3203186,0.08964109,-0.7907597,-0.6017061,0.4653477,0.6405079,0.2366141,-0.08399104,0.6398679,0.07809363,-0.06878778,1.21885,0.09720815,-0.04072357,0.9345023,0.2529875,0.1312122,1.505156,-0.6626331,0,0,0,0,-0.7071068,0,0,0,0,0,-0.7071068,0,0,0,0,0,-0.7071068,0,0,0,0,0,-0.7071068,0,0,0,0,0,-0.7071068,0
9.633632,14,1,0,0.08855382,1.68584,-0.3239723,0.08994764,-0.7933689,-0.5982828,0.4654154,0.6404918,0.2366348,-0.08370218,0.6398912,0.07833108,-0.06744202,1.218515,0.09799223,-0.03957237,0.9346482,0.251205,0.132558,1.497448,-0.6676561,0,0,0,0,-0.7071068,0,0,0,0,0,-0.7071068,0,0,0,0,0,-0.7071068,0,0,0,0,0,-0.7071068,0,0,0,0,0,-0.7071068,0
9.652055,14,1,0,0.0916808,1.680895,-0.3323088,0.09200847,-0.7988998,-0.5905436,0.4653504,0.6401725,0.2370909,-0.08260287,0.6399863,0.07934105,-0.06676195,1.218315,0.09840704,-0.03873809,0.9348059,0.2500868,0.133238,1.48929,-0.6733505,0,0,0,0,-0.7071068,0,0,0,0,0,-0.7071068,0,0,0,0,0,-0.7071068,0,0,0,0,0,-0.7071068,0,0,0,0,0,-0.7071068,0
9.669192,14,1,0,0.09545355,1.67434,-0.342896,0.09381172,-0.8052354,-0.5814964,0.4653689,0.6400952,0.2374111,-0.0808442,0.6400573,0.0808442,-0.06517398,1.217684,0.09903826,-0.03690711,0.9353561,0.2467825,0.134826,1.480628,-0.6787223,0,0,0,0,-0.7071068,0,0,0,0,0,-0.7071068,0,0,0,0,0,-0.7071068,0,0,0,0,0,-0.7071068,0,0,0,0,0,-0.7071068,0
9.686065,14,1,0,0.09728532,1.671057,-0.3488476,0.09428728,-0.8086149,-0.5766777,0.4653781,0.6400653,0.2375449,-0.08004409,0.6400484,0.08149873,-0.06356503,1.216902,0.09971675,-0.0351269,0.9363533,0.2423084,0.136435,1.472306,-0.6835347,0,0,0,0,-0.7071068,0,0,0,0,0,-0.7071068,0,0,0,0,0,-0.7071068,0,0,0,0,0,-0.7071068,0,0,0,0,0,-0.7071068,0
9.703106,14,1,0,0.1018385,1.661649,-0.3625143,0.09079978,-0.8169554,-0.5655791,0.465369,0.6401088,0.2378994,-0.07845467,0.6397162,0.08343717,-0.06271728,1.216419,0.1000578,-0.03430301,0.9369877,0.2396716,0.1372827,1.464337,-0.6885111,0,0,0,0,-0.7071068,0,0,0,0,0,-0.7071068,0,0,0,0,0,-0.7071068,0,0,0,0,0,-0.7071068,0,0,0,0,0,-0.7071068,0
9.720354,14,1,0,0.1044581,1.656614,-0.3700991,0.08847784,-0.8216491,-0.5592036,0.4652698,0.6402042,0.2380279,-0.0780403,0.6395918,0.08454563,-0.06101605,1.215323,0.1007772,-0.03190572,0.9384222,0.2341128,0.138984,1.455616,-0.6930725,0,0,0,0,-0.7071068,0,0,0,0,0,-0.7071068,0,0,0,0,0,-0.7071068,0,0,0,0,0,-0.7071068,0,0,0,0,0,-0.7071068,0
9.738091,14,1,0,0.1104306,1.645368,-0.3866445,0.08083613,-0.8317621,-0.545279,0.4650209,0.6404811,0.2383004,-0.07776792,0.639293,0.08669158,-0.06003189,1.214767,0.1011027,-0.03009302,0.9390982,0.2315986,0.1399681,1.447279,-0.6979993,0,0,0,0,-0.7071068,0,0,0,0,0,-0.7071068,0,0,0,0,0,-0.7071068,0,0,0,0,0,-0.7071068,0,0,0,0,0,-0.7071068,0
9.754997,14,1,0,0.113396,1.639633,-0.3946483,0.076967,-0.8365101,-0.5385574,0.4648557,0.6405548,0.238356,-0.07776233,0.6391996,0.08736484,-0.05822768,1.213826,0.1017713,-0.02630574,0.9402162,0.2272678,0.1417723,1.438271,-0.7026337,0,0,0,0,-0.7071068,0,0,0,0,0,-0.7071068,0,0,0,0,0,-0.7071068,0,0,0,0,0,-0.7071068,0,0,0,0,0,-0.7071068,0
9.77154,14,1,0,0.1193722,1.626491,-0.4123555,0.06649236,-0.8467058,-0.5239919,0.4646257,0.6406548,0.2383368,-0.07818226,0.63913,0.08796922,-0.05729136,1.213477,0.102085,-0.02438229,0.9406825,0.2256087,0.1427086,1.430173,-0.7072816,0,0,0,0,-0.7071068,0,0,0,0,0,-0.7071068,0,0,0,0,0,-0.7071068,0,0,0,0,0,-0.7071068,0,0,0,0,0,-0.7071068,0
9.788962,14,1,0,0.1224045,1.619566,-0.4212905,0.06145224,-0.8518018,-0.5163753,0.4645472,0.6406525,0.2385064,-0.07821006,0.6390772,0.08848285,-0.05541816,1.212911,0.1024927,-0.02128048,0.9414106,0.2231226,0.1445818,1.421968,-0.7116399,0,0,0,0,-0.7071068,0,0,0,0,0,-0.7071068,0,0,0,0,0,-0.7071068,0,0,0,0,0,-0.7071068,0,0,0,0,0,-0.7071068,0
9.806695,14,1,0,0.1278226,1.605457,-0.4390753,0.0560893,-0.8610694,-0.5014455,0.4642672,0.6407288,0.2386528,-0.07853109,0.6392336,0.08849609,-0.05348953,1.212523,0.1026323,-0.01916612,0.9421265,0.2208267,0.1465105,1.413476,-0.7164242,0,0,0,0,-0.7071068,0,0,0,0,0,-0.7071068,0,0,0,0,0,-0.7071068,0,0,0,0,0,-0.7071068,0,0,0,0,0,-0.7071068,0
9.824669,14,1,0,0.1326638,1.590541,-0.4567237,0.05299978,-0.8696904,-0.4867107,0.464257,0.640664,0.2387336,-0.07823198,0.6393349,0.08858568,-0.05244014,1.21233,0.1026047,-0.01837072,0.9425082,0.2196168,0.1475599,1.404974,-0.7213615,0,0,0,0,-0.7071068,0,0,0,0,0,-0.7071068,0,0,0,0,0,-0.7071068,0,0,0,0,0,-0.7071068,0,0,0,0,0,-0.7071068,0
9.842816,14,1,0,0.1348282,1.582955,-0.4656065,0.0506797,-0.8740213,-0.4792944,0.4643101,0.6405915,0.2388158,-0.07801577,0.6394385,0.08847401,-0.0503203,1.21191,0.1022579,-0.01668797,0.9432585,0.2168138,0.1496797,1.39607,-0.7265797,0,0,0,0,-0.7071068,0,0,0,0,0,-0.7071068,0,0,0,0,0,-0.7071068,0,0,0,0,0,-0.7071068,0,0,0,0,0,-0.7071068,0
9.86032,14,1,0,0.1397206,1.567488,-0.4832869,0.04501499,-0.8820459,-0.4650891,0.4644445,0.6405103,0.2390386,-0.07693914,0.6395816,0.0889207,-0.04922822,1.211697,0.101913,-0.01590125,0.9436083,0.2153989,0.1507718,1.387231,-0.7317346,0,0,0,0,-0.7071068,0,0,0,0,0,-0.7071068,0,0,0,0,0,-0.7071068,0,0,0,0,0,-0.7071068,0,0,0,0,0,-0.7071068,0
9.877828,14,1,0,0.142281,1.559251,-0.4921017,0.04254842,-0.8857381,-0.4581443,0.464498,0.6404606,0.2391629,-0.07643899,0.6396793,0.08931031,-0.04704856,1.211349,0.1010386,-0.01401956,0.9443902,0.2121819,0.1529514,1.378506,-0.7371444,0,0,0,0,-0.7071068,0,0,0,0,0,-0.7071068,0,0,0,0,0,-0.7071068,0,0,0,0,0,-0.7071068,0,0,0,0,0,-0.7071068,0
9.895602,14,1,0,0.1469483,1.542994,-0.5089963,0.0353149,-0.8930016,-0.4443736,0.4644422,0.6404673,0.2393467,-0.0757104,0.6399118,0.08969584,-0.0459132,1.211144,0.1004524,-0.01316569,0.9447945,0.2104728,0.1540868,1.369866,-0.7421644,0,0,0,0,-0.7071068,0,0,0,0,0,-0.7071068,0,0,0,0,0,-0.7071068,0,0,0,0,0,-0.7071068,0,0,0,0,0,-0.7071068,0
9.912275,14,1,0,0.1491018,1.534892,-0.5173044,0.03233379,-0.8964804,-0.4375626,0.4644754,0.6405195,0.2394658,-0.0754419,0.6399195,0.08998621,-0.04353439,1.210723,0.09895501,-0.01149443,0.9456379,0.2067433,0.1564656,1.360827,-0.7480577,0,0,0,0,-0.7071068,0,0,0,0,0,-0.7071068,0,0,0,0,0,-0.7071068,0,0,0,0,0,-0.7071068,0,0,0,0,0,-0.7071068,0
9.93088,14,1,0,0.1531083,1.518498,-0.5337194,0.02707858,-0.9030889,-0.4243516,0.4645161,0.6404314,0.2394746,-0.07540055,0.6400915,0.09005611,-0.04111854,1.210238,0.0971064,-0.01050916,0.9466544,0.2022208,0.1588815,1.35221,-0.7539321,0,0,0,0,-0.7071068,0,0,0,0,0,-0.7071068,0,0,0,0,0,-0.7071068,0,0,0,0,0,-0.7071068,0,0,0,0,0,-0.7071068,0
9.946891,14,1,0,0.1564232,1.501856,-0.549081,0.02501634,-0.9088358,-0.4121947,0.4645721,0.6405256,0.2394423,-0.0758667,0.6402687,0.08970863,-0.03992138,1.209951,0.09614886,-0.009873264,0.9472479,0.1996641,0.1600786,1.342794,-0.7592698,0,0,0,0,-0.7071068,0,0,0,0,0,-0.7071068,0,0,0,0,0,-0.7071068,0,0,0,0,0,-0.7071068,0,0,0,0,0,-0.7071068,0
9.964742,14,1,0,0.1580709,1.493519,-0.5566034,0.02493548,-0.9116948,-0.4058531,0.4645317,0.6404974,0.239479,-0.07630111,0.6403422,0.08946662,-0.03742405,1.209254,0.09388655,-0.008070946,0.9485633,0.1941156,0.162576,1.334195,-0.7652065,0,0,0,0,-0.7071068,0,0,0,0,0,-0.7071068,0,0,0,0,0,-0.7071068,0,0,0,0,0,-0.7071068,0,0,0,0,0,-0.7071068,0
9.983496,14,1,0,0.161635,1.476325,-0.5713174,0.02193625,-0.9171411,-0.3934973,0.4645382,0.6405509,0.2392054,-0.07708244,0.6403914,0.08905405,-0.03621789,1.208883,0.09265876,-0.00690335,0.9492042,0.1912779,0.1637821,1.324966,-0.7704268,0,0,0,0,-0.7071068,0,0,0,0,0,-0.7071068,0,0,0,0,0,-0.7071068,0,0,0,0,0,-0.7071068,0,0,0,0,0,-0.7071068,0
10.00118,14,1,0,0.1636613,1.467571,-0.5789551,0.01905407,-0.9198488,-0.3872013,0.4645523,0.6405979,0.2391063,-0.07736705,0.6404822,0.08889866,-0.03379935,1.208049,0.09018148,-0.004649527,0.9506047,0.1850638,0.1662007,1.314775,-0.7769791,0,0,0,0,-0.7071068,0,0,0,0,0,-0.7071068,0,0,0,0,0,-0.7071068,0,0,0,0,0,-0.7071068,0,0,0,0,0,-0.7071068,0
10.01868,14,1,0,0.167621,1.449661,-0.5931467,0.00990805,-0.9250003,-0.3747753,0.4645887,0.6406138,0.2388886,-0.07759437,0.6403233,0.08855218,-0.03144008,1.207082,0.08760189,-0.002328366,0.951893,0.1785893,0.1685599,1.304934,-0.7832894,0,0,0,0,-0.7071068,0,0,0,0,0,-0.7071068,0,0,0,0,0,-0.7071068,0,0,0,0,0,-0.7071068,0,0,0,0,0,-0.7071068,0
10.0379,14,1,0,0.1706514,1.431688,-0.6068047,0.003879994,-0.9304123,-0.3610162,0.464552,0.6407169,0.2385649,-0.07798469,0.6402023,0.08807896,-0.03020674,1.20665,0.08628459,-0.0009946376,0.9525123,0.1753377,0.1697933,1.295678,-0.7881892,0,0,0,0,-0.7071068,0,0,0,0,0,-0.7071068,0,0,0,0,0,-0.7071068,0,0,0,0,0,-0.7071068,0,0,0,0,0,-0.7071068,0
10.05721,14,1,0,0.1722482,1.423024,-0.6141961,0.0009181798,-0.933077,-0.3541303,0.4645301,0.6407148,0.2384811,-0.07818291,0.640134,0.08775122,-0.0278501,1.205859,0.08366103,0.0009845868,0.9535612,0.1690592,0.1721499,1.285145,-0.7946244,0,0,0,0,-0.7071068,0,0,0,0,0,-0.7071068,0,0,0,0,0,-0.7071068,0,0,0,0,0,-0.7071068,0,0,0,0,0,-0.7071068,0
10.07434,14,1,0,0.1741402,1.406052,-0.6271768,-0.005926281,-0.9380887,-0.3410316,0.4644656,0.6408476,0.2382668,-0.07912184,0.6400757,0.08713024,-0.02547892,1.205158,0.08079602,0.00256478,0.9543903,0.1633159,0.1745211,1.274605,-0.8011863,0,0,0,0,-0.7071068,0,0,0,0,0,-0.7071068,0,0,0,0,0,-0.7071068,0,0,0,0,0,-0.7071068,0,0,0,0,0,-0.7071068,0
10.09224,14,1,0,0.175628,1.389595,-0.638953,-0.01109327,-0.9417588,-0.3309107,0.464393,0.6409274,0.2381835,-0.08022248,0.640038,0.08624242,-0.02428301,1.204771,0.07930852,0.003270008,0.9547502,0.1604038,0.175717,1.26545,-0.8058421,0,0,0,0,-0.7071068,0,0,0,0,0,-0.7071068,0,0,0,0,0,-0.7071068,0,0,0,0,0,-0.7071068,0,0,0,0,0,-0.7071068,0
10.1091,14,1,0,0.1763211,1.381547,-0.6446181,-0.01484537,-0.9439434,-0.3247634,0.4644236,0.6409796,0.238137,-0.08073966,0.6400068,0.08570419,-0.02209442,1.203991,0.07624868,0.005122401,0.9555579,0.1542031,0.1779056,1.255467,-0.8121006,0,0,0,0,-0.7071068,0,0,0,0,0,-0.7071068,0,0,0,0,0,-0.7071068,0,0,0,0,0,-0.7071068,0,0,0,0,0,-0.7071068,0
10.12661,14,1,0,0.1777073,1.366199,-0.6553324,-0.02011181,-0.9479802,-0.3129622,0.464461,0.6410164,0.2379737,-0.08168341,0.6400898,0.08464849,-0.02104427,1.203602,0.07472373,0.00604137,0.9560341,0.150835,0.1789557,1.246376,-0.8165324,0,0,0,0,-0.7071068,0,0,0,0,0,-0.7071068,0,0,0,0,0,-0.7071068,0,0,0,0,0,-0.7071068,0,0,0,0,0,-0.7071068,0
10.14361,14,1,0,0.1783914,1.358972,-0.6601422,-0.0213502,-0.9496223,-0.3079182,0.4645182,0.6409993,0.2379241,-0.08203685,0.6401854,0.08397466,-0.01905107,1.202814,0.07145483,0.007879406,0.9569939,0.1438867,0.1809489,1.236516,-0.8227115,0,0,0,0,-0.7071068,0,0,0,0,0,-0.7071068,0,0,0,0,0,-0.7071068,0,0,0,0,0,-0.7071068,0,0,0,0,0,-0.7071068,0
10.16176,14,1,0,0.1801899,1.346032,-0.6688409,-0.02241902,-0.9520253,-0.3002408,0.4647034,0.6408756,0.2378553,-0.08236212,0.6405863,0.0828504,-0.01812108,1.202424,0.06983396,0.00848294,0.9575016,0.140319,0.1818789,1.227278,-0.8270534,0,0,0,0,-0.7071068,0,0,0,0,0,-0.7071068,0,0,0,0,0,-0.7071068,0,0,0,0,0,-0.7071068,0,0,0,0,0,-0.7071068,0
10.17964,14,1,0,0.1812928,1.339653,-0.6732643,-0.02213846,-0.9532332,-0.2962407,0.4647888,0.6408027,0.2378347,-0.08255988,0.6407561,0.08221462,-0.01639676,1.201615,0.06661936,0.009359986,0.9585326,0.1332027,0.1836032,1.216994,-0.8330551,0,0,0,0,-0.7071068,0,0,0,0,0,-0.7071068,0,0,0,0,0,-0.7071068,0,0,0,0,0,-0.7071068,0,0,0,0,0,-0.7071068,0
10.197,14,1,0,0.1833053,1.326975,-0.6812173,-0.02060318,-0.9556222,-0.28792,0.4649606,0.6406516,0.2378049,-0.08255518,0.6411124,0.08106013,-0.01483622,1.200714,0.0634107,-0.009925134,-0.9595747,-0.126203,0.1851638,1.206726,-0.8388919,0,0,0,0,-0.7071068,0,0,0,0,0,-0.7071068,0,0,0,0,0,-0.7071068,0,0,0,0,0,-0.7071068,0,0,0,0,0,-0.7071068,0
10.21463,14,1,0,0.1851406,1.314919,-0.6884447,-0.02108356,-0.9575644,-0.2804581,0.4649682,0.6405313,0.2377492,-0.08280925,0.6415163,0.08010711,-0.01410467,1.200254,0.06177685,-0.01024874,-0.9601288,-0.1225929,0.1858953,1.197133,-0.842967,0,0,0,0,-0.7071068,0,0,0,0,0,-0.7071068,0,0,0,0,0,-0.7071068,0,0,0,0,0,-0.7071068,0,0,0,0,0,-0.7071068,0
10.23119,14,1,0,0.1858133,1.30882,-0.6920312,-0.02258313,-0.9585425,-0.2766847,0.4649291,0.6406308,0.2377692,-0.0829649,0.6417001,0.07983362,-0.01278162,1.199296,0.05865475,-0.01089555,-0.961319,-0.1151762,0.1872184,1.18688,-0.8484531,0,0,0,0,-0.7071068,0,0,0,0,0,-0.7071068,0,0,0,0,0,-0.7071068,0,0,0,0,0,-0.7071068,0,0,0,0,0,-0.7071068,0
10.24841,14,1,0,0.1871867,1.296861,-0.699113,-0.02835552,-0.9605628,-0.268809,0.4648832,0.6406505,0.2376542,-0.08365042,0.6419905,0.07912558,-0.01218534,1.198823,0.05715297,-0.01127221,-0.9618666,-0.111569,0.1878147,1.177641,-0.8520729,0,0,0,0,-0.7071068,0,0,0,0,0,-0.7071068,0,0,0,0,0,-0.7071068,0,0,0,0,0,-0.7071068,0,0,0,0,0,-0.7071068,0
10.2662,14,1,0,0.1874152,1.290995,-0.7023864,-0.0315457,-0.9615623,-0.2651024,0.4647298,0.6406484,0.2375831,-0.08417754,0.6421527,0.07886784,-0.01109413,1.197837,0.05415633,-0.01208333,-0.9629371,-0.1049682,0.1889059,1.167521,-0.8571632,0,0,0,0,-0.7071068,0,0,0,0,0,-0.7071068,0,0,0,0,0,-0.7071068,0,0,0,0,0,-0.7071068,0,0,0,0,0,-0.7071068,0
10.28247,14,1,0,0.187694,1.279781,-0.7086463,-0.03632135,-0.9633993,-0.2583425,0.46472,0.6407645,0.2374885,-0.08514199,0.6421214,0.07831696,-0.01062186,1.197318,0.05270654,-0.01236571,-0.9634891,-0.1015386,0.1893781,1.157541,-0.8606602,0,0,0,0,-0.7071068,0,0,0,0,0,-0.7071068,0,0,0,0,0,-0.7071068,0,0,0,0,0,-0.7071068,0,0,0,0,0,-0.7071068,0
10.30258,14,1,0,0.1880148,1.268787,-0.714469,-0.03753667,-0.9651483,-0.2519755,0.4645343,0.6409783,0.2373928,-0.08583317,0.6421456,0.07797692,-0.00962735,1.196261,0.04997588,-0.01266064,-0.9645909,-0.09487841,0.1903726,1.147805,-0.865161,0,0,0,0,-0.7071068,0,0,0,0,0,-0.7071068,0,0,0,0,0,-0.7071068,0,0,0,0,0,-0.7071068,0,0,0,0,0,-0.7071068,0
10.31885,14,1,0,0.1880833,1.263578,-0.7170672,-0.03644332,-0.9660303,-0.2488381,0.4644921,0.6410526,0.2373987,-0.0859356,0.642063,0.07803396,-0.008719768,1.195189,0.04740792,-0.01300026,-0.965701,-0.08815686,0.1912802,1.135984,-0.8697798,0,0,0,0,-0.7071068,0,0,0,0,0,-0.7071068,0,0,0,0,0,-0.7071068,0,0,0,0,0,-0.7071068,0,0,0,0,0,-0.7071068,0
10.33563,14,1,0,0.1887009,1.252661,-0.7224114,-0.03379935,-0.967695,-0.2424097,0.4645745,0.6410636,0.2374257,-0.0859009,0.6417775,0.07776695,-0.008326438,1.194606,0.04612311,-0.01338811,-0.9662104,-0.08455862,0.1916736,1.126679,-0.8726139,0,0,0,0,-0.7071068,0,0,0,0,0,-0.7071068,0,0,0,0,0,-0.7071068,0,0,0,0,0,-0.7071068,0,0,0,0,0,-0.7071068,0
10.35294,14,1,0,0.1892146,1.247089,-0.7249932,-0.03439084,-0.9685089,-0.2388448,0.4644981,0.6410002,0.2375173,-0.08580279,0.6416383,0.0780094,-0.007661305,1.193421,0.04389236,-0.01445159,-0.9672498,-0.07762338,0.1923387,1.116486,-0.8763381,0,0,0,0,-0.7071068,0,0,0,0,0,-0.7071068,0,0,0,0,0,-0.7071068,0,0,0,0,0,-0.7071068,0,0,0,0,0,-0.7071068,0
10.37009,14,1,1,0.1901748,1.235661,-0.729696,-0.03859198,-0.9701293,-0.2311299,0.4644608,0.6409669,0.2376355,-0.08564544,0.6413546,0.07813637,-0.00747666,1.192909,0.04271369,-0.01513273,-0.9677415,-0.07438799,0.1925233,1.106663,-0.878947,0,0,0,0,-0.7071068,0,0,0,0,0,-0.7071068,0,0,0,0,0,-0.7071068,0,0,0,0,0,-0.7071068,0,0,0,0,0,-0.7071068,0
10.38795,14,1,0,0.1904007,1.229959,-0.732091,-0.0379281,-0.9709907,-0.2274747,0.4644749,0.6409431,0.23761,-0.08564256,0.6412851,0.07813151,-0.007024339,1.191759,0.0406529,-0.01643673,-0.9685367,-0.06840914,0.1929757,1.09627,-0.8823137,0,0,0,0,-0.7071068,0,0,0,0,0,-0.7071068,0,0,0,0,0,-0.7071068,0,0,0,0,0,-0.7071068,0,0,0,0,0,-0.7071068,0
10.40508,14,1,1,0.190607,1.218714,-0.736696,-0.03575967,-0.9728065,-0.2198909,0.4645101,0.6409231,0.2375188,-0.08552857,0.6412832,0.07805531,-0.00681714,1.191269,0.03967759,-0.01660408,-0.9689205,-0.06551816,0.1931829,1.086141,-0.8845313,0,0,0,0,-0.7071068,0,0,0,0,0,-0.7071068,0,0,0,0,0,-0.7071068,0,0,0,0,0,-0.7071068,0,0,0,0,0,-0.7071068,0
10.42141,14,1,1,0.190675,1.212969,-0.7389975,-0.03607032,-0.9737076,-0.2157825,0.4645161,0.6408731,0.2375227,-0.08561639,0.641325,0.07790563,-0.006278001,1.190282,0.03787408,-0.01600632,-0.9696708,-0.05966271,0.193722,1.075891,-0.8874136,0,0,0,0,-0.7071068,0,0,0,0,0,-0.7071068,0,0,0,0,0,-0.7071068,0,0,0,0,0,-0.7071068,0,0,0,0,0,-0.7071068,0
10.43797,14,1,1,0.1907881,1.201597,-0.7432911,-0.03889132,-0.9752262,-0.208523,0.4644947,0.6408654,0.2374642,-0.0858949,0.6413937,0.07768618,-0.006097173,1.189788,0.03703292,-0.01568634,-0.9700789,-0.05669286,0.1939028,1.066559,-0.8891798,0,0,0,0,-0.7071068,0,0,0,0,0,-0.7071068,0,0,0,0,0,-0.7071068,0,0,0,0,0,-0.7071068,0,0,0,0,0,-0.7071068,0
10.45622,14,1,1,0.1906029,1.196035,-0.7454023,-0.03922643,-0.9759333,-0.2054314,0.4644795,0.6408336,0.2374096,-0.08607663,0.6414419,0.07757893,-0.005700533,1.188727,0.03540897,-0.01546136,-0.9708551,-0.05074487,0.1942995,1.056521,-0.8916392,0,0,0,0,-0.7071068,0,0,0,0,0,-0.7071068,0,0,0,0,0,-0.7071068,0,0,0,0,0,-0.7071068,0,0,0,0,0,-0.7071068,0
10.47258,14,1,1,0.1902394,1.184463,-0.749474,-0.03757676,-0.9773607,-0.199027,0.4644527,0.6410091,0.2372715,-0.08623771,0.6412912,0.07765277,-0.005357405,1.187869,0.03367186,-0.01616376,-0.9714761,-0.04473632,0.1946426,1.045765,-0.8941764,0,0,0,0,-0.7071068,0,0,0,0,0,-0.7071068,0,0,0,0,0,-0.7071068,0,0,0,0,0,-0.7071068,0,0,0,0,0,-0.7071068,0
10.49135,14,1,1,0.1902172,1.172267,-0.7534882,-0.04158476,-0.9788581,-0.1906944,0.4645968,0.641081,0.2373484,-0.0860993,0.641196,0.07765612,-0.005157655,1.187404,0.03288499,-0.01628774,-0.9717402,-0.0419657,0.1948424,1.036415,-0.8955737,0,0,0,0,-0.7071068,0,0,0,0,0,-0.7071068,0,0,0,0,0,-0.7071068,0,0,0,0,0,-0.7071068,0,0,0,0,0,-0.7071068,0
10.50829,14,1,1,0.1901309,1.165981,-0.7553622,-0.04462656,-0.9796747,-0.1860286,0.4645903,0.6411203,0.2374477,-0.08604877,0.6411994,0.07762327,-0.004748768,1.186504,0.03121186,-0.01633726,-0.9721988,-0.03679452,0.1952512,1.025317,-0.8978218,0,0,0,0,-0.7071068,0,0,0,0,0,-0.7071068,0,0,0,0,0,-0.7071068,0,0,0,0,0,-0.7071068,0,0,0,0,0,-0.7071068,0
10.52544,14,1,1,0.1896161,1.153766,-0.7587641,-0.0430225,-0.9813538,-0.177881,0.4646325,0.6411541,0.2375337,-0.08577479,0.6412995,0.07764085,-0.004543626,1.186066,0.03047024,-0.01619723,-0.972442,-0.0341413,0.1954564,1.015665,-0.8989679,0,0,0,0,-0.7071068,0,0,0,0,0,-0.7071068,0,0,0,0,0,-0.7071068,0,0,0,0,0,-0.7071068,0,0,0,0,0,-0.7071068,0
10.54373,14,1,1,0.1895491,1.14768,-0.7604519,-0.04104169,-0.9821142,-0.1740986,0.4645672,0.6410869,0.2376519,-0.08553926,0.6414461,0.07786144,-0.00422392,1.185071,0.02894023,-0.01625099,-0.9728075,-0.02879877,0.1957761,1.005343,-0.9007963,0,0,0,0,-0.7071068,0,0,0,0,0,-0.7071068,0,0,0,0,0,-0.7071068,0,0,0,0,0,-0.7071068,0,0,0,0,0,-0.7071068,0
10.56128,14,1,1,0.1899983,1.134788,-0.7637566,-0.04336175,-0.9833668,-0.1660131,0.4646352,0.6410778,0.2376522,-0.08503644,0.6416597,0.07799011,-0.0040816,1.184437,0.02821499,-0.01646134,-0.9730046,-0.02585321,0.1959184,0.9947591,-0.9017167,0,0,0,0,-0.7071068,0,0,0,0,0,-0.7071068,0,0,0,0,0,-0.7071068,0,0,0,0,0,-0.7071068,0,0,0,0,0,-0.7071068,0
10.57823,14,1,1,0.1903725,1.128181,-0.7651838,-0.04696754,-0.9837724,-0.1624151,0.4645871,0.6410322,0.2377782,-0.0847827,0.6417186,0.07819995,-0.003947399,1.183162,0.02677051,-0.01689303,-0.9734132,-0.01955941,0.1960526,0.9839287,-0.9032291,0,0,0,0,-0.7071068,0,0,0,0,0,-0.7071068,0,0,0,0,0,-0.7071068,0,0,0,0,0,-0.7071068,0,0,0,0,0,-0.7071068,0
10.59677,14,1,1,0.1909806,1.114804,-0.768041,-0.05084663,-0.9847012,-0.1551681,0.4645709,0.6410335,0.2379071,-0.08459311,0.6418456,0.07845309,-0.003866694,1.182051,0.02537296,-0.01754132,-0.9738131,-0.01370684,0.1961333,0.973594,-0.9045812,0,0,0,0,-0.7071068,0,0,0,0,0,-0.7071068,0,0,0,0,0,-0.7071068,0,0,0,0,0,-0.7071068,0,0,0,0,0,-0.7071068,0
10.61631,14,1,1,0.1915157,1.100913,-0.7706827,-0.0533787,-0.9858538,-0.1466728,0.4644845,0.6410881,0.237905,-0.08467937,0.641939,0.07837176,-0.003776902,1.18158,0.02472359,-0.01754731,-0.9739838,-0.01111008,0.1962231,0.9630358,-0.9050559,0,0,0,0,-0.7071068,0,0,0,0,0,-0.7071068,0,0,0,0,0,-0.7071068,0,0,0,0,0,-0.7071068,0,0,0,0,0,-0.7071068,0
10.63467,14,1,1,0.1918508,1.093624,-0.7720062,-0.05420621,-0.9865963,-0.1413313,0.4644558,0.6410936,0.2377548,-0.08490337,0.6421712,0.07819729,-0.003550259,1.18057,0.02333547,-0.01752044,-0.9742852,-0.006001635,0.1964497,0.9513913,-0.9061186,0,0,0,0,-0.7071068,0,0,0,0,0,-0.7071068,0,0,0,0,0,-0.7071068,0,0,0,0,0,-0.7071068,0,0,0,0,0,-0.7071068,0
10.65201,14,1,1,0.1925632,1.079607,-0.7746469,-0.05613829,-0.9878864,-0.1311419,0.4643865,0.6411356,0.2375372,-0.08539695,0.642447,0.07777952,-0.00323953,1.179517,0.02189517,-0.01776028,-0.974452,-0.001035164,0.1967605,0.9403591,-0.9071213,0,0,0,0,-0.7071068,0,0,0,0,0,-0.7071068,0,0,0,0,0,-0.7071068,0,0,0,0,0,-0.7071068,0,0,0,0,0,-0.7071068,0
10.66828,14,1,1,0.1930124,1.072682,-0.7756487,-0.05716297,-0.988467,-0.1262239,0.4643401,0.6411757,0.2374667,-0.0858317,0.6424886,0.07746299,-0.003028553,1.178942,0.02112119,-0.01730108,-0.9745364,0.001201074,0.1969714,0.9303591,-0.9073642,0,0,0,0,-0.7071068,0,0,0,0,0,-0.7071068,0,0,0,0,0,-0.7071068,0,0,0,0,0,-0.7071068,0,0,0,0,0,-0.7071068,0
10.68587,14,1,1,0.1939483,1.059395,-0.7775935,-0.05582551,-0.9897178,-0.1168439,0.4642408,0.6412781,0.2374609,-0.08637391,0.6422949,0.07718858,-0.002520332,1.178186,0.01966728,-0.01746458,-0.9746715,0.006353217,0.1974797,0.9207689,-0.9082165,0,0,0,0,-0.7071068,0,0,0,0,0,-0.7071068,0,0,0,0,0,-0.7071068,0,0,0,0,0,-0.7071068,0,0,0,0,0,-0.7071068,0
10.70315,14,1,1,0.1954023,1.046695,-0.7796224,-0.05637017,-0.9905175,-0.1088522,0.4642437,0.6413565,0.2375537,-0.0864363,0.642053,0.07708217,-0.002202583,1.17779,0.01886089,-0.0173609,-0.9747417,0.008736444,0.1977974,0.910832,-0.9082598,0,0,0,0,-0.7071068,0,0,0,0,0,-0.7071068,0,0,0,0,0,-0.7071068,0,0,0,0,0,-0.7071068,0,0,0,0,0,-0.7071068,0
10.71892,14,1,1,0.1967196,1.040756,-0.7802051,-0.05889234,-0.9905716,-0.1060365,0.46423,0.6413373,0.2376488,-0.08636775,0.6419334,0.07694063,-0.001412159,1.176893,0.01724492,-0.01690114,-0.9748176,0.0133469,0.1985878,0.9005689,-0.9090118,0,0,0,0,-0.7071068,0,0,0,0,0,-0.7071068,0,0,0,0,0,-0.7071068,0,0,0,0,0,-0.7071068,0,0,0,0,0,-0.7071068,0
10.73552,14,1,1,0.1989631,1.029011,-0.7814471,-0.06561008,-0.9905419,-0.1007752,0.4642361,0.6411439,0.2376809,-0.0863087,0.6418193,0.07651108,-0.0009737603,1.176478,0.01628848,-0.01685707,-0.9748261,0.01570329,0.1990262,0.891614,-0.9090812,0,0,0,0,-0.7071068,0,0,0,0,0,-0.7071068,0,0,0,0,0,-0.7071068,0,0,0,0,0,-0.7071068,0,0,0,0,0,-0.7071068,0
10.75313,14,1,1,0.1998853,1.023644,-0.7821442,-0.0662438,-0.9906751,-0.09865111,0.4642977,0.641183,0.2375446,-0.08642584,0.6417093,0.07621562,-3.380515E-05,1.175602,0.01436983,-0.0175891,-0.9748768,0.02037976,0.1999662,0.8817672,-0.9099653,0,0,0,0,-0.7071068,0,0,0,0,0,-0.7071068,0,0,0,0,0,-0.7071068,0,0,0,0,0,-0.7071068,0,0,0,0,0,-0.7071068,0
10.77052,15,1,1,0.2014598,1.012854,-0.7834193,-0.06200264,-0.991277,-0.09409552,0.4644176,0.6411452,0.2376268,-0.08629927,0.641718,0.07573895,0.0004736763,1.175121,0.01347284,-0.01791072,-0.9749492,0.02288431,0.2004737,0.8717787,-0.9096509,0,0,0,0,-0.7071068,0,0,0,0,0,-0.7071068,0,0,0,0,0,-0.7071068,0,0,0,0,0,-0.7071068,0,0,0,0,0,-0.7071068,0
10.788,15,1,1,0.2024404,1.007139,-0.7841178,-0.06314142,-0.991422,-0.09076089,0.4644442,0.641124,0.2376507,-0.0862578,0.6418665,0.07547961,0.001556004,1.174016,0.01158973,-0.01857463,-0.975172,0.02872428,0.201556,0.861298,-0.9102228,0,0,0,0,-0.7071068,0,0,0,0,0,-0.7071068,0,0,0,0,0,-0.7071068,0,0,0,0,0,-0.7071068,0,0,0,0,0,-0.7071068,0
10.8056,15,1,1,0.203997,0.9956207,-0.7854582,-0.0664794,-0.9917231,-0.08374146,0.464378,0.6410428,0.2376735,-0.08604279,0.6420394,0.07536879,0.002111018,1.173394,0.01064616,-0.01905666,-0.9753048,0.03180771,0.202111,0.8512706,-0.9097341,0,0,0,0,-0.7071068,0,0,0,0,0,-0.7071068,0,0,0,0,0,-0.7071068,0,0,0,0,0,-0.7071068,0,0,0,0,0,-0.7071068,0
10.82342,15,1,1,0.2042042,0.9897333,-0.7860101,-0.06637479,-0.9919825,-0.08047114,0.4643019,0.6410242,0.2377439,-0.08597342,0.642055,0.07535822,0.003250407,1.172036,0.008519351,-0.02056712,-0.9755452,0.03819474,0.2032504,0.8404629,-0.9103034,0,0,0,0,-0.7071068,0,0,0,0,0,-0.7071068,0,0,0,0,0,-0.7071068,0,0,0,0,0,-0.7071068,0,0,0,0,0,-0.7071068,0
10.84112,15,1,1,0.204834,0.9783906,-0.7873799,-0.06321377,-0.9924724,-0.0754391,0.4642903,0.6410713,0.2378885,-0.08595214,0.6418726,0.07526141,0.004530217,1.170509,0.006402108,-0.02249387,-0.9757984,0.0446846,0.2045302,0.8293856,-0.9107252,0,0,0,0,-0.7071068,0,0,0,0,0,-0.7071068,0,0,0,0,0,-0.7071068,0,0,0,0,0,-0.7071068,0,0,0,0,0,-0.7071068,0
10.85942,15,1,1,0.2055086,0.9666127,-0.7884167,-0.06692679,-0.9925617,-0.0698155,0.4642595,0.6410096,0.2380171,-0.08573524,0.6417532,0.07556304,0.005123716,1.169817,0.005410438,-0.02337163,-0.9759086,0.04796027,0.2051237,0.8192292,-0.9099151,0,0,0,0,-0.7071068,0,0,0,0,0,-0.7071068,0,0,0,0,0,-0.7071068,0,0,0,0,0,-0.7071068,0,0,0,0,0,-0.7071068,0
10.8762,15,1,1,0.2056794,0.9607708,-0.7889701,-0.07126126,-0.9925007,-0.06656829,0.4642265,0.641063,0.2381282,-0.08559518,0.641544,0.07576415,0.006595472,1.168381,0.003338474,-0.02481297,-0.9761237,0.05445422,0.2065955,0.8080347,-0.9100022,0,0,0,0,-0.7071068,0,0,0,0,0,-0.7071068,0,0,0,0,0,-0.7071068,0,0,0,0,0,-0.7071068,0,0,0,0,0,-0.7071068,0
10.89485,15,1,1,0.2056779,0.9488964,-0.7900926,-0.08003002,-0.9924397,-0.05966915,0.4639823,0.6410635,0.2382185,-0.08553294,0.6415166,0.07602712,0.007437122,1.167638,0.002308191,-0.02532244,-0.9762335,0.05764467,0.2074371,0.7983617,-0.9091019,0,0,0,0,-0.7071068,0,0,0,0,0,-0.7071068,0,0,0,0,0,-0.7071068,0,0,0,0,0,-0.7071068,0,0,0,0,0,-0.7071068,0
10.91286,15,1,1,0.2051955,0.9375896,-0.791221,-0.07688487,-0.9931414,-0.05356849,0.4639213,0.6411546,0.2383717,-0.08569468,0.641335,0.07642215,0.008976691,1.1661,0.0002346709,-0.02682353,-0.9763908,0.06377505,0.2089767,0.7869285,-0.9089081,0,0,0,0,-0.7071068,0,0,0,0,0,-0.7071068,0,0,0,0,0,-0.7071068,0,0,0,0,0,-0.7071068,0,0,0,0,0,-0.7071068,0
10.93099,15,1,1,0.2053944,0.9319518,-0.7919537,-0.0780426,-0.9932296,-0.05026684,0.4638801,0.6411926,0.2383879,-0.08587659,0.6412658,0.07661372,0.0105253,1.164536,-0.001720456,-0.02893709,-0.9764693,0.07036999,0.2105253,0.7758402,-0.9085518,0,0,0,0,-0.7071068,0,0,0,0,0,-0.7071068,0,0,0,0,0,-0.7071068,0,0,0,0,0,-0.7071068,0,0,0,0,0,-0.7071068,0
10.94861,15,1,1,0.2056636,0.9207436,-0.7924768,-0.08424853,-0.9929731,-0.044636,0.4637883,0.6412205,0.2386054,-0.08639837,0.6409577,0.0772602,0.01134573,1.163769,-0.002813292,-0.0299775,-0.9764575,0.07345102,0.2113457,0.7655157,-0.9071975,0,0,0,0,-0.7071068,0,0,0,0,0,-0.7071068,0,0,0,0,0,-0.7071068,0,0,0,0,0,-0.7071068,0,0,0,0,0,-0.7071068,0
10.96671,15,1,1,0.205758,0.9153069,-0.7924381,-0.08466941,-0.993017,-0.04230028,0.4637841,0.6411037,0.2386111,-0.0865346,0.6407212,0.07690419,0.01299886,1.162378,-0.004897559,-0.03237466,-0.9763726,0.07918698,0.2129989,0.7548627,-0.9067869,0,0,0,0,-0.7071068,0,0,0,0,0,-0.7071068,0,0,0,0,0,-0.7071068,0,0,0,0,0,-0.7071068,0,0,0,0,0,-0.7071068,0
10.98361,15,1,1,0.2061369,0.9043305,-0.7927507,-0.08536013,-0.9930692,-0.03753286,0.4639913,0.6412364,0.238579,-0.08629326,0.6404762,0.07680313,0.01458587,1.160996,-0.006913075,-0.03389366,-0.9762816,0.08509777,0.2145859,0.7440044,-0.9061225,0,0,0,0,-0.7071068,0,0,0,0,0,-0.7071068,0,0,0,0,0,-0.7071068,0,0,0,0,0,-0.7071068,0,0,0,0,0,-0.7071068,0
11.002,15,1,1,0.206519,0.8931683,-0.792621,-0.0857939,-0.9930906,-0.03145177,0.464095,0.6411408,0.238504,-0.08599955,0.640522,0.07689404,0.01541161,1.160312,-0.007825194,-0.03440907,-0.9762323,0.08777433,0.2154116,0.7345016,-0.9044239,0,0,0,0,-0.7071068,0,0,0,0,0,-0.7071068,0,0,0,0,0,-0.7071068,0,0,0,0,0,-0.7071068,0,0,0,0,0,-0.7071068,0
11.0201,15,1,1,0.2066247,0.88746,-0.7924994,-0.08829589,-0.9929715,-0.02723462,0.4641614,0.6411929,0.2384515,-0.08580398,0.6406742,0.07682704,0.0171408,1.159153,-0.009711443,-0.03585076,-0.9760338,0.0925307,0.2171408,0.7237812,-0.9033511,0,0,0,0,-0.7071068,0,0,0,0,0,-0.7071068,0,0,0,0,0,-0.7071068,0,0,0,0,0,-0.7071068,0,0,0,0,0,-0.7071068,0
11.03759,15,1,1,0.206514,0.8764755,-0.7922434,-0.08916585,-0.9931501,-0.01872801,0.464193,0.6411629,0.2383767,-0.08578236,0.6408542,0.07651305,0.01793479,1.158598,-0.01064882,-0.03665536,-0.9758568,0.09473552,0.2179348,0.7138513,-0.9012561,0,0,0,0,-0.7071068,0,0,0,0,0,-0.7071068,0,0,0,0,0,-0.7071068,0,0,0,0,0,-0.7071068,0,0,0,0,0,-0.7071068,0
11.05516,15,1,1,0.2063935,0.8712435,-0.7920588,-0.08806039,-0.9933266,-0.01556645,0.4641707,0.6411759,0.2384455,-0.08571243,0.6408557,0.07646404,0.01965544,1.157504,-0.01243015,-0.03866417,-0.9753906,0.09911675,0.2196554,0.7037388,-0.8999958,0,0,0,0,-0.7071068,0,0,0,0,0,-0.7071068,0,0,0,0,0,-0.7071068,0,0,0,0,0,-0.7071068,0,0,0,0,0,-0.7071068,0
11.0732,15,1,1,0.2064476,0.8611687,-0.7915212,-0.086326,-0.9934853,-0.01053262,0.4642877,0.6410943,0.2385156,-0.0856854,0.6409899,0.0756682,0.02049571,1.156916,-0.01326179,-0.03970144,-0.9751039,0.101493,0.2204957,0.6941242,-0.8976596,0,0,0,0,-0.7071068,0,0,0,0,0,-0.7071068,0,0,0,0,0,-0.7071068,0,0,0,0,0,-0.7071068,0,0,0,0,0,-0.7071068,0
11.09296,15,1,1,0.2065033,0.8508488,-0.7910506,-0.08597809,-0.9934638,-0.005088743,0.464276,0.6410209,0.2385617,-0.08558123,0.6411394,0.07512443,0.02205232,1.15577,-0.0147868,-0.04212134,-0.9744648,0.1060247,0.2220523,0.6837574,-0.8958198,0,0,0,0,-0.7071068,0,0,0,0,0,-0.7071068,0,0,0,0,0,-0.7071068,0,0,0,0,0,-0.7071068,0,0,0,0,0,-0.7071068,0
11.11152,15,1,1,0.2063862,0.8455831,-0.7908372,-0.0855594,-0.9935015,-0.002034124,0.4643247,0.6409317,0.2385342,-0.08561345,0.6412141,0.07475536,0.02368308,1.154588,-0.01618841,-0.04456377,-0.9737184,0.1103534,0.2236831,0.6725193,-0.8934003,0,0,0,0,-0.7071068,0,0,0,0,0,-0.7071068,0,0,0,0,0,-0.7071068,0,0,0,0,0,-0.7071068,0,0,0,0,0,-0.7071068,0
11.12817,15,1,1,0.206059,0.8350549,-0.7900983,-0.0866849,-0.9932809,0.003726371,0.4642904,0.6408433,0.2384526,-0.0856736,0.6413304,0.07430859,0.02527805,1.153456,-0.0176354,-0.04677187,-0.9728346,0.1143932,0.225278,0.6619962,-0.8911346,0,0,0,0,-0.7071068,0,0,0,0,0,-0.7071068,0,0,0,0,0,-0.7071068,0,0,0,0,0,-0.7071068,0,0,0,0,0,-0.7071068,0
11.14538,15,1,1,0.205814,0.8297642,-0.7896823,-0.08891508,-0.9930267,0.007251311,0.4642737,0.6408774,0.2384844,-0.08563408,0.6413131,0.0741426,0.02602026,1.152899,-0.01828828,-0.04751186,-0.9723928,0.1163343,0.2260203,0.6530513,-0.8883519,0,0,0,0,-0.7071068,0,0,0,0,0,-0.7071068,0,0,0,0,0,-0.7071068,0,0,0,0,0,-0.7071068,0,0,0,0,0,-0.7071068,0
11.16191,15,1,1,0.2048132,0.8193467,-0.7888244,-0.09088269,-0.9928848,0.01442983,0.4641663,0.6408975,0.2385786,-0.08565055,0.6411177,0.0741099,0.02744691,1.151789,-0.01968414,-0.0488657,-0.97154,0.1205526,0.2274469,0.6433181,-0.8860956,0,0,0,0,-0.7071068,0,0,0,0,0,-0.7071068,0,0,0,0,0,-0.7071068,0,0,0,0,0,-0.7071068,0,0,0,0,0,-0.7071068,0
11.17883,15,1,1,0.2041617,0.8143389,-0.7883321,-0.08934313,-0.9930917,0.01727117,0.4641289,0.6409174,0.2386484,-0.08576137,0.6410408,0.0740388,0.02811385,1.151247,-0.02031798,-0.04961024,-0.9711075,0.122562,0.2281138,0.6345327,-0.8831236,0,0,0,0,-0.7071068,0,0,0,0,0,-0.7071068,0,0,0,0,0,-0.7071068,0,0,0,0,0,-0.7071068,0,0,0,0,0,-0.7071068,0
11.19515,15,1,1,0.2033526,0.8040994,-0.7874748,-0.09019062,-0.9928578,0.02284486,0.464009,0.6409585,0.2387473,-0.0861641,0.6408836,0.07385375,0.02946296,1.15023,-0.02174563,-0.05108679,-0.9702203,0.1263478,0.229463,0.6251234,-0.8807629,0,0,0,0,-0.7071068,0,0,0,0,0,-0.7071068,0,0,0,0,0,-0.7071068,0,0,0,0,0,-0.7071068,0,0,0,0,0,-0.7071068,0
11.21174,15,1,1,0.2030473,0.798932,-0.7868589,-0.09288369,-0.992466,0.02588999,0.4639556,0.6408879,0.2387361,-0.0863528,0.640834,0.07373638,0.03010888,1.149714,-0.022332,-0.05188363,-0.9697871,0.1282863,0.2301089,0.6165524,-0.8776001,0,0,0,0,-0.7071068,0,0,0,0,0,-0.7071068,0,0,0,0,0,-0.7071068,0,0,0,0,0,-0.7071068,0,0,0,0,0,-0.7071068,0
11.22909,15,1,1,0.2022466,0.7886935,-0.7855757,-0.09680953,-0.9918512,0.03229216,0.4639275,0.6409839,0.2386955,-0.08668908,0.6407068,0.07331472,0.03118823,1.148559,-0.02348898,-0.0533354,-0.9688896,0.1321927,0.2311882,0.6072582,-0.8748547,0,0,0,0,-0.7071068,0,0,0,0,0,-0.7071068,0,0,0,0,0,-0.7071068,0,0,0,0,0,-0.7071068,0,0,0,0,0,-0.7071068,0
11.24571,15,1,1,0.2017047,0.783798,-0.7848393,-0.09800915,-0.9916435,0.03521895,0.4639139,0.6410209,0.2387355,-0.08684385,0.6406816,0.07303101,0.03170355,1.148059,-0.02400622,-0.05395867,-0.9684963,0.1340305,0.2317035,0.5982888,-0.871187,0,0,0,0,-0.7071068,0,0,0,0,0,-0.7071068,0,0,0,0,0,-0.7071068,0,0,0,0,0,-0.7071068,0,0,0,0,0,-0.7071068,0
11.26353,15,1,1,0.2008733,0.7742467,-0.7833627,-0.09826468,-0.9913312,0.04041146,0.4638748,0.6409091,0.2387809,-0.08684814,0.6406711,0.07257374,0.03258189,1.147171,-0.02510153,-0.05510807,-0.9677356,0.1375962,0.2325819,0.5893394,-0.8681793,0,0,0,0,-0.7071068,0,0,0,0,0,-0.7071068,0,0,0,0,0,-0.7071068,0,0,0,0,0,-0.7071068,0,0,0,0,0,-0.7071068,0
11.28092,15,1,1,0.2000547,0.7646596,-0.7818171,-0.1004982,-0.9907839,0.04590589,0.4639437,0.6408798,0.2387296,-0.08676723,0.6405872,0.07216261,0.03302722,1.146718,-0.02566526,-0.05575552,-0.9673762,0.1391027,0.2330272,0.5802999,-0.8642417,0,0,0,0,-0.7071068,0,0,0,0,0,-0.7071068,0,0,0,0,0,-0.7071068,0,0,0,0,0,-0.7071068,0,0,0,0,0,-0.7071068,0
11.2981,15,1,1,0.1997108,0.7601204,-0.781314,-0.102109,-0.9904545,0.04899798,0.4639389,0.6408836,0.2387073,-0.08680029,0.6406303,0.07209803,0.033842,1.145936,-0.02682343,-0.05715977,-0.966607,0.1421538,0.233842,0.5711874,-0.8609022,0,0,0,0,-0.7071068,0,0,0,0,0,-0.7071068,0,0,0,0,0,-0.7071068,0,0,0,0,0,-0.7071068,0,0,0,0,0,-0.7071068,0
11.31451,15,1,1,0.1989993,0.751019,-0.7795526,-0.1016284,-0.9902807,0.05420241,0.4640057,0.6408584,0.2387154,-0.08700547,0.6405866,0.07157915,0.03412244,1.145523,-0.02737693,-0.05754813,-0.9662529,0.1436772,0.2341224,0.5626022,-0.8569149,0,0,0,0,-0.7071068,0,0,0,0,0,-0.7071068,0,0,0,0,0,-0.7071068,0,0,0,0,0,-0.7071068,0,0,0,0,0,-0.7071068,0
11.33103,15,1,0,0.1986584,0.7464827,-0.7785708,-0.1020283,-0.9900905,0.05680983,0.4640687,0.6408081,0.2386882,-0.08692873,0.6406554,0.07134287,0.03470727,1.144714,-0.02839629,-0.05817275,-0.9656026,0.1468112,0.2347073,0.5540342,-0.8535032,0,0,0,0,-0.7071068,0,0,0,0,0,-0.7071068,0,0,0,0,0,-0.7071068,0,0,0,0,0,-0.7071068,0,0,0,0,0,-0.7071068,0
11.34964,15,1,0,0.198774,0.7371913,-0.7762338,-0.1062049,-0.9889981,0.06316981,0.4642083,0.6409273,0.2385474,-0.0868359,0.6408097,0.0707782,0.03494201,1.144407,-0.0289064,-0.05852079,-0.9652932,0.1483651,0.234942,0.5459737,-0.8494665,0,0,0,0,-0.7071068,0,0,0,0,0,-0.7071068,0,0,0,0,0,-0.7071068,0,0,0,0,0,-0.7071068,0,0,0,0,0,-0.7071068,0
11.36654,15,1,0,0.1990191,0.7325906,-0.7749301,-0.108364,-0.9884219,0.06620164,0.4642781,0.6409327,0.2384904,-0.08688514,0.6409066,0.07062182,0.03524096,1.143676,-0.03000842,-0.05920935,-0.9647047,0.1512085,0.235241,0.5365708,-0.8453392,0,0,0,0,-0.7071068,0,0,0,0,0,-0.7071068,0,0,0,0,0,-0.7071068,0,0,0,0,0,-0.7071068,0,0,0,0,0,-0.7071068,0
11.38398,15,1,0,0.199865,0.7232727,-0.7727109,-0.1107982,-0.9874903,0.07210118,0.4644004,0.6410154,0.238466,-0.08685136,0.6410086,0.06994121,0.035385,1.142752,-0.03091845,-0.05952061,-0.964082,0.1544077,0.235385,0.5278272,-0.8414009,0,0,0,0,-0.7071068,0,0,0,0,0,-0.7071068,0,0,0,0,0,-0.7071068,0,0,0,0,0,-0.7071068,0,0,0,0,0,-0.7071068,0
11.40174,15,1,0,0.2007857,0.7145561,-0.7695442,-0.110645,-0.9869292,0.07728606,0.4645144,0.6410103,0.237923,-0.08695725,0.6415104,0.06941222,0.03548562,1.142346,-0.03137429,-0.05948348,-0.9638107,0.1559797,0.2354856,0.5194154,-0.8367594,0,0,0,0,-0.7071068,0,0,0,0,0,-0.7071068,0,0,0,0,0,-0.7071068,0,0,0,0,0,-0.7071068,0,0,0,0,0,-0.7071068,0
11.41891,15,1,0,0.2015187,0.7099607,-0.7677597,-0.1103132,-0.9865924,0.08055384,0.4645553,0.6410105,0.237785,-0.08705269,0.6417037,0.06904991,0.03562724,1.14141,-0.03224878,-0.05891036,-0.9633927,0.158766,0.2356272,0.5103886,-0.8323414,0,0,0,0,-0.7071068,0,0,0,0,0,-0.7071068,0,0,0,0,0,-0.7071068,0,0,0,0,0,-0.7071068,0,0,0,0,0,-0.7071068,0
11.43708,15,1,0,0.2032516,0.7003047,-0.7637957,-0.1091768,-0.9857996,0.08778033,0.4644882,0.6411785,0.2375349,-0.08737472,0.6421991,0.06886909,0.03568344,1.141107,-0.03267411,-0.0592519,-0.963048,0.1607462,0.2356834,0.5023284,-0.8275567,0,0,0,0,-0.7071068,0,0,0,0,0,-0.7071068,0,0,0,0,0,-0.7071068,0,0,0,0,0,-0.7071068,0,0,0,0,0,-0.7071068,0
11.45462,15,1,0,0.2042749,0.6954892,-0.7617346,-0.1092944,-0.9852334,0.09140374,0.4645998,0.6409616,0.2373738,-0.08748969,0.6422903,0.06869087,0.03572714,1.140392,-0.033547,-0.05947028,-0.962483,0.163804,0.2357271,0.4934729,-0.8228149,0,0,0,0,-0.7071068,0,0,0,0,0,-0.7071068,0,0,0,0,0,-0.7071068,0,0,0,0,0,-0.7071068,0,0,0,0,0,-0.7071068,0
11.47296,15,1,0,0.2068724,0.6855906,-0.7572626,-0.1118998,-0.9836193,0.09850822,0.464557,0.6409774,0.2373496,-0.0879936,0.6422361,0.06855796,0.03572289,1.140028,-0.03392389,-0.05969927,-0.9621475,0.1653016,0.2357229,0.4853177,-0.8176737,0,0,0,0,-0.7071068,0,0,0,0,0,-0.7071068,0,0,0,0,0,-0.7071068,0,0,0,0,0,-0.7071068,0,0,0,0,0,-0.7071068,0
11.48986,15,1,0,0.2083937,0.6805148,-0.7551328,-0.1136126,-0.9827955,0.1017913,0.4645444,0.6409791,0.2373134,-0.08819871,0.6421503,0.0685026,0.03561062,1.139269,-0.03465923,-0.05995211,-0.9614944,0.1679004,0.2356106,0.4764851,-0.8125376,0,0,0,0,-0.7071068,0,0,0,0,0,-0.7071068,0,0,0,0,0,-0.7071068,0,0,0,0,0,-0.7071068,0,0,0,0,0,-0.7071068,0
11.50801,15,1,0,0.2106941,0.6710199,-0.7501913,-0.1143525,-0.9816812,0.1082307,0.4645787,0.6409589,0.2373737,-0.08829834,0.6420109,0.06845298,0.03550864,1.13853,-0.035324,-0.05979031,-0.9608731,0.1710812,0.2355087,0.4683746,-0.8077019,0,0,0,0,-0.7071068,0,0,0,0,0,-0.7071068,0,0,0,0,0,-0.7071068,0,0,0,0,0,-0.7071068,0,0,0,0,0,-0.7071068,0
11.52568,15,1,0,0.2133505,0.6612178,-0.7450464,-0.1140346,-0.9803315,0.1160516,0.4645306,0.640992,0.2373705,-0.08851381,0.6419711,0.06827809,0.03549612,1.138156,-0.03565701,-0.05963073,-0.9605553,0.1727425,0.2354961,0.4601589,-0.8020322,0,0,0,0,-0.7071068,0,0,0,0,0,-0.7071068,0,0,0,0,0,-0.7071068,0,0,0,0,0,-0.7071068,0,0,0,0,0,-0.7071068,0
11.54252,15,1,0,0.2145167,0.6563687,-0.7424126,-0.1135505,-0.9798033,0.1196222,0.464521,0.6409712,0.2373851,-0.08851451,0.6420053,0.06816645,0.03546419,1.137509,-0.03619787,-0.05927913,-0.9598382,0.1760495,0.2354642,0.4519475,-0.7966322,0,0,0,0,-0.7071068,0,0,0,0,0,-0.7071068,0,0,0,0,0,-0.7071068,0,0,0,0,0,-0.7071068,0,0,0,0,0,-0.7071068,0
11.55968,15,1,0,0.216676,0.6469258,-0.7372828,-0.1126186,-0.978888,0.1256927,0.4643853,0.640999,0.2374179,-0.08858521,0.6420072,0.0680266,0.03548745,1.137143,-0.03641909,-0.05917621,-0.9594787,0.1776673,0.2354875,0.4444419,-0.7911057,0,0,0,0,-0.7071068,0,0,0,0,0,-0.7071068,0,0,0,0,0,-0.7071068,0,0,0,0,0,-0.7071068,0,0,0,0,0,-0.7071068,0
11.57907,15,1,0,0.2178694,0.642258,-0.7346175,-0.1125266,-0.9784125,0.1283999,0.4643003,0.64095,0.2373708,-0.08858327,0.641986,0.0679682,0.03547513,1.136477,-0.03684337,-0.0590948,-0.9586964,0.1808847,0.2354751,0.4365704,-0.7855863,0,0,0,0,-0.7071068,0,0,0,0,0,-0.7071068,0,0,0,0,0,-0.7071068,0,0,0,0,0,-0.7071068,0,0,0,0,0,-0.7071068,0
11.59915,15,1,0,0.2199487,0.6328782,-0.7294464,-0.115315,-0.9769553,0.133895,0.4642952,0.640995,0.237764,-0.08839627,0.6415926,0.06806579,0.03549949,1.135894,-0.03718623,-0.05912629,-0.9579186,0.1838236,0.2354995,0.4279344,-0.7791123,0,0,0,0,-0.7071068,0,0,0,0,0,-0.7071068,0,0,0,0,0,-0.7071068,0,0,0,0,0,-0.7071068,0,0,0,0,0,-0.7071068,0
11.61545,15,1,0,0.2219884,0.6239942,-0.7247357,-0.1186247,-0.9755007,0.1385259,0.4642242,0.6409777,0.2381495,-0.08823077,0.6410999,0.06821273,0.03560571,1.135606,-0.03738261,-0.05905754,-0.9575258,0.1852213,0.2356057,0.4194018,-0.7721331,0,0,0,0,-0.7071068,0,0,0,0,0,-0.7071068,0,0,0,0,0,-0.7071068,0,0,0,0,0,-0.7071068,0,0,0,0,0,-0.7071068,0
11.63266,15,1,0,0.2231011,0.6195928,-0.7224684,-0.1196492,-0.9748349,0.1411284,0.4641255,0.6409227,0.2382658,-0.0881455,0.6410123,0.06822596,0.03589492,1.135007,-0.03753462,-0.05878401,-0.9567662,0.1877985,0.2358949,0.4121837,-0.7663749,0,0,0,0,-0.7071068,0,0,0,0,0,-0.7071068,0,0,0,0,0,-0.7071068,0,0,0,0,0,-0.7071068,0,0,0,0,0,-0.7071068,0
11.65066,15,1,0,0.2247338,0.6114217,-0.7177329,-0.1199873,-0.9739332,0.1455692,0.4641093,0.6408534,0.2385372,-0.08773566,0.6409741,0.06834222,0.03609554,1.134666,-0.03768759,-0.05846845,-0.9564216,0.1891908,0.2360955,0.4049322,-0.7602103,0,0,0,0,-0.7071068,0,0,0,0,0,-0.7071068,0,0,0,0,0,-0.7071068,0,0,0,0,0,-0.7071068,0,0,0,0,0,-0.7071068,0
11.66788,15,1,0,0.2261588,0.6036993,-0.7131646,-0.1194222,-0.9729931,0.1499508,0.464157,0.6408795,0.2387004,-0.08755711,0.6411205,0.06853606,0.03647173,1.134029,-0.0377394,-0.05765935,-0.9557714,0.1920106,0.2364717,0.3971457,-0.753563,0,0,0,0,-0.7071068,0,0,0,0,0,-0.7071068,0,0,0,0,0,-0.7071068,0,0,0,0,0,-0.7071068,0,0,0,0,0,-0.7071068,0
11.68502,15,1,0,0.2268704,0.599834,-0.7108316,-0.120089,-0.9724381,0.1516217,0.4641719,0.6407797,0.2387331,-0.08758614,0.6412138,0.06851112,0.0368439,1.133476,-0.03746275,-0.05765384,-0.9549807,0.1951626,0.2368439,0.3898321,-0.7467938,0,0,0,0,-0.7071068,0,0,0,0,0,-0.7071068,0,0,0,0,0,-0.7071068,0,0,0,0,0,-0.7071068,0,0,0,0,0,-0.7071068,0
11.70194,15,1,0,0.2281491,0.5917552,-0.7061572,-0.1233004,-0.970945,0.1561843,0.4641551,0.6406765,0.2387856,-0.08737516,0.6414836,0.06876914,0.0370407,1.133229,-0.03727042,-0.05794179,-0.9545833,0.1965638,0.2370407,0.3829346,-0.7400602,0,0,0,0,-0.7071068,0,0,0,0,0,-0.7071068,0,0,0,0,0,-0.7071068,0,0,0,0,0,-0.7071068,0,0,0,0,0,-0.7071068,0
11.71853,15,1,0,0.2284226,0.5879223,-0.7039065,-0.1220923,-0.9706318,0.1591392,0.4641601,0.6406679,0.2387552,-0.08730615,0.6416789,0.06890953,0.03752402,1.132833,-0.0368931,-0.0587458,-0.9539181,0.1983596,0.237524,0.3760513,-0.733148,0,0,0,0,-0.7071068,0,0,0,0,0,-0.7071068,0,0,0,0,0,-0.7071068,0,0,0,0,0,-0.7071068,0,0,0,0,0,-0.7071068,0
11.73568,15,1,0,0.2290197,0.5802273,-0.6994073,-0.1177421,-0.9702308,0.1647932,0.4640863,0.6406446,0.2388035,-0.08711918,0.6418034,0.06932117,0.03781336,1.132681,-0.0366773,-0.05903071,-0.9536595,0.1988098,0.2378134,0.3696137,-0.7264507,0,0,0,0,-0.7071068,0,0,0,0,0,-0.7071068,0,0,0,0,0,-0.7071068,0,0,0,0,0,-0.7071068,0,0,0,0,0,-0.7071068,0
11.75392,15,1,0,0.2293437,0.5763159,-0.6968486,-0.1172311,-0.969645,0.1672663,0.4640742,0.6406713,0.2388386,-0.08701317,0.6417612,0.06965598,0.03846852,1.132435,-0.03635861,-0.0597593,-0.953069,0.1998756,0.2384685,0.3629459,-0.7193523,0,0,0,0,-0.7071068,0,0,0,0,0,-0.7071068,0,0,0,0,0,-0.7071068,0,0,0,0,0,-0.7071068,0,0,0,0,0,-0.7071068,0
11.77034,15,1,0,0.2302862,0.5687214,-0.6918738,-0.1213768,-0.9676083,0.1712532,0.4639304,0.6407924,0.2388524,-0.08694725,0.6414649,0.07041764,0.03878151,1.132339,-0.03611915,-0.06008524,-0.9527516,0.200283,0.2387815,0.3561153,-0.7118242,0,0,0,0,-0.7071068,0,0,0,0,0,-0.7071068,0,0,0,0,0,-0.7071068,0,0,0,0,0,-0.7071068,0,0,0,0,0,-0.7071068,0
11.78798,15,1,0,0.2307297,0.5649418,-0.689395,-0.1251564,-0.9664339,0.172665,0.4638999,0.6408731,0.2388776,-0.08694045,0.6412266,0.07070646,0.03930685,1.131991,-0.03563303,-0.0607298,-0.9521474,0.2005654,0.2393069,0.3497803,-0.7047002,0,0,0,0,-0.7071068,0,0,0,0,0,-0.7071068,0,0,0,0,0,-0.7071068,0,0,0,0,0,-0.7071068,0,0,0,0,0,-0.7071068,0
11.80662,15,1,0,0.230415,0.5577241,-0.6849294,-0.1273977,-0.965242,0.1770743,0.4639824,0.6410364,0.2387029,-0.08682766,0.6410224,0.07100082,0.03960159,1.131845,-0.0353886,-0.06108712,-0.9517581,0.2012722,0.2396016,0.343291,-0.6972523,0,0,0,0,-0.7071068,0,0,0,0,0,-0.7071068,0,0,0,0,0,-0.7071068,0,0,0,0,0,-0.7071068,0,0,0,0,0,-0.7071068,0
11.82558,15,1,0,0.2294986,0.5502032,-0.6804042,-0.1241416,-0.9651811,0.1824384,0.4641379,0.6413336,0.238623,-0.08662884,0.6407725,0.07162461,0.04015178,1.131478,-0.03481021,-0.06232005,-0.9509908,0.2025895,0.2401518,0.3363153,-0.6889738,0,0,0,0,-0.7071068,0,0,0,0,0,-0.7071068,0,0,0,0,0,-0.7071068,0,0,0,0,0,-0.7071068,0,0,0,0,0,-0.7071068,0
11.84368,15,1,0,0.2289744,0.5463201,-0.6780615,-0.1231569,-0.9649619,0.1853202,0.4641694,0.6414008,0.2384927,-0.0867653,0.6408361,0.07168283,0.04061071,1.131034,-0.03428818,-0.06316913,-0.9503038,0.2043611,0.2406107,0.3292531,-0.6805333,0,0,0,0,-0.7071068,0,0,0,0,0,-0.7071068,0,0,0,0,0,-0.7071068,0,0,0,0,0,-0.7071068,0,0,0,0,0,-0.7071068,0
11.8616,15,1,0,0.2287281,0.5384468,-0.6729732,-0.1264604,-0.9631748,0.1910118,0.4642353,0.6414577,0.2382484,-0.08676141,0.6407354,0.07219253,0.04080713,1.130794,-0.0339966,-0.06352198,-0.9499561,0.2054027,0.2408071,0.3227951,-0.6726044,0,0,0,0,-0.7071068,0,0,0,0,0,-0.7071068,0,0,0,0,0,-0.7071068,0,0,0,0,0,-0.7071068,0,0,0,0,0,-0.7071068,0
11.87953,15,1,0,0.2290976,0.5302287,-0.6678562,-0.1340626,-0.9603872,0.1963207,0.4641295,0.6415578,0.2381947,-0.0867468,0.6405733,0.07273049,0.04123747,1.130223,-0.03343653,-0.06433697,-0.9493053,0.2071656,0.2412375,0.316162,-0.6644034,0,0,0,0,-0.7071068,0,0,0,0,0,-0.7071068,0,0,0,0,0,-0.7071068,0,0,0,0,0,-0.7071068,0,0,0,0,0,-0.7071068,0
11.89615,15,1,0,0.2291063,0.5261558,-0.6652503,-0.1358276,-0.9594449,0.1989554,0.4638592,0.6413555,0.2383841,-0.08664367,0.6405712,0.07290872,0.04160943,1.129583,-0.03279258,-0.06474269,-0.9486578,0.2088957,0.2416094,0.3095504,-0.6560363,0,0,0,0,-0.7071068,0,0,0,0,0,-0.7071068,0,0,0,0,0,-0.7071068,0,0,0,0,0,-0.7071068,0,0,0,0,0,-0.7071068,0
11.91505,15,1,0,0.2290145,0.5182204,-0.66013,-0.1349294,-0.9585365,0.2042479,0.4637493,0.6413387,0.2386791,-0.08629201,0.6401613,0.07356036,0.04185031,1.129303,-0.03251265,-0.06489372,-0.9482939,0.2098989,0.2418503,0.3038267,-0.6485372,0,0,0,0,-0.7071068,0,0,0,0,0,-0.7071068,0,0,0,0,0,-0.7071068,0,0,0,0,0,-0.7071068,0,0,0,0,0,-0.7071068,0
11.93378,15,1,0,0.2289705,0.5144286,-0.6576908,-0.1350985,-0.9577864,0.2071727,0.4636412,0.6414919,0.238611,-0.08601772,0.6401827,0.07407228,0.0423435,1.128775,-0.03197959,-0.06535341,-0.9475678,0.2117544,0.2423435,0.2972059,-0.6397138,0,0,0,0,-0.7071068,0,0,0,0,0,-0.7071068,0,0,0,0,0,-0.7071068,0,0,0,0,0,-0.7071068,0,0,0,0,0,-0.7071068,0
11.95135,15,1,0,0.2296716,0.5061382,-0.6521859,-0.1391152,-0.9556628,0.2115529,0.463598,0.6415256,0.2389215,-0.08553856,0.639938,0.07465307,0.04266644,1.128367,-0.03156958,-0.06569234,-0.9470146,0.2133316,0.2426664,0.2908698,-0.6310101,0,0,0,0,-0.7071068,0,0,0,0,0,-0.7071068,0,0,0,0,0,-0.7071068,0,0,0,0,0,-0.7071068,0,0,0,0,0,-0.7071068,0
11.96847,15,1,0,0.2300225,0.4980873,-0.6467631,-0.1443963,-0.9535178,0.2149293,0.463486,0.6414808,0.2392012,-0.0851106,0.6397573,0.07505924,0.04290744,1.128281,-0.03140171,-0.06603745,-0.9467412,0.213997,0.2429074,0.2853204,-0.622992,0,0,0,0,-0.7071068,0,0,0,0,0,-0.7071068,0,0,0,0,0,-0.7071068,0,0,0,0,0,-0.7071068,0,0,0,0,0,-0.7071068,0
11.98536,15,1,0,0.2301188,0.4940865,-0.6442289,-0.1465469,-0.9524927,0.2168315,0.4634476,0.641466,0.2393709,-0.08483423,0.6397017,0.07531431,0.04351777,1.127944,-0.03105743,-0.06677031,-0.9462532,0.2152929,0.2435178,0.2797557,-0.6149371,0,0,0,0,-0.7071068,0,0,0,0,0,-0.7071068,0,0,0,0,0,-0.7071068,0,0,0,0,0,-0.7071068,0,0,0,0,0,-0.7071068,0
12.00304,15,1,0,0.2298808,0.4862105,-0.6393633,-0.1484991,-0.9508854,0.221422,0.4633155,0.6414295,0.2397679,-0.0845919,0.6395963,0.07542279,0.04382962,1.127756,-0.03091889,-0.06727158,-0.9459893,0.2159197,0.2438296,0.2744974,-0.6071274,0,0,0,0,-0.7071068,0,0,0,0,0,-0.7071068,0,0,0,0,0,-0.7071068,0,0,0,0,0,-0.7071068,0,0,0,0,0,-0.7071068,0
12.02013,15,1,0,0.2294942,0.4821821,-0.6368937,-0.1491158,-0.9500136,0.2246506,0.4634351,0.6415613,0.2397901,-0.08412154,0.6395857,0.07560982,0.04444742,1.12739,-0.03073783,-0.06811859,-0.9456111,0.2169951,0.2444474,0.268924,-0.5988554,0,0,0,0,-0.7071068,0,0,0,0,0,-0.7071068,0,0,0,0,0,-0.7071068,0,0,0,0,0,-0.7071068,0,0,0,0,0,-0.7071068,0
12.03719,15,1,0,0.2290649,0.4742621,-0.6316364,-0.1533829,-0.947897,0.2296296,0.4635017,0.6415676,0.2399307,-0.08361175,0.6397159,0.07603355,0.04477142,1.127229,-0.03065539,-0.06836654,-0.9454619,0.2176576,0.2447714,0.2638248,-0.5908933,0,0,0,0,-0.7071068,0,0,0,0,0,-0.7071068,0,0,0,0,0,-0.7071068,0,0,0,0,0,-0.7071068,0,0,0,0,0,-0.7071068,0
12.05343,15,1,0,0.2289111,0.4705046,-0.6290684,-0.1563279,-0.9467704,0.2314352,0.4634543,0.6415632,0.2399759,-0.08336479,0.6397983,0.07607933,0.0452984,1.126774,-0.03022595,-0.06893833,-0.9452908,0.2188761,0.2452984,0.2585339,-0.5825387,0,0,0,0,-0.7071068,0,0,0,0,0,-0.7071068,0,0,0,0,0,-0.7071068,0,0,0,0,0,-0.7071068,0,0,0,0,0,-0.7071068,0
12.06932,15,1,0,0.2286112,0.4635117,-0.6243002,-0.160907,-0.9448241,0.2348064,0.4632861,0.6414464,0.2401334,-0.08336884,0.6400868,0.07594158,0.04559257,1.126619,-0.03012891,-0.06927928,-0.945182,0.2195402,0.2455926,0.2538613,-0.5748408,0,0,0,0,-0.7071068,0,0,0,0,0,-0.7071068,0,0,0,0,0,-0.7071068,0,0,0,0,0,-0.7071068,0,0,0,0,0,-0.7071068,0
12.08734,15,2,0,0.2284251,0.4599949,-0.6220417,-0.1621123,-0.9439937,0.2369842,0.4632454,0.6415143,0.2401591,-0.08347666,0.640322,0.07587099,0.04629231,1.126228,-0.02997669,-0.07015604,-0.9449806,0.220183,0.2462923,0.249137,-0.5672074,0,0,0,0,-0.7071068,0,0,0,0,0,-0.7071068,0,0,0,0,0,-0.7071068,0,0,0,0,0,-0.7071068,0,0,0,0,0,-0.7071068,0
12.10435,15,2,0,0.2280912,0.4531107,-0.6172578,-0.1631684,-0.9424658,0.2422872,0.4631142,0.6414977,0.2402254,-0.08358269,0.6407804,0.07607958,0.04681427,1.126116,-0.02998862,-0.07057517,-0.9448356,0.2205683,0.2468143,0.2508229,-0.5703471,0,0,0,0,-0.7071068,0,0,0,0,0,-0.7071068,0,0,0,0,0,-0.7071068,0,0,0,0,0,-0.7071068,0,0,0,0,0,-0.7071068,0
12.1215,15,2,0,0.2280216,0.4499308,-0.6148384,-0.1635454,-0.9418016,0.2448333,0.4631669,0.6414819,0.2402185,-0.0836552,0.6408966,0.07618394,0.04781809,1.125796,-0.02993732,-0.07118758,-0.9445442,0.2212861,0.2478181,0.2551825,-0.5782806,0,0,0,0,-0.7071068,0,0,0,0,0,-0.7071068,0,0,0,0,0,-0.7071068,0,0,0,0,0,-0.7071068,0,0,0,0,0,-0.7071068,0
12.13973,15,2,1,0.2283425,0.4436976,-0.6100352,-0.1646185,-0.9403265,0.248994,0.4631858,0.6415218,0.2402204,-0.08360554,0.6409619,0.07656767,0.04871066,1.125392,-0.02983162,-0.07202415,-0.9441562,0.2226355,0.2487107,0.2595936,-0.5861725,0,0,0,0,-0.7071068,0,0,0,0,0,-0.7071068,0,0,0,0,0,-0.7071068,0,0,0,0,0,-0.7071068,0,0,0,0,0,-0.7071068,0
12.15765,15,2,1,0.2293223,0.4376651,-0.6046844,-0.1679834,-0.9381567,0.2520716,0.4630689,0.6415274,0.2400787,-0.08365186,0.6410192,0.07694799,0.04919551,1.125203,-0.02978491,-0.07243633,-0.9439263,0.2232778,0.2491955,0.2646263,-0.5945602,0,0,0,0,-0.7071068,0,0,0,0,0,-0.7071068,0,0,0,0,0,-0.7071068,0,0,0,0,0,-0.7071068,0,0,0,0,0,-0.7071068,0
12.17444,15,2,1,0.230103,0.4348063,-0.6020117,-0.1696877,-0.9368199,0.2538334,0.4630275,0.6415192,0.2399897,-0.08377495,0.6410252,0.07716735,0.05032776,1.124925,-0.02977798,-0.07348807,-0.9435421,0.223984,0.2503278,0.2695884,-0.6027833,0,0,0,0,-0.7071068,0,0,0,0,0,-0.7071068,0,0,0,0,0,-0.7071068,0,0,0,0,0,-0.7071068,0,0,0,0,0,-0.7071068,0
12.19459,15,2,1,0.2317605,0.4292963,-0.5967413,-0.1703863,-0.9347936,0.2578931,0.4630729,0.6415012,0.2396972,-0.08400507,0.6413963,0.07721068,0.05095281,1.124844,-0.02985823,-0.07416025,-0.9433418,0.2242425,0.2509528,0.2745059,-0.6105096,0,0,0,0,-0.7071068,0,0,0,0,0,-0.7071068,0,0,0,0,0,-0.7071068,0,0,0,0,0,-0.7071068,0,0,0,0,0,-0.7071068,0
12.2117,15,2,1,0.2324303,0.4267546,-0.5942842,-0.1697728,-0.9342532,0.2598584,0.4630498,0.6415302,0.2395427,-0.08416139,0.6415204,0.0772259,0.05205721,1.124504,-0.02983066,-0.07552522,-0.9428023,0.2249777,0.2520572,0.2802857,-0.6195835,0,0,0,0,-0.7071068,0,0,0,0,0,-0.7071068,0,0,0,0,0,-0.7071068,0,0,0,0,0,-0.7071068,0,0,0,0,0,-0.7071068,0
12.23072,15,2,1,0.2338034,0.4218714,-0.58933,-0.1678094,-0.9334009,0.2634554,0.4632769,0.6416519,0.2393186,-0.0843212,0.6417667,0.07711595,0.05339647,1.124254,-0.02993573,0.07707136,0.9421345,-0.2260913,0.2533965,0.2853323,-0.6273497,0,0,0,0,-0.7071068,0,0,0,0,0,-0.7071068,0,0,0,0,0,-0.7071068,0,0,0,0,0,-0.7071068,0,0,0,0,0,-0.7071068,0
12.24774,15,2,1,0.2356831,0.4172618,-0.5842708,-0.1688472,-0.9319704,0.2655656,0.463352,0.6415917,0.2391976,-0.0841931,0.6418686,0.07688925,0.05388417,1.124024,-0.02984715,0.07773662,0.9417467,-0.2267303,0.2538842,0.2910964,-0.6357002,0,0,0,0,-0.7071068,0,0,0,0,0,-0.7071068,0,0,0,0,0,-0.7071068,0,0,0,0,0,-0.7071068,0,0,0,0,0,-0.7071068,0
12.2653,15,2,1,0.2368699,0.4151862,-0.5816923,-0.1707068,-0.9311153,0.2656229,0.4631845,0.6417603,0.2393602,-0.08405969,0.6416441,0.07701125,0.0547864,1.123504,-0.02968647,0.07889102,0.9410381,-0.2280584,0.2547864,0.2960341,-0.6430241,0,0,0,0,-0.7071068,0,0,0,0,0,-0.7071068,0,0,0,0,0,-0.7071068,0,0,0,0,0,-0.7071068,0,0,0,0,0,-0.7071068,0
12.28178,15,2,1,0.2388656,0.4107931,-0.5765038,-0.1717586,-0.9297847,0.2673184,0.4631067,0.6417128,0.2393347,-0.08395871,0.6413504,0.07738502,0.05526643,1.123247,-0.02964702,0.07959964,0.9406596,-0.2287714,0.2552664,0.3015027,-0.65064,0,0,0,0,-0.7071068,0,0,0,0,0,-0.7071068,0,0,0,0,0,-0.7071068,0,0,0,0,0,-0.7071068,0,0,0,0,0,-0.7071068,0
12.29945,15,2,1,0.239852,0.4087729,-0.5737284,-0.1700871,-0.9294443,0.2691347,0.4630347,0.6417611,0.2394803,-0.08400596,0.6409483,0.07775053,0.05593826,1.122499,-0.02930619,0.08094118,0.9398246,-0.2303062,0.2559383,0.3062104,-0.6574154,0,0,0,0,-0.7071068,0,0,0,0,0,-0.7071068,0,0,0,0,0,-0.7071068,0,0,0,0,0,-0.7071068,0,0,0,0,0,-0.7071068,0
12.31652,15,2,1,0.2421425,0.4044185,-0.5679131,-0.1691774,-0.9275832,0.272904,0.4629054,0.6417866,0.23973,-0.08388906,0.6404061,0.07811164,0.05692048,1.122012,-0.029295,0.08240853,0.9388317,-0.2319934,0.2569205,0.3116653,-0.6649667,0,0,0,0,-0.7071068,0,0,0,0,0,-0.7071068,0,0,0,0,0,-0.7071068,0,0,0,0,0,-0.7071068,0,0,0,0,0,-0.7071068,0
12.33348,16,2,1,0.2435168,0.4021397,-0.5649365,-0.1691946,-0.9265102,0.2744716,0.4629301,0.6418406,0.2396669,-0.08383134,0.6401891,0.07822408,0.05733748,1.121743,-0.02927053,0.08309833,0.9383206,-0.2329094,0.2573375,0.3172238,-0.6721761,0,0,0,0,-0.7071068,0,0,0,0,0,-0.7071068,0,0,0,0,0,-0.7071068,0,0,0,0,0,-0.7071068,0,0,0,0,0,-0.7071068,0
12.35176,16,2,1,0.2461928,0.3980074,-0.5590539,-0.1714579,-0.9236085,0.2777701,0.4628313,0.6418641,0.2399128,-0.08351848,0.6399412,0.078351,0.05797737,1.121168,-0.02909318,0.08416297,0.9374137,-0.2346762,0.2579774,0.3225244,-0.679119,0,0,0,0,-0.7071068,0,0,0,0,0,-0.7071068,0,0,0,0,0,-0.7071068,0,0,0,0,0,-0.7071068,0,0,0,0,0,-0.7071068,0
12.36818,16,2,1,0.2485209,0.3943601,-0.5538962,-0.1727945,-0.9212062,0.2818794,0.4628616,0.6417984,0.2401404,-0.0830313,0.6399356,0.07837659,0.05814248,1.1208,-0.02891322,0.08471032,0.9369587,-0.2355921,0.2581425,0.3285841,-0.6865348,0,0,0,0,-0.7071068,0,0,0,0,0,-0.7071068,0,0,0,0,0,-0.7071068,0,0,0,0,0,-0.7071068,0,0,0,0,0,-0.7071068,0
12.38478,16,2,1,0.249403,0.3929756,-0.5516934,-0.1735766,-0.920001,0.2841892,0.4628524,0.6417915,0.2402758,-0.08284493,0.6399084,0.07841998,0.05892428,1.120453,-0.02885765,0.08557213,0.9361826,-0.2373537,0.2589243,0.3340895,-0.6932294,0,0,0,0,-0.7071068,0,0,0,0,0,-0.7071068,0,0,0,0,0,-0.7071068,0,0,0,0,0,-0.7071068,0,0,0,0,0,-0.7071068,0
12.40168,16,2,0,0.2512957,0.3909378,-0.5480167,-0.1792583,-0.9162865,0.2870901,0.4627487,0.6416876,0.2404937,-0.08270106,0.6398436,0.07835425,0.0592494,1.120369,-0.02888177,0.08618101,0.9358014,-0.238002,0.2592494,0.3400058,-0.7000141,0,0,0,0,-0.7071068,0,0,0,0,0,-0.7071068,0,0,0,0,0,-0.7071068,0,0,0,0,0,-0.7071068,0,0,0,0,0,-0.7071068,0
12.41741,16,2,0,0.2522349,0.39114,-0.5476637,-0.184652,-0.9138681,0.2874675,0.4627314,0.6416194,0.2405816,-0.08257206,0.6399379,0.07799809,0.05966895,1.120006,-0.02888431,0.08717456,0.9352349,-0.2385083,0.2596689,0.3458262,-0.7068214,0,0,0,0,-0.7071068,0,0,0,0,0,-0.7071068,0,0,0,0,0,-0.7071068,0,0,0,0,0,-0.7071068,0,0,0,0,0,-0.7071068,0
12.43511,16,2,0,0.2535091,0.3921738,-0.5486391,-0.1890491,-0.9123406,0.2873943,0.4627023,0.6414955,0.2406017,-0.08259073,0.6404053,0.07709621,0.06007067,1.120051,-0.02894533,0.0873272,0.935138,-0.2383053,0.2600707,0.3517002,-0.7131523,0,0,0,0,-0.7071068,0,0,0,0,0,-0.7071068,0,0,0,0,0,-0.7071068,0,0,0,0,0,-0.7071068,0,0,0,0,0,-0.7071068,0
12.45267,16,2,0,0.2545433,0.393302,-0.5499442,-0.1895274,-0.9127403,0.2864439,0.4627912,0.6415805,0.2406089,-0.0826658,0.6408035,0.07647261,0.06070732,1.120119,-0.02889797,0.0873448,0.9349309,-0.238153,0.2607073,0.3584087,-0.7200829,0,0,0,0,-0.7071068,0,0,0,0,0,-0.7071068,0,0,0,0,0,-0.7071068,0,0,0,0,0,-0.7071068,0,0,0,0,0,-0.7071068,0
12.47029,16,2,0,0.2553476,0.3996649,-0.5573308,-0.1859663,-0.917883,0.2763768,0.4627058,0.6416003,0.2407136,-0.08320574,0.641188,0.07586122,0.06093137,1.120164,-0.02886575,0.08749973,0.9347875,-0.2381548,0.2609314,0.3651286,-0.726895,0,0,0,0,-0.7071068,0,0,0,0,0,-0.7071068,0,0,0,0,0,-0.7071068,0,0,0,0,0,-0.7071068,0,0,0,0,0,-0.7071068,0
12.48765,16,2,0,0.2562649,0.4029036,-0.5603817,-0.1845835,-0.9196236,0.2718327,0.4626541,0.6416306,0.2408427,-0.08357989,0.6412105,0.07568581,0.06074261,1.120051,-0.02859372,0.08884085,0.9343844,-0.2380771,0.2607426,0.3717934,-0.7334035,0,0,0,0,-0.7071068,0,0,0,0,0,-0.7071068,0,0,0,0,0,-0.7071068,0,0,0,0,0,-0.7071068,0,0,0,0,0,-0.7071068,0
12.50637,16,2,0,0.2570468,0.4114423,-0.5692705,-0.184603,-0.9227418,0.259876,0.4624911,0.6415886,0.2411886,-0.08398582,0.6409294,0.07563671,0.06087432,1.120153,-0.02849368,0.08936668,0.9342667,-0.2377132,0.2608743,0.3786591,-0.7399062,0,0,0,0,-0.7071068,0,0,0,0,0,-0.7071068,0,0,0,0,0,-0.7071068,0,0,0,0,0,-0.7071068,0,0,0,0,0,-0.7071068,0
12.52587,16,2,0,0.2572055,0.4204929,-0.5788907,-0.1917701,-0.9242497,0.2479132,0.4623978,0.6413431,0.2415944,-0.08305458,0.6410079,0.07586382,0.06113035,1.120481,-0.02828488,0.08928152,0.9343845,-0.2365992,0.2611304,0.3863641,-0.7467201,0,0,0,0,-0.7071068,0,0,0,0,0,-0.7071068,0,0,0,0,0,-0.7071068,0,0,0,0,0,-0.7071068,0,0,0,0,0,-0.7071068,0
12.54472,16,2,0,0.2567751,0.4256243,-0.5844178,-0.1958571,-0.9249771,0.2425397,0.4624132,0.6412863,0.2417556,-0.08255361,0.6410865,0.07607582,0.06122385,1.120861,-0.02794795,0.08817376,0.9348646,-0.2351694,0.2612239,0.3945272,-0.7535976,0,0,0,0,-0.7071068,0,0,0,0,0,-0.7071068,0,0,0,0,0,-0.7071068,0,0,0,0,0,-0.7071068,0,0,0,0,0,-0.7071068,0
12.56381,16,2,0,0.256158,0.4365733,-0.5954214,-0.2015395,-0.9274979,0.2306979,0.4625354,0.6412778,0.2419237,-0.08163855,0.6414621,0.07642513,0.06116975,1.121358,-0.0275676,0.08787475,0.9354188,-0.2333225,0.2611698,0.4026409,-0.7600902,0,0,0,0,-0.7071068,0,0,0,0,0,-0.7071068,0,0,0,0,0,-0.7071068,0,0,0,0,0,-0.7071068,0,0,0,0,0,-0.7071068,0
12.58138,16,2,0,0.2549251,0.4502549,-0.6085563,-0.200884,-0.9323514,0.2176815,0.4626401,0.6412593,0.2416836,-0.08137812,0.64192,0.07650142,0.06108968,1.121604,-0.02741349,0.08794212,0.9357114,-0.2322226,0.2610897,0.4106924,-0.766794,0,0,0,0,-0.7071068,0,0,0,0,0,-0.7071068,0,0,0,0,0,-0.7071068,0,0,0,0,0,-0.7071068,0,0,0,0,0,-0.7071068,0
12.60019,16,2,0,0.2543382,0.457689,-0.6152177,-0.1996163,-0.9349525,0.2109413,0.462694,0.641355,0.2415067,-0.08152335,0.642105,0.07662835,0.06079369,1.122214,-0.02695735,0.08811334,0.9365026,-0.2297578,0.2607937,0.4185685,-0.7725589,0,0,0,0,-0.7071068,0,0,0,0,0,-0.7071068,0,0,0,0,0,-0.7071068,0,0,0,0,0,-0.7071068,0,0,0,0,0,-0.7071068,0
12.61805,16,2,0,0.2534496,0.4726866,-0.6281068,-0.1979853,-0.939494,0.1976191,0.4626978,0.6413834,0.2410454,-0.08199631,0.6425895,0.07683459,0.06017131,1.122715,-0.02628163,0.08821125,0.9374717,-0.2269875,0.2601713,0.4269308,-0.7784427,0,0,0,0,-0.7071068,0,0,0,0,0,-0.7071068,0,0,0,0,0,-0.7071068,0,0,0,0,0,-0.7071068,0,0,0,0,0,-0.7071068,0
12.63492,16,2,1,0.2528574,0.4884661,-0.6404755,-0.1963176,-0.9435132,0.1845912,0.4626675,0.6418374,0.2403882,-0.0830935,0.642655,0.07754233,0.06002146,1.123068,-0.02606452,0.08827893,0.9379659,-0.225491,0.2600214,0.4348258,-0.7843567,0,0,0,0,-0.7071068,0,0,0,0,0,-0.7071068,0,0,0,0,0,-0.7071068,0,0,0,0,0,-0.7071068,0,0,0,0,0,-0.7071068,0
12.65283,16,2,1,0.2493865,0.4925714,-0.6452856,-0.1960192,-0.9450604,0.1784402,0.4626359,0.6420826,0.2401784,-0.08358135,0.6426231,0.07780393,0.05945997,1.123885,-0.0254335,0.08852175,0.9390529,-0.221966,0.25946,0.442837,-0.7894306,0,0,0,0,-0.7071068,0,0,0,0,0,-0.7071068,0,0,0,0,0,-0.7071068,0,0,0,0,0,-0.7071068,0,0,0,0,0,-0.7071068,0
12.67034,16,2,1,0.2492085,0.5078248,-0.6564875,-0.196637,-0.9473724,0.1668466,0.4626197,0.6423148,0.2396919,-0.08452839,0.6422052,0.07828487,0.05924057,1.124318,-0.02514214,0.08858422,0.9396482,-0.2200699,0.2592406,0.4509788,-0.7951019,0,0,0,0,-0.7071068,0,0,0,0,0,-0.7071068,0,0,0,0,0,-0.7071068,0,0,0,0,0,-0.7071068,0,0,0,0,0,-0.7071068,0
12.68757,16,2,1,0.2490484,0.5153897,-0.6619282,-0.1959232,-0.9486822,0.1619747,0.4625842,0.642408,0.2394595,-0.08487669,0.642061,0.07842658,0.05863229,1.125292,-0.02450615,0.08842064,0.940906,-0.2158811,0.2586323,0.4595627,-0.8002028,0,0,0,0,-0.7071068,0,0,0,0,0,-0.7071068,0,0,0,0,0,-0.7071068,0,0,0,0,0,-0.7071068,0,0,0,0,0,-0.7071068,0
12.7052,16,2,1,0.2486101,0.5305938,-0.6720512,-0.194012,-0.9513605,0.1522711,0.4626005,0.6425039,0.239163,-0.08506021,0.6415409,0.07882147,0.05827652,1.125775,-0.02417604,0.08813786,0.9415958,-0.2136052,0.2582765,0.4676049,-0.8054286,0,0,0,0,-0.7071068,0,0,0,0,0,-0.7071068,0,0,0,0,0,-0.7071068,0,0,0,0,0,-0.7071068,0,0,0,0,0,-0.7071068,0
12.72225,16,2,1,0.2486138,0.5381351,-0.6764731,-0.1924314,-0.9526646,0.1474693,0.4626358,0.6425365,0.2391296,-0.08486464,0.6412537,0.07915729,0.05761775,1.126844,-0.02351923,0.08780082,0.9428266,-0.2093923,0.2576177,0.476471,-0.8103583,0,0,0,0,-0.7071068,0,0,0,0,0,-0.7071068,0,0,0,0,0,-0.7071068,0,0,0,0,0,-0.7071068,0,0,0,0,0,-0.7071068,0
12.7406,16,2,1,0.2478629,0.5528719,-0.6854019,-0.1896964,-0.9551852,0.1372878,0.4626756,0.6426135,0.239085,-0.08426486,0.6406372,0.07976313,0.05688071,1.127973,-0.0227349,0.08748251,0.9439753,-0.2050328,0.2568807,0.4852094,-0.8148877,0,0,0,0,-0.7071068,0,0,0,0,0,-0.7071068,0,0,0,0,0,-0.7071068,0,0,0,0,0,-0.7071068,0,0,0,0,0,-0.7071068,0
12.75977,16,2,1,0.247372,0.5671908,-0.6937962,-0.1889741,-0.9570757,0.128206,0.4627121,0.642637,0.2394064,-0.08335108,0.6396784,0.08063794,0.05649692,1.128572,-0.02234355,0.08730496,0.9445407,-0.2028441,0.2564969,0.4940663,-0.8201126,0,0,0,0,-0.7071068,0,0,0,0,0,-0.7071068,0,0,0,0,0,-0.7071068,0,0,0,0,0,-0.7071068,0,0,0,0,0,-0.7071068,0
12.77621,16,2,1,0.2469316,0.574301,-0.6976209,-0.1904254,-0.9575239,0.1240061,0.4627092,0.6426209,0.2395683,-0.08294369,0.6391739,0.08090106,0.05571146,1.129886,-0.02147846,0.08681799,0.9457121,-0.1980438,0.2557115,0.5040847,-0.8250024,0,0,0,0,-0.7071068,0,0,0,0,0,-0.7071068,0,0,0,0,0,-0.7071068,0,0,0,0,0,-0.7071068,0,0,0,0,0,-0.7071068,0
12.79373,16,2,1,0.2462774,0.588977,-0.705235,-0.1879617,-0.9597023,0.1156368,0.4626266,0.6426079,0.2398468,-0.08251452,0.6383347,0.08125773,0.05528937,1.130563,-0.02106234,0.08662808,0.9462621,-0.1956892,0.2552894,0.5122852,-0.8294264,0,0,0,0,-0.7071068,0,0,0,0,0,-0.7071068,0,0,0,0,0,-0.7071068,0,0,0,0,0,-0.7071068,0,0,0,0,0,-0.7071068,0
12.81117,16,2,1,0.2460581,0.5962052,-0.7088749,-0.1856489,-0.9610186,0.1113399,0.4625591,0.642691,0.2399996,-0.08237047,0.6380523,0.08145699,0.05449568,1.131831,-0.02025397,0.08599123,0.9474094,-0.190891,0.2544957,0.5216334,-0.8336827,0,0,0,0,-0.7071068,0,0,0,0,0,-0.7071068,0,0,0,0,0,-0.7071068,0,0,0,0,0,-0.7071068,0,0,0,0,0,-0.7071068,0
12.82883,16,2,1,0.2456515,0.6108274,-0.7159145,-0.1815448,-0.9633916,0.102825,0.4624616,0.6428012,0.2402652,-0.08245892,0.6376254,0.0813671,0.05368126,1.133023,-0.01928813,0.08525944,0.9484712,-0.1864245,0.2536813,0.5309298,-0.8376602,0,0,0,0,-0.7071068,0,0,0,0,0,-0.7071068,0,0,0,0,0,-0.7071068,0,0,0,0,0,-0.7071068,0,0,0,0,0,-0.7071068,0
12.8458,16,2,1,0.246343,0.6250801,-0.7208469,-0.1794047,-0.9649243,0.09583116,0.462328,0.6428308,0.2405736,-0.08261926,0.6375949,0.08129323,0.05319886,1.133653,-0.01880853,-0.08485065,-0.9489125,0.1844202,0.2531989,0.5398259,-0.8420845,0,0,0,0,-0.7071068,0,0,0,0,0,-0.7071068,0,0,0,0,0,-0.7071068,0,0,0,0,0,-0.7071068,0,0,0,0,0,-0.7071068,0
12.86401,16,2,1,0.2463815,0.6320795,-0.7237341,-0.1771614,-0.9659237,0.09247886,0.4623572,0.642833,0.240754,-0.08265997,0.6376239,0.08112556,0.05233974,1.134793,-0.0177991,-0.08415285,-0.9497943,0.1799933,0.2523398,0.5489655,-0.8456908,0,0,0,0,-0.7071068,0,0,0,0,0,-0.7071068,0,0,0,0,0,-0.7071068,0,0,0,0,0,-0.7071068,0,0,0,0,0,-0.7071068,0
12.88369,16,2,1,0.2465669,0.6460564,-0.7287021,-0.1710448,-0.9681717,0.08545879,0.462301,0.6427743,0.240983,-0.08266975,0.6378766,0.08096077,0.0519385,1.135333,-0.01733345,-0.08373168,-0.9501812,0.1779046,0.2519385,0.5581509,-0.850073,0,0,0,0,-0.7071068,0,0,0,0,0,-0.7071068,0,0,0,0,0,-0.7071068,0,0,0,0,0,-0.7071068,0,0,0,0,0,-0.7071068,0
12.9004,17,2,1,0.246742,0.6530818,-0.731164,-0.1700637,-0.9688504,0.08162889,0.4622975,0.6427081,0.2410621,-0.08245733,0.6382043,0.08107626,0.05126781,1.136447,-0.01643582,-0.08321736,-0.9508991,0.1741209,0.2512678,0.5686746,-0.8542901,0,0,0,0,-0.7071068,0,0,0,0,0,-0.7071068,0,0,0,0,0,-0.7071068,0,0,0,0,0,-0.7071068,0,0,0,0,0,-0.7071068,0
12.9177,17,2,1,0.2472373,0.6673049,-0.7358263,-0.1680139,-0.9702488,0.07302936,0.4623205,0.6426708,0.2412196,-0.08198521,0.6387991,0.08112204,0.05051275,1.137614,-0.01553464,-0.08253609,-0.9516951,0.169964,0.2505127,0.5778878,-0.8576307,0,0,0,0,-0.7071068,0,0,0,0,0,-0.7071068,0,0,0,0,0,-0.7071068,0,0,0,0,0,-0.7071068,0,0,0,0,0,-0.7071068,0
12.93532,17,2,1,0.2474518,0.6816967,-0.740365,-0.1631552,-0.9720607,0.06494708,0.4623735,0.6425254,0.2413108,-0.08140191,0.6393251,0.0811029,0.05012233,1.138134,-0.01506827,-0.08211443,-0.9520847,0.1680539,0.2501223,0.5867878,-0.8614561,0,0,0,0,-0.7071068,0,0,0,0,0,-0.7071068,0,0,0,0,0,-0.7071068,0,0,0,0,0,-0.7071068,0,0,0,0,0,-0.7071068,0
12.95254,17,2,1,0.2474093,0.6888832,-0.7423019,-0.1608521,-0.9729028,0.06100498,0.4623566,0.6425228,0.2413178,-0.08126645,0.639695,0.08096744,0.04916367,1.13906,-0.01410324,-0.08125809,-0.9528283,0.1642352,0.2491637,0.5963041,-0.8647587,0,0,0,0,-0.7071068,0,0,0,0,0,-0.7071068,0,0,0,0,0,-0.7071068,0,0,0,0,0,-0.7071068,0,0,0,0,0,-0.7071068,0
12.96971,17,2,1,0.2477139,0.7027248,-0.746001,-0.1577583,-0.9740739,0.05332298,0.4623969,0.6425022,0.2412791,-0.08119019,0.640139,0.08080418,0.04872475,1.139545,-0.01361538,-0.08090776,-0.9532278,0.1625206,0.2487248,0.6052297,-0.8683373,0,0,0,0,-0.7071068,0,0,0,0,0,-0.7071068,0,0,0,0,0,-0.7071068,0,0,0,0,0,-0.7071068,0,0,0,0,0,-0.7071068,0
12.98808,17,2,1,0.2478893,0.7096049,-0.747858,-0.1562415,-0.9745666,0.04951642,0.4624249,0.6425807,0.2412157,-0.0813696,0.6403067,0.08079704,0.04771903,1.140488,-0.01260422,-0.08010584,-0.9540879,0.1588261,0.247719,0.6146381,-0.8712805,0,0,0,0,-0.7071068,0,0,0,0,0,-0.7071068,0,0,0,0,0,-0.7071068,0,0,0,0,0,-0.7071068,0,0,0,0,0,-0.7071068,0
13.00458,17,2,1,0.2481193,0.7232338,-0.751141,-0.1535594,-0.9755222,0.04178247,0.4624332,0.6425182,0.2410999,-0.08169191,0.6405641,0.08091987,0.04675934,1.141489,-0.01171039,-0.0794038,-0.9549832,0.1548351,0.2467593,0.6247534,-0.8745067,0,0,0,0,-0.7071068,0,0,0,0,0,-0.7071068,0,0,0,0,0,-0.7071068,0,0,0,0,0,-0.7071068,0,0,0,0,0,-0.7071068,0
13.02149,17,2,1,0.2478401,0.729852,-0.7527689,-0.1503395,-0.976481,0.03809662,0.4624138,0.6425632,0.2410503,-0.08191786,0.6405646,0.08102082,0.04621059,1.141878,-0.01121195,-0.07901764,-0.9554192,0.1528791,0.2462106,0.6333665,-0.8776059,0,0,0,0,-0.7071068,0,0,0,0,0,-0.7071068,0,0,0,0,0,-0.7071068,0,0,0,0,0,-0.7071068,0,0,0,0,0,-0.7071068,0
13.03841,17,2,1,0.2476713,0.7429529,-0.7558867,-0.1460732,-0.9777432,0.03153547,0.4623206,0.6427034,0.2409746,-0.08225488,0.6404439,0.08130933,0.04507655,1.142677,-0.009976238,-0.07828225,-0.9563775,0.1489965,0.2450766,0.6426411,-0.8799612,0,0,0,0,-0.7071068,0,0,0,0,0,-0.7071068,0,0,0,0,0,-0.7071068,0,0,0,0,0,-0.7071068,0,0,0,0,0,-0.7071068,0
13.05629,17,2,1,0.2473622,0.7492343,-0.7567822,-0.144933,-0.9781264,0.02855458,0.4621997,0.6427414,0.2409459,-0.08247946,0.6403143,0.08148776,0.04459115,1.143173,-0.009457272,-0.07790585,-0.956866,0.1469756,0.2445911,0.6516562,-0.8829335,0,0,0,0,-0.7071068,0,0,0,0,0,-0.7071068,0,0,0,0,0,-0.7071068,0,0,0,0,0,-0.7071068,0,0,0,0,0,-0.7071068,0
13.07403,17,2,1,0.2469242,0.7614398,-0.7593123,-0.1416861,-0.9790372,0.02243971,0.462155,0.6428711,0.2409861,-0.08263937,0.6397952,0.08199344,0.04373483,1.144235,-0.00848192,-0.077303,-0.9577758,0.1423951,0.2437348,0.6617711,-0.8855404,0,0,0,0,-0.7071068,0,0,0,0,0,-0.7071068,0,0,0,0,0,-0.7071068,0,0,0,0,0,-0.7071068,0,0,0,0,0,-0.7071068,0
13.09228,17,2,1,0.2461089,0.7735429,-0.7617084,-0.1380487,-0.9800457,0.01686297,0.4621427,0.6429963,0.24098,-0.08252226,0.6393339,0.08227812,0.04326757,1.144786,-0.00787539,-0.07689905,-0.9582332,0.140034,0.2432676,0.6713397,-0.8883732,0,0,0,0,-0.7071068,0,0,0,0,0,-0.7071068,0,0,0,0,0,-0.7071068,0,0,0,0,0,-0.7071068,0,0,0,0,0,-0.7071068,0
13.10907,17,2,1,0.2457449,0.7794241,-0.762818,-0.1376966,-0.9802821,0.01398358,0.4620836,0.6429271,0.2409811,-0.08232611,0.6391441,0.08257025,0.04344841,1.146462,-0.007091466,-0.07609325,-0.9591371,0.1355541,0.2434484,0.6823403,-0.8910123,0,0,0,0,-0.7071068,0,0,0,0,0,-0.7071068,0,0,0,0,0,-0.7071068,0,0,0,0,0,-0.7071068,0,0,0,0,0,-0.7071068,0
13.12854,17,2,1,0.2450114,0.7913244,-0.7650212,-0.1360915,-0.9808761,0.008100726,0.4620731,0.6428912,0.2410958,-0.08209523,0.6387069,0.08280701,0.04288642,1.146881,-0.006430235,-0.07578708,-0.9595565,0.1333085,0.2428864,0.6913767,-0.8933954,0,0,0,0,-0.7071068,0,0,0,0,0,-0.7071068,0,0,0,0,0,-0.7071068,0,0,0,0,0,-0.7071068,0,0,0,0,0,-0.7071068,0
13.14727,17,2,1,0.2439906,0.8035368,-0.7668141,-0.1322193,-0.9818732,0.002145812,0.4620354,0.643052,0.2410614,-0.08199685,0.6383501,0.08310225,0.04211016,1.148143,-0.005219806,-0.07492291,-0.9605716,0.1282592,0.2421102,0.7026762,-0.8955886,0,0,0,0,-0.7071068,0,0,0,0,0,-0.7071068,0,0,0,0,0,-0.7071068,0,0,0,0,0,-0.7071068,0,0,0,0,0,-0.7071068,0
13.16445,17,2,1,0.2436112,0.8095745,-0.767954,-0.1301681,-0.9821889,-0.0001899824,0.4620064,0.6430776,0.241137,-0.08188228,0.6381528,0.08332664,0.04123494,1.149431,-0.004116505,-0.07371753,-0.9616058,0.1231468,0.2412349,0.7136614,-0.8976302,0,0,0,0,-0.7071068,0,0,0,0,0,-0.7071068,0,0,0,0,0,-0.7071068,0,0,0,0,0,-0.7071068,0,0,0,0,0,-0.7071068,0
13.18149,17,2,1,0.2433992,0.8215673,-0.7704402,-0.1323398,-0.9815866,-0.003670916,0.4620405,0.6432067,0.2412568,-0.08166695,0.637868,0.08362007,0.040834,1.150135,-0.003575694,-0.07312442,-0.9621152,0.1203629,0.240834,0.7232916,-0.899861,0,0,0,0,-0.7071068,0,0,0,0,0,-0.7071068,0,0,0,0,0,-0.7071068,0,0,0,0,0,-0.7071068,0,0,0,0,0,-0.7071068,0
13.19905,17,2,1,0.2432978,0.827812,-0.7719373,-0.1369884,-0.980916,-0.006105207,0.4620264,0.6432095,0.2413217,-0.08159122,0.6377918,0.08340181,0.04023767,1.151635,-0.002492331,-0.07198417,-0.9630492,0.1140276,0.2402377,0.7336853,-0.9014233,0,0,0,0,-0.7071068,0,0,0,0,0,-0.7071068,0,0,0,0,0,-0.7071068,0,0,0,0,0,-0.7071068,0,0,0,0,0,-0.7071068,0
13.21696,17,2,1,0.2418391,0.8428713,-0.7753173,-0.1388316,-0.9814324,-0.01634236,0.4620452,0.6431396,0.2413213,-0.0816213,0.6380067,0.08276642,0.03949161,1.153052,-0.001313962,-0.07106817,-0.9637873,0.1077426,0.2394916,0.7442919,-0.9028586,0,0,0,0,-0.7071068,0,0,0,0,0,-0.7071068,0,0,0,0,0,-0.7071068,0,0,0,0,0,-0.7071068,0,0,0,0,0,-0.7071068,0
13.23469,17,2,1,0.2399606,0.8585939,-0.7782859,-0.1273142,-0.9835692,-0.02797134,0.4623224,0.6429801,0.2411781,-0.08184528,0.6386187,0.0822313,0.03916561,1.153738,-0.000802312,-0.07071411,-0.9641225,0.1051482,0.2391656,0.7543869,-0.9048972,0,0,0,0,-0.7071068,0,0,0,0,0,-0.7071068,0,0,0,0,0,-0.7071068,0,0,0,0,0,-0.7071068,0,0,0,0,0,-0.7071068,0
13.25199,17,2,1,0.2392749,0.8665173,-0.779447,-0.1232841,-0.9840819,-0.03474969,0.4622656,0.6429955,0.2410878,-0.08186495,0.6389948,0.08228782,0.03847379,1.155085,0.0002345294,-0.06983087,-0.9648453,0.1001759,0.2384738,0.7650769,-0.9062687,0,0,0,0,-0.7071068,0,0,0,0,0,-0.7071068,0,0,0,0,0,-0.7071068,0,0,0,0,0,-0.7071068,0,0,0,0,0,-0.7071068,0
13.26901,17,2,1,0.2381605,0.8807204,-0.781113,-0.122751,-0.9839876,-0.04686265,0.462188,0.6429217,0.2412708,-0.0817394,0.6393555,0.08247182,0.03813999,1.155721,0.000737872,-0.06931958,-0.9652556,0.09762849,0.23814,0.7748579,-0.9080035,0,0,0,0,-0.7071068,0,0,0,0,0,-0.7071068,0,0,0,0,0,-0.7071068,0,0,0,0,0,-0.7071068,0,0,0,0,0,-0.7071068,0
13.28647,17,2,1,0.2375692,0.8870449,-0.7818481,-0.1244693,-0.9837277,-0.05135328,0.4621411,0.6429535,0.2414294,-0.08159132,0.6393953,0.0826414,0.0374772,1.157021,0.001740254,-0.06832206,-0.96605,0.09253422,0.2374772,0.7851838,-0.9090961,0,0,0,0,-0.7071068,0,0,0,0,0,-0.7071068,0,0,0,0,0,-0.7071068,0,0,0,0,0,-0.7071068,0,0,0,0,0,-0.7071068,0
13.30319,17,2,1,0.2365718,0.8989012,-0.7830666,-0.1253317,-0.9834305,-0.05627797,0.4619907,0.6430125,0.241641,-0.08116249,0.6391493,0.08333931,0.03714381,1.157599,0.002320368,-0.06790192,-0.9664751,0.08955497,0.2371438,0.7950448,-0.9105532,0,0,0,0,-0.7071068,0,0,0,0,0,-0.7071068,0,0,0,0,0,-0.7071068,0,0,0,0,0,-0.7071068,0,0,0,0,0,-0.7071068,0
13.32105,17,2,1,0.2362789,0.9041251,-0.7835349,-0.1249482,-0.9833913,-0.05689813,0.4619453,0.6430125,0.2417429,-0.08100606,0.6389601,0.08357824,0.03641041,1.158806,0.00342444,-0.0674484,-0.9671966,0.08367888,0.2364104,0.8051607,-0.9112933,0,0,0,0,-0.7071068,0,0,0,0,0,-0.7071068,0,0,0,0,0,-0.7071068,0,0,0,0,0,-0.7071068,0,0,0,0,0,-0.7071068,0
13.3383,17,2,1,0.2351719,0.9150965,-0.7844197,-0.1221762,-0.9837787,-0.0590588,0.4620148,0.642934,0.2416559,-0.08092305,0.6389735,0.08365808,0.03587551,1.159916,0.004435133,-0.06706721,-0.9677596,0.07852971,0.2358755,0.8158122,-0.9121378,0,0,0,0,-0.7071068,0,0,0,0,0,-0.7071068,0,0,0,0,0,-0.7071068,0,0,0,0,0,-0.7071068,0,0,0,0,0,-0.7071068,0
13.35513,17,2,1,0.234591,0.9208405,-0.7849749,-0.1212769,-0.9839095,-0.06089387,0.4620295,0.6430501,0.2415143,-0.08114208,0.638948,0.08353417,0.03553515,1.160423,0.004976656,-0.06686637,-0.9680459,0.07617012,0.2355351,0.8255565,-0.9132752,0,0,0,0,-0.7071068,0,0,0,0,0,-0.7071068,0,0,0,0,0,-0.7071068,0,0,0,0,0,-0.7071068,0,0,0,0,0,-0.7071068,0
13.37337,17,2,1,0.233596,0.9325852,-0.7856666,-0.1189679,-0.984068,-0.06670216,0.4621293,0.6430743,0.2412315,-0.08159725,0.6390536,0.08299973,0.03483808,1.161471,0.006040046,-0.06659308,-0.9685968,0.07126819,0.2348381,0.8356355,-0.9137426,0,0,0,0,-0.7071068,0,0,0,0,0,-0.7071068,0,0,0,0,0,-0.7071068,0,0,0,0,0,-0.7071068,0,0,0,0,0,-0.7071068,0
13.38974,17,2,1,0.2327251,0.9448844,-0.7857894,-0.1172716,-0.983959,-0.07537121,0.4622736,0.6431631,0.2410378,-0.08200017,0.6390997,0.0826226,0.03435095,1.161861,0.006764807,-0.06638868,-0.9688401,0.06867872,0.2343509,0.845835,-0.9145574,0,0,0,0,-0.7071068,0,0,0,0,0,-0.7071068,0,0,0,0,0,-0.7071068,0,0,0,0,0,-0.7071068,0,0,0,0,0,-0.7071068,0
13.40768,17,2,1,0.2323996,0.9510297,-0.785921,-0.1155999,-0.9839953,-0.07968026,0.4622772,0.643183,0.240992,-0.08216251,0.6390767,0.08250777,0.03353284,1.162837,0.008046761,-0.06602024,-0.9692912,0.0640447,0.2335328,0.8556252,-0.9145499,0,0,0,0,-0.7071068,0,0,0,0,0,-0.7071068,0,0,0,0,0,-0.7071068,0,0,0,0,0,-0.7071068,0,0,0,0,0,-0.7071068,0
13.42611,17,2,1,0.2320501,0.962394,-0.7856201,-0.1105711,-0.9841162,-0.08608849,0.46222,0.643275,0.2407702,-0.08238632,0.6389975,0.08277234,0.03312247,1.163343,0.008715328,-0.06581833,-0.9695148,0.06192455,0.2331225,0.865814,-0.9151633,0,0,0,0,-0.7071068,0,0,0,0,0,-0.7071068,0,0,0,0,0,-0.7071068,0,0,0,0,0,-0.7071068,0,0,0,0,0,-0.7071068,0
13.44412,17,2,1,0.2321526,0.9676119,-0.7854768,-0.1091286,-0.9840743,-0.08747569,0.4622019,0.6433208,0.2407245,-0.08250903,0.6389011,0.08289505,0.03233771,1.164322,0.009909399,-0.06518681,-0.9699437,0.05732701,0.2323377,0.8767503,-0.915159,0,0,0,0,-0.7071068,0,0,0,0,0,-0.7071068,0,0,0,0,0,-0.7071068,0,0,0,0,0,-0.7071068,0,0,0,0,0,-0.7071068,0
13.46235,17,2,1,0.2320984,0.9782885,-0.7849194,-0.1082067,-0.9838163,-0.09161775,0.4621166,0.6433493,0.2406981,-0.08240633,0.6385095,0.08321606,0.03171195,1.165299,0.01111466,-0.06448045,-0.9702603,0.0527533,0.231712,0.8874786,-0.9149935,0,0,0,0,-0.7071068,0,0,0,0,0,-0.7071068,0,0,0,0,0,-0.7071068,0,0,0,0,0,-0.7071068,0,0,0,0,0,-0.7071068,0
13.4801,17,2,1,0.2320086,0.9894197,-0.7841834,-0.1043052,-0.9836907,-0.0974791,0.4621504,0.6434842,0.240838,-0.08221874,0.6382596,0.08336387,0.03143513,1.165751,0.01171936,-0.06413262,-0.9703274,0.05063729,0.2314351,0.8978056,-0.9153157,0,0,0,0,-0.7071068,0,0,0,0,0,-0.7071068,0,0,0,0,0,-0.7071068,0,0,0,0,0,-0.7071068,0,0,0,0,0,-0.7071068,0
13.49746,17,2,1,0.2319866,0.9951956,-0.7837561,-0.1028437,-0.9834987,-0.1012428,0.4622252,0.6434761,0.2409446,-0.08213295,0.6381865,0.08319713,0.03094587,1.166603,0.01297048,-0.06378027,-0.9703756,0.04651155,0.2309459,0.9082891,-0.9148466,0,0,0,0,-0.7071068,0,0,0,0,0,-0.7071068,0,0,0,0,0,-0.7071068,0,0,0,0,0,-0.7071068,0,0,0,0,0,-0.7071068,0
13.51515,17,2,1,0.2317182,1.006576,-0.7827631,-0.1005216,-0.9831512,-0.1087131,0.4622486,0.6434268,0.240978,-0.08221068,0.6382608,0.08298273,0.03067016,1.167006,0.01373614,-0.06368486,-0.9703242,0.04451906,0.2306702,0.9181154,-0.9147301,0,0,0,0,-0.7071068,0,0,0,0,0,-0.7071068,0,0,0,0,0,-0.7071068,0,0,0,0,0,-0.7071068,0,0,0,0,0,-0.7071068,0
13.53377,17,2,1,0.2319112,1.01784,-0.7817107,-0.09728239,-0.9830302,-0.1139489,0.4622411,0.6434754,0.2410588,-0.08215918,0.6383951,0.08310474,0.0301325,1.167744,0.0151404,-0.06350568,-0.9703028,0.04098706,0.2301325,0.9284684,-0.9138702,0,0,0,0,-0.7071068,0,0,0,0,0,-0.7071068,0,0,0,0,0,-0.7071068,0,0,0,0,0,-0.7071068,0,0,0,0,0,-0.7071068,0
13.55309,17,2,1,0.2319011,1.022757,-0.7807373,-0.09580933,-0.9828261,-0.1166626,0.4622143,0.6434934,0.2411096,-0.08195335,0.6383902,0.0834182,0.02972155,1.168433,0.01639469,-0.06340154,-0.9702905,0.03770526,0.2297215,0.93928,-0.9130602,0,0,0,0,-0.7071068,0,0,0,0,0,-0.7071068,0,0,0,0,0,-0.7071068,0,0,0,0,0,-0.7071068,0,0,0,0,0,-0.7071068,0
13.57005,17,2,1,0.2320056,1.033465,-0.7791511,-0.09425299,-0.9822637,-0.1222273,0.4621685,0.6434114,0.2413469,-0.08107774,0.6382586,0.08384527,0.02952078,1.168753,0.01700925,-0.0634032,-0.9702236,0.036227,0.2295208,0.9501114,-0.9127679,0,0,0,0,-0.7071068,0,0,0,0,0,-0.7071068,0,0,0,0,0,-0.7071068,0,0,0,0,0,-0.7071068,0,0,0,0,0,-0.7071068,0
13.58688,18,2,1,0.2322582,1.038961,-0.7785374,-0.09421325,-0.9818892,-0.1245024,0.4621448,0.6433849,0.2414217,-0.08083525,0.6382403,0.08401845,0.02909771,1.169335,0.01819551,-0.06374015,-0.9700562,0.03318486,0.2290977,0.9599217,-0.9117476,0,0,0,0,-0.7071068,0,0,0,0,0,-0.7071068,0,0,0,0,0,-0.7071068,0,0,0,0,0,-0.7071068,0,0,0,0,0,-0.7071068,0
13.60506,18,2,1,0.2323406,1.049881,-0.7767044,-0.09300555,-0.9811907,-0.1299003,0.4620313,0.6434101,0.2415044,-0.08050577,0.6382592,0.08439673,0.02886681,1.169598,0.01883366,-0.06398106,-0.9699588,0.03157923,0.2288668,0.9693425,-0.9111663,0,0,0,0,-0.7071068,0,0,0,0,0,-0.7071068,0,0,0,0,0,-0.7071068,0,0,0,0,0,-0.7071068,0,0,0,0,0,-0.7071068,0
13.62306,18,2,1,0.2321629,1.061529,-0.7748398,-0.09025132,-0.9805135,-0.137729,0.4620228,0.6435264,0.2414305,-0.08068352,0.6383333,0.08434156,0.02850089,1.170116,0.01997179,-0.06406267,-0.9698414,0.02848503,0.2285009,0.9797594,-0.9099686,0,0,0,0,-0.7071068,0,0,0,0,0,-0.7071068,0,0,0,0,0,-0.7071068,0,0,0,0,0,-0.7071068,0,0,0,0,0,-0.7071068,0
13.64278,18,2,1,0.2319163,1.067612,-0.7738448,-0.08831736,-0.9801776,-0.1422043,0.4620067,0.6435622,0.2414264,-0.08085543,0.6382872,0.08434673,0.02810604,1.170634,0.02121055,-0.06357019,-0.9698339,0.0254331,0.228106,0.9900728,-0.9085472,0,0,0,0,-0.7071068,0,0,0,0,0,-0.7071068,0,0,0,0,0,-0.7071068,0,0,0,0,0,-0.7071068,0,0,0,0,0,-0.7071068,0
13.66095,18,2,1,0.2315541,1.078776,-0.7715429,-0.08493354,-0.9794322,-0.1491551,0.4619816,0.6435426,0.2415335,-0.08124809,0.6382704,0.08429252,0.02792176,1.170909,0.02181177,-0.06333577,-0.9698623,0.0241431,0.2279218,1.001073,-0.9076048,0,0,0,0,-0.7071068,0,0,0,0,0,-0.7071068,0,0,0,0,0,-0.7071068,0,0,0,0,0,-0.7071068,0,0,0,0,0,-0.7071068,0
13.67847,18,2,1,0.2311741,1.089723,-0.7693785,-0.08321242,-0.9787706,-0.1546358,0.4619645,0.6436431,0.2417549,-0.08124951,0.6382533,0.08448379,0.02749921,1.171399,0.02304112,-0.06331677,-0.9698422,0.02134201,0.2274992,1.011444,-0.9059303,0,0,0,0,-0.7071068,0,0,0,0,0,-0.7071068,0,0,0,0,0,-0.7071068,0,0,0,0,0,-0.7071068,0,0,0,0,0,-0.7071068,0
13.69483,18,2,1,0.2311122,1.095201,-0.7683038,-0.08297479,-0.9783202,-0.1576253,0.4619559,0.643604,0.2418228,-0.08108162,0.6381639,0.08470281,0.02712706,1.171847,0.02424604,-0.06356395,-0.9697288,0.01854091,0.2271271,1.02141,-0.9041777,0,0,0,0,-0.7071068,0,0,0,0,0,-0.7071068,0,0,0,0,0,-0.7071068,0,0,0,0,0,-0.7071068,0,0,0,0,0,-0.7071068,0
13.71288,18,2,1,0.2307003,1.106214,-0.7658166,-0.08113024,-0.9773594,-0.1645015,0.46195,0.6435994,0.2419678,-0.08050043,0.6379572,0.08532491,0.02696457,1.172055,0.02494522,-0.06361493,-0.9696889,0.01709496,0.2269646,1.030501,-0.902862,0,0,0,0,-0.7071068,0,0,0,0,0,-0.7071068,0,0,0,0,0,-0.7071068,0,0,0,0,0,-0.7071068,0,0,0,0,0,-0.7071068,0
13.73053,18,2,1,0.2304575,1.111688,-0.7645143,-0.08059052,-0.9767717,-0.1682632,0.4618655,0.6435124,0.24202,-0.08019743,0.6378125,0.08542227,0.02661837,1.172574,0.02619242,-0.06339755,-0.9697057,0.01398478,0.2266184,1.040813,-0.9008169,0,0,0,0,-0.7071068,0,0,0,0,0,-0.7071068,0,0,0,0,0,-0.7071068,0,0,0,0,0,-0.7071068,0,0,0,0,0,-0.7071068,0
13.74738,18,2,1,0.2299171,1.122657,-0.7619699,-0.08234739,-0.9753328,-0.1755953,0.4618557,0.6434603,0.2420069,-0.07979933,0.6376243,0.08575206,0.02645705,1.172808,0.02680739,-0.06334326,-0.9697067,0.01241488,0.226457,1.050608,-0.8993029,0,0,0,0,-0.7071068,0,0,0,0,0,-0.7071068,0,0,0,0,0,-0.7071068,0,0,0,0,0,-0.7071068,0,0,0,0,0,-0.7071068,0
13.76503,18,2,1,0.2294662,1.128175,-0.7607478,-0.0822539,-0.9746922,-0.1793846,0.4618635,0.6435034,0.2420337,-0.079717,0.6376574,0.08595335,0.02608381,1.173256,0.02816965,-0.06328619,-0.9697032,0.009569589,0.2260838,1.060174,-0.8969724,0,0,0,0,-0.7071068,0,0,0,0,0,-0.7071068,0,0,0,0,0,-0.7071068,0,0,0,0,0,-0.7071068,0,0,0,0,0,-0.7071068,0
13.78172,18,2,1,0.2282715,1.139175,-0.7582122,-0.07914019,-0.9737794,-0.1865539,0.4617653,0.6436043,0.2420574,-0.0797248,0.6376062,0.08614249,0.02590517,1.173469,0.02885637,-0.06322018,-0.9697087,0.008082645,0.2259052,1.069931,-0.8951558,0,0,0,0,-0.7071068,0,0,0,0,0,-0.7071068,0,0,0,0,0,-0.7071068,0,0,0,0,0,-0.7071068,0,0,0,0,0,-0.7071068,0
13.79868,18,2,1,0.227535,1.144332,-0.7568885,-0.07765105,-0.9734401,-0.1895467,0.461746,0.6436561,0.2420464,-0.07972942,0.6376197,0.08638421,0.02551109,1.173944,0.03036582,-0.06323412,-0.9696898,0.005094612,0.2255111,1.079409,-0.8924711,0,0,0,0,-0.7071068,0,0,0,0,0,-0.7071068,0,0,0,0,0,-0.7071068,0,0,0,0,0,-0.7071068,0,0,0,0,0,-0.7071068,0
13.817,18,2,1,0.2262059,1.154091,-0.7542959,-0.0753537,-0.9727544,-0.1945398,0.4617272,0.6438144,0.2420853,-0.079591,0.6375466,0.08691319,0.02517093,1.174526,0.03192459,-0.06352243,-0.9696462,0.001506221,0.2251709,1.089134,-0.8896096,0,0,0,0,-0.7071068,0,0,0,0,0,-0.7071068,0,0,0,0,0,-0.7071068,0,0,0,0,0,-0.7071068,0,0,0,0,0,-0.7071068,0
13.83535,18,2,1,0.2249331,1.163573,-0.75181,-0.07343148,-0.9719006,-0.1995877,0.461743,0.6437786,0.2421608,-0.07922147,0.6373162,0.08749709,0.02500021,1.174792,0.03269771,-0.06364107,-0.9696167,-0.0003698207,0.2250002,1.099248,-0.8873091,0,0,0,0,-0.7071068,0,0,0,0,0,-0.7071068,0,0,0,0,0,-0.7071068,0,0,0,0,0,-0.7071068,0,0,0,0,0,-0.7071068,0
13.85233,18,2,1,0.2242083,1.168227,-0.7503866,-0.07330293,-0.9714063,-0.2021612,0.4618016,0.6436865,0.2422023,-0.07900871,0.6372869,0.0877842,0.02464741,1.175328,0.03425617,-0.06398898,-0.9694816,-0.004338823,0.2246474,1.109638,-0.8840932,0,0,0,0,-0.7071068,0,0,0,0,0,-0.7071068,0,0,0,0,0,-0.7071068,0,0,0,0,0,-0.7071068,0,0,0,0,0,-0.7071068,0
13.86901,18,2,1,0.22275,1.177411,-0.7477026,-0.07461683,-0.9703789,-0.2071014,0.4618205,0.6436324,0.2423298,-0.07840705,0.6371495,0.08820315,0.02455431,1.175671,0.03511995,-0.06425054,-0.9694272,-0.006493716,0.2245543,1.119072,-0.8815848,0,0,0,0,-0.7071068,0,0,0,0,0,-0.7071068,0,0,0,0,0,-0.7071068,0,0,0,0,0,-0.7071068,0,0,0,0,0,-0.7071068,0
13.88596,18,2,1,0.2217114,1.182043,-0.7464163,-0.07322638,-0.9699465,-0.2101942,0.4618373,0.643672,0.2423994,-0.07827065,0.6370647,0.08824911,0.02417761,1.176339,0.03687958,-0.06443321,-0.9693286,-0.01077362,0.2241776,1.128654,-0.8781042,0,0,0,0,-0.7071068,0,0,0,0,0,-0.7071068,0,0,0,0,0,-0.7071068,0,0,0,0,0,-0.7071068,0,0,0,0,0,-0.7071068,0
13.9028,18,2,1,0.2195878,1.191294,-0.7438524,-0.06879393,-0.9692556,-0.215683,0.4617573,0.643589,0.2424854,-0.07801241,0.636956,0.0886906,0.02395418,1.176647,0.03773302,-0.06456158,-0.9692795,-0.01277623,0.2239542,1.137999,-0.8753958,0,0,0,0,-0.7071068,0,0,0,0,0,-0.7071068,0,0,0,0,0,-0.7071068,0,0,0,0,0,-0.7071068,0,0,0,0,0,-0.7071068,0
13.92073,18,2,1,0.2185536,1.195631,-0.7426233,-0.06743456,-0.9689621,-0.2176739,0.461771,0.6435939,0.242501,-0.0779793,0.6369821,0.0887298,0.02352051,1.177234,0.03947438,-0.06480835,-0.9691617,-0.0169851,0.2235205,1.147542,-0.8717059,0,0,0,0,-0.7071068,0,0,0,0,0,-0.7071068,0,0,0,0,0,-0.7071068,0,0,0,0,0,-0.7071068,0,0,0,0,0,-0.7071068,0
13.93796,18,2,1,0.2166267,1.204148,-0.7401195,-0.06749577,-0.9681753,-0.2216724,0.461726,0.6436479,0.2426707,-0.07776818,0.6370544,0.08917244,0.02325612,1.177583,0.04032218,-0.06484245,-0.9690917,-0.01913175,0.2232561,1.157403,-0.8686671,0,0,0,0,-0.7071068,0,0,0,0,0,-0.7071068,0,0,0,0,0,-0.7071068,0,0,0,0,0,-0.7071068,0,0,0,0,0,-0.7071068,0
13.95666,18,2,1,0.2144712,1.212821,-0.7375109,-0.06614834,-0.9673784,-0.2262838,0.4616771,0.6436036,0.2426831,-0.07769138,0.6371423,0.08920747,0.02273769,1.178381,0.04207515,-0.06485763,-0.9689347,-0.02382686,0.2227377,1.16731,-0.8646983,0,0,0,0,-0.7071068,0,0,0,0,0,-0.7071068,0,0,0,0,0,-0.7071068,0,0,0,0,0,-0.7071068,0,0,0,0,0,-0.7071068,0
13.97506,18,2,1,0.2133743,1.217224,-0.7362113,-0.0654868,-0.9669197,-0.2288581,0.4617813,0.6435792,0.2426718,-0.07745107,0.6371579,0.08927992,0.02215009,1.17925,0.04382327,-0.06456792,-0.9687742,-0.02878898,0.2221501,1.178038,-0.8604202,0,0,0,0,-0.7071068,0,0,0,0,0,-0.7071068,0,0,0,0,0,-0.7071068,0,0,0,0,0,-0.7071068,0,0,0,0,0,-0.7071068,0
13.99266,18,2,1,0.2112248,1.226064,-0.7336025,-0.06502676,-0.96589,-0.2338046,0.4617737,0.643625,0.2427249,-0.07725198,0.6371437,0.08959255,0.02182405,1.179668,0.04473069,-0.06439999,-0.9687197,-0.03136586,0.221824,1.188124,-0.8568982,0,0,0,0,-0.7071068,0,0,0,0,0,-0.7071068,0,0,0,0,0,-0.7071068,0,0,0,0,0,-0.7071068,0,0,0,0,0,-0.7071068,0
14.00911,18,2,1,0.2101428,1.230452,-0.7321181,-0.06566643,-0.9652683,-0.2365055,0.4617834,0.6435732,0.2427108,-0.07710885,0.637133,0.08966726,0.02107112,1.180467,0.04639365,-0.06396005,-0.9685456,-0.03640653,0.2210711,1.198139,-0.8526182,0,0,0,0,-0.7071068,0,0,0,0,0,-0.7071068,0,0,0,0,0,-0.7071068,0,0,0,0,0,-0.7071068,0,0,0,0,0,-0.7071068,0
14.02592,18,2,1,0.2077757,1.23988,-0.7291167,-0.06420491,-0.9640729,-0.2424594,0.4617451,0.6435299,0.24272,-0.07703316,0.6372241,0.0898488,0.02068091,1.1809,0.04722694,-0.06378546,-0.9684466,-0.03884347,0.2206809,1.207154,-0.8492376,0,0,0,0,-0.7071068,0,0,0,0,0,-0.7071068,0,0,0,0,0,-0.7071068,0,0,0,0,0,-0.7071068,0,0,0,0,0,-0.7071068,0
14.0434,18,2,1,0.2066475,1.244555,-0.7276335,-0.06309567,-0.9635291,-0.2451874,0.4617552,0.6435024,0.2426989,-0.0770364,0.637261,0.08979259,0.01992185,1.18172,0.04882924,-0.06311546,-0.9682465,-0.04407207,0.2199219,1.216716,-0.8449295,0,0,0,0,-0.7071068,0,0,0,0,0,-0.7071068,0,0,0,0,0,-0.7071068,0,0,0,0,0,-0.7071068,0,0,0,0,0,-0.7071068,0
14.0619,18,2,1,0.2044617,1.253783,-0.7243578,-0.06122483,-0.962332,-0.2509898,0.4618091,0.6434208,0.2426614,-0.07705194,0.6374195,0.08948036,0.01903989,1.182475,0.05064484,-0.06237622,-0.9680285,-0.04881309,0.2190399,1.226525,-0.8401924,0,0,0,0,-0.7071068,0,0,0,0,0,-0.7071068,0,0,0,0,0,-0.7071068,0,0,0,0,0,-0.7071068,0,0,0,0,0,-0.7071068,0
14.07845,18,2,1,0.2024433,1.2631,-0.7209339,-0.06111351,-0.9607323,-0.2573319,0.4617882,0.6433676,0.2426542,-0.07702649,0.6375745,0.08971594,0.01860178,1.182828,0.05144042,-0.06200361,-0.9679328,-0.05095708,0.2186018,1.23642,-0.8361847,0,0,0,0,-0.7071068,0,0,0,0,0,-0.7071068,0,0,0,0,0,-0.7071068,0,0,0,0,0,-0.7071068,0,0,0,0,0,-0.7071068,0
14.09511,18,2,1,0.2015234,1.26779,-0.719018,-0.06135134,-0.9597009,-0.2613167,0.4617824,0.6433653,0.2426414,-0.07703218,0.6375323,0.08985712,0.01766657,1.183433,0.05302765,-0.06158971,-0.9677328,-0.05561881,0.2176666,1.245523,-0.8316212,0,0,0,0,-0.7071068,0,0,0,0,0,-0.7071068,0,0,0,0,0,-0.7071068,0,0,0,0,0,-0.7071068,0,0,0,0,0,-0.7071068,0
14.11377,18,2,1,0.1994309,1.277095,-0.7153823,-0.0602183,-0.9580854,-0.2676612,0.4617771,0.6433634,0.2426456,-0.07697182,0.6374015,0.09025339,0.01722,1.183808,0.05378642,-0.06139423,-0.9676323,-0.05784653,0.21722,1.254418,-0.8277667,0,0,0,0,-0.7071068,0,0,0,0,0,-0.7071068,0,0,0,0,0,-0.7071068,0,0,0,0,0,-0.7071068,0,0,0,0,0,-0.7071068,0
14.1302,18,2,1,0.198371,1.281543,-0.7136023,-0.05969077,-0.9573832,-0.2703813,0.4617241,0.6436063,0.2426917,-0.07710207,0.6373382,0.09034657,0.01621429,1.184514,0.05525361,-0.06099946,-0.9674677,-0.06244702,0.2162143,1.264629,-0.8227129,0,0,0,0,-0.7071068,0,0,0,0,0,-0.7071068,0,0,0,0,0,-0.7071068,0,0,0,0,0,-0.7071068,0,0,0,0,0,-0.7071068,0
14.14697,18,2,1,0.1962242,1.290414,-0.71014,-0.06046329,-0.9560432,-0.2754064,0.4617529,0.6436733,0.2426076,-0.076994,0.6372051,0.09050801,0.01565496,1.184872,0.05598775,-0.06072186,-0.967371,-0.06475195,0.215655,1.273314,-0.8187199,0,0,0,0,-0.7071068,0,0,0,0,0,-0.7071068,0,0,0,0,0,-0.7071068,0,0,0,0,0,-0.7071068,0,0,0,0,0,-0.7071068,0
14.16617,18,2,1,0.1950335,1.294891,-0.708302,-0.06065974,-0.9552509,-0.2784406,0.4617489,0.6436969,0.2425748,-0.07699977,0.6371807,0.09071082,0.01456183,1.185568,0.05744068,-0.05978201,-0.9671977,-0.06944508,0.2145618,1.282472,-0.8138416,0,0,0,0,-0.7071068,0,0,0,0,0,-0.7071068,0,0,0,0,0,-0.7071068,0,0,0,0,0,-0.7071068,0,0,0,0,0,-0.7071068,0
14.18367,18,2,1,0.1926194,1.303864,-0.7046018,-0.06031224,-0.9536136,-0.2847585,0.4617322,0.6437699,0.2424289,-0.07716027,0.6371349,0.09050898,0.01379655,1.186507,0.05859821,-0.05817328,-0.9667472,-0.07457206,0.2137966,1.293046,-0.8086418,0,0,0,0,-0.7071068,0,0,0,0,0,-0.7071068,0,0,0,0,0,-0.7071068,0,0,0,0,0,-0.7071068,0,0,0,0,0,-0.7071068,0
14.20026,18,2,1,0.1901025,1.312557,-0.700542,-0.05823098,-0.9520786,-0.2908887,0.4616621,0.6438019,0.242437,-0.07727365,0.6371026,0.09062013,0.01351404,1.187035,0.05912565,-0.05702224,-0.9663337,-0.07712987,0.213514,1.302307,-0.804319,0,0,0,0,-0.7071068,0,0,0,0,0,-0.7071068,0,0,0,0,0,-0.7071068,0,0,0,0,0,-0.7071068,0,0,0,0,0,-0.7071068,0
14.2182,18,2,1,0.1888225,1.31687,-0.6986325,-0.05715191,-0.9513675,-0.2936136,0.461659,0.6438476,0.2424274,-0.07718315,0.6370887,0.09088334,0.01324084,1.188314,0.05979939,-0.05522261,-0.9649564,-0.08182456,0.2132408,1.311827,-0.7999467,0,0,0,0,-0.7071068,0,0,0,0,0,-0.7071068,0,0,0,0,0,-0.7071068,0,0,0,0,0,-0.7071068,0,0,0,0,0,-0.7071068,0
14.23573,18,2,1,0.1862983,1.325223,-0.6949442,-0.0547749,-0.9501642,-0.2981546,0.4616971,0.6438406,0.2423876,-0.07683517,0.6370707,0.09091407,0.01312698,1.188898,0.06006379,-0.05438391,-0.9640089,-0.08387136,0.213127,1.321268,-0.7955778,0,0,0,0,-0.7071068,0,0,0,0,0,-0.7071068,0,0,0,0,0,-0.7071068,0,0,0,0,0,-0.7071068,0,0,0,0,0,-0.7071068,0
14.25235,18,2,1,0.1851334,1.329401,-0.6931527,-0.05427555,-0.9497172,-0.2998119,0.4616057,0.6437887,0.2424336,-0.07618514,0.6368456,0.09148635,0.01279211,1.18982,0.06057083,-0.0521675,-0.9620755,-0.08696426,0.2127921,1.330798,-0.7909516,0,0,0,0,-0.7071068,0,0,0,0,0,-0.7071068,0,0,0,0,0,-0.7071068,0,0,0,0,0,-0.7071068,0,0,0,0,0,-0.7071068,0
14.27002,18,2,1,0.1825808,1.337913,-0.6893764,-0.05407773,-0.9483364,-0.304747,0.4616156,0.6435893,0.2423806,-0.07564387,0.6370159,0.0915102,0.01254521,1.190088,0.06081944,0.05058017,0.9612337,0.0876929,0.2125452,1.339178,-0.7867017,0,0,0,0,-0.7071068,0,0,0,0,0,-0.7071068,0,0,0,0,0,-0.7071068,0,0,0,0,0,-0.7071068,0,0,0,0,0,-0.7071068,0
14.28629,18,2,1,0.1813293,1.342246,-0.6874486,-0.05410238,-0.9475514,-0.3074596,0.461576,0.6435097,0.242395,-0.07562896,0.6370386,0.0914652,0.01194238,1.190691,0.0611761,0.04706363,0.960043,0.08865172,0.2119424,1.348353,-0.7819895,0,0,0,0,-0.7071068,0,0,0,0,0,-0.7071068,0,0,0,0,0,-0.7071068,0,0,0,0,0,-0.7071068,0,0,0,0,0,-0.7071068,0
14.30376,18,2,1,0.1786884,1.351151,-0.6832204,-0.05255502,-0.9456419,-0.3142229,0.4615635,0.6435794,0.2422408,-0.07657607,0.6373157,0.08990467,0.01158309,1.191068,0.06131556,0.04495577,0.959709,0.08892069,0.2115831,1.356575,-0.7777451,0,0,0,0,-0.7071068,0,0,0,0,0,-0.7071068,0,0,0,0,0,-0.7071068,0,0,0,0,0,-0.7071068,0,0,0,0,0,-0.7071068,0
14.32041,18,2,1,0.1773579,1.355634,-0.6811052,-0.0510691,-0.9447804,-0.3173121,0.4616419,0.6435956,0.2421307,-0.07714621,0.6375416,0.08929818,0.01068688,1.191788,0.06142977,0.04176977,0.9593791,0.08911097,0.2106869,1.365669,-0.7731234,0,0,0,0,-0.7071068,0,0,0,0,0,-0.7071068,0,0,0,0,0,-0.7071068,0,0,0,0,0,-0.7071068,0,0,0,0,0,-0.7071068,0
14.33724,18,2,1,0.1749345,1.364519,-0.6768888,-0.04843031,-0.9431895,-0.322875,0.4618522,0.6436037,0.241944,-0.07792728,0.6382068,0.08837409,0.01017236,1.192091,0.06150305,0.04043154,0.9592617,0.08943225,0.2101724,1.373899,-0.7686603,0,0,0,0,-0.7071068,0,0,0,0,0,-0.7071068,0,0,0,0,0,-0.7071068,0,0,0,0,0,-0.7071068,0,0,0,0,0,-0.7071068,0
14.35403,18,2,1,0.17383,1.368876,-0.6746324,-0.04708037,-0.9424266,-0.325469,0.4620064,0.6435471,0.2418576,-0.07785543,0.6386933,0.08818174,0.008943195,1.192628,0.06152454,0.03835625,0.9592689,0.09074435,0.2089432,1.382398,-0.764108,0,0,0,0,-0.7071068,0,0,0,0,0,-0.7071068,0,0,0,0,0,-0.7071068,0,0,0,0,0,-0.7071068,0,0,0,0,0,-0.7071068,0
14.37053,19,2,1,0.1719608,1.377455,-0.6701725,-0.04496209,-0.9408953,-0.3304079,0.462274,0.643223,0.2417795,-0.07688973,0.6396195,0.08764023,0.00749977,1.19322,0.06159078,0.03668026,0.9595469,0.09271997,0.2074998,1.390879,-0.7594289,0,0,0,0,-0.7071068,0,0,0,0,0,-0.7071068,0,0,0,0,0,-0.7071068,0,0,0,0,0,-0.7071068,0,0,0,0,0,-0.7071068,0
14.38748,19,2,1,0.1711224,1.381739,-0.6678441,-0.04470143,-0.9400451,-0.3330003,0.462363,0.6431032,0.2417137,-0.0765247,0.6399928,0.08735942,0.00675596,1.193537,0.06159574,0.03573371,0.9597847,0.0937601,0.206756,1.398897,-0.7547997,0,0,0,0,-0.7071068,0,0,0,0,0,-0.7071068,0,0,0,0,0,-0.7071068,0,0,0,0,0,-0.7071068,0,0,0,0,0,-0.7071068,0
14.40543,19,2,1,0.1695758,1.39027,-0.6629291,-0.04335254,-0.9382124,-0.3385995,0.4624522,0.6429933,0.2418092,-0.07563572,0.640476,0.08729456,0.005173045,1.194128,0.06153859,0.0340031,0.960422,0.0959093,0.205173,1.40734,-0.7500173,0,0,0,0,-0.7071068,0,0,0,0,0,-0.7071068,0,0,0,0,0,-0.7071068,0,0,0,0,0,-0.7071068,0,0,0,0,0,-0.7071068,0
14.42297,19,2,1,0.1682059,1.398697,-0.6577817,-0.03712492,-0.9362754,-0.3444278,0.4623782,0.6430508,0.2418654,-0.07543533,0.6404698,0.08778798,0.004299695,1.194375,0.06148083,0.03332666,0.9607673,0.09687676,0.2042997,1.415838,-0.7448485,0,0,0,0,-0.7071068,0,0,0,0,0,-0.7071068,0,0,0,0,0,-0.7071068,0,0,0,0,0,-0.7071068,0,0,0,0,0,-0.7071068,0
14.44118,19,2,1,0.1675463,1.402898,-0.6552318,-0.03503597,-0.935292,-0.3472478,0.4623318,0.6430794,0.2418933,-0.07531533,0.6404186,0.08801886,0.002545318,1.1948,0.06144601,0.03173834,0.9614803,0.09897181,0.2025453,1.424267,-0.7396746,0,0,0,0,-0.7071068,0,0,0,0,0,-0.7071068,0,0,0,0,0,-0.7071068,0,0,0,0,0,-0.7071068,0,0,0,0,0,-0.7071068,0
14.45944,19,2,1,0.1666495,1.411037,-0.6498535,-0.03411263,-0.9331222,-0.3528857,0.4621483,0.643182,0.2420646,-0.0758425,0.6402419,0.08792931,0.001678254,1.195081,0.06144711,-0.03088902,-0.9618204,-0.1002257,0.2016783,1.432786,-0.7341644,0,0,0,0,-0.7071068,0,0,0,0,0,-0.7071068,0,0,0,0,0,-0.7071068,0,0,0,0,0,-0.7071068,0,0,0,0,0,-0.7071068,0
14.47677,19,2,1,0.1660555,1.415133,-0.6470783,-0.03455432,-0.9320505,-0.3557243,0.4620252,0.6432905,0.2420063,-0.07642195,0.6400231,0.08792379,-3.28105E-05,1.195726,0.06150332,-0.02884233,-0.96229,-0.103089,0.1999672,1.441621,-0.7284792,0,0,0,0,-0.7071068,0,0,0,0,0,-0.7071068,0,0,0,0,0,-0.7071068,0,0,0,0,0,-0.7071068,0,0,0,0,0,-0.7071068,0
14.49594,19,2,1,0.164631,1.423139,-0.6416975,-0.03192942,-0.929983,-0.3613963,0.4619631,0.6434261,0.241844,-0.07707265,0.639879,0.08802229,-0.001702746,1.196352,0.061683,-0.02675335,-0.962551,-0.1059127,0.1982973,1.449955,-0.72286,0,0,0,0,-0.7071068,0,0,0,0,0,-0.7071068,0,0,0,0,0,-0.7071068,0,0,0,0,0,-0.7071068,0,0,0,0,0,-0.7071068,0
14.51323,19,2,1,0.1631494,1.431092,-0.6364594,-0.02955753,-0.9282831,-0.3660438,0.4619125,0.6436,0.2416411,-0.07765982,0.6396135,0.08782323,-0.002549961,1.196671,0.06185255,-0.02579798,-0.9625921,-0.1074566,0.19745,1.458719,-0.7165673,0,0,0,0,-0.7071068,0,0,0,0,0,-0.7071068,0,0,0,0,0,-0.7071068,0,0,0,0,0,-0.7071068,0,0,0,0,0,-0.7071068,0
14.53347,19,2,1,0.1616572,1.438998,-0.6312364,-0.02713087,-0.9265581,-0.3706619,0.4619758,0.6437184,0.24149,-0.07782742,0.6392583,0.08771738,-0.004349343,1.197443,0.06216802,-0.02388638,-0.9626298,-0.1107729,0.1956507,1.467038,-0.7106322,0,0,0,0,-0.7071068,0,0,0,0,0,-0.7071068,0,0,0,0,0,-0.7071068,0,0,0,0,0,-0.7071068,0,0,0,0,0,-0.7071068,0
14.55064,19,2,1,0.1607073,1.443151,-0.6284063,-0.02408963,-0.9255046,-0.3735175,0.4620169,0.6436924,0.2414347,-0.0777826,0.6390678,0.08763634,-0.006190077,1.198208,0.06269006,-0.02154704,-0.9626256,-0.1142619,0.1938099,1.47655,-0.7034174,0,0,0,0,-0.7071068,0,0,0,0,0,-0.7071068,0,0,0,0,0,-0.7071068,0,0,0,0,0,-0.7071068,0,0,0,0,0,-0.7071068,0
14.56802,19,2,1,0.1590805,1.451404,-0.622429,-0.02065992,-0.9228261,-0.3803729,0.4620838,0.643742,0.2412421,-0.07764368,0.6389963,0.08734961,-0.007136261,1.19862,0.06302441,-0.02023534,-0.9626163,-0.1160269,0.1928637,1.484313,-0.6973051,0,0,0,0,-0.7071068,0,0,0,0,0,-0.7071068,0,0,0,0,0,-0.7071068,0,0,0,0,0,-0.7071068,0,0,0,0,0,-0.7071068,0
14.58513,19,2,1,0.1584347,1.455628,-0.6193019,-0.02089556,-0.9211601,-0.3844642,0.4621383,0.6436664,0.2412146,-0.07766572,0.6389974,0.08710074,-0.009028515,1.199409,0.06366086,-0.01761219,-0.9625871,-0.1197487,0.1909715,1.492467,-0.6907339,0,0,0,0,-0.7071068,0,0,0,0,0,-0.7071068,0,0,0,0,0,-0.7071068,0,0,0,0,0,-0.7071068,0,0,0,0,0,-0.7071068,0
14.60239,19,2,1,0.1571378,1.463801,-0.6132134,-0.02268147,-0.9184328,-0.3909709,0.4621814,0.6437315,0.2411047,-0.07796352,0.638936,0.08684199,-0.01001246,1.199823,0.06401166,-0.01625745,-0.9624991,-0.1219205,0.1899875,1.500059,-0.6844558,0,0,0,0,-0.7071068,0,0,0,0,0,-0.7071068,0,0,0,0,0,-0.7071068,0,0,0,0,0,-0.7071068,0,0,0,0,0,-0.7071068,0
14.61934,19,2,1,0.1564964,1.467848,-0.6101866,-0.02311285,-0.9171191,-0.3940424,0.4622581,0.643671,0.2410021,-0.0781019,0.6389231,0.08666772,-0.01194822,1.200759,0.06476021,-0.01398059,-0.9621949,-0.1264347,0.1880518,1.508166,-0.6776402,0,0,0,0,-0.7071068,0,0,0,0,0,-0.7071068,0,0,0,0,0,-0.7071068,0,0,0,0,0,-0.7071068,0,0,0,0,0,-0.7071068,0
14.63608,19,2,1,0.1549409,1.475918,-0.6038139,-0.02189682,-0.9144353,-0.4003566,0.4623108,0.6437126,0.2409502,-0.07819396,0.6389823,0.08679797,-0.01291758,1.201191,0.06521035,-0.01293893,-0.9620422,-0.1286727,0.1870824,1.515572,-0.6711444,0,0,0,0,-0.7071068,0,0,0,0,0,-0.7071068,0,0,0,0,0,-0.7071068,0,0,0,0,0,-0.7071068,0,0,0,0,0,-0.7071068,0
14.65352,19,2,1,0.1539623,1.479983,-0.6005827,-0.02004227,-0.9131835,-0.4033538,0.4622994,0.6436942,0.2409579,-0.07818649,0.6390038,0.08696198,-0.01488185,1.202005,0.06617171,-0.01055819,-0.9617562,-0.1329012,0.1851182,1.523198,-0.6641371,0,0,0,0,-0.7071068,0,0,0,0,0,-0.7071068,0,0,0,0,0,-0.7071068,0,0,0,0,0,-0.7071068,0,0,0,0,0,-0.7071068,0
14.67149,19,2,1,0.1519697,1.487909,-0.5937367,-0.01526089,-0.9105322,-0.4095915,0.4624671,0.6435864,0.2408882,-0.07800499,0.6392291,0.08695533,-0.01576755,1.202349,0.06664255,-0.008901708,-0.9615594,-0.135134,0.1842324,1.530566,-0.6572801,0,0,0,0,-0.7071068,0,0,0,0,0,-0.7071068,0,0,0,0,0,-0.7071068,0,0,0,0,0,-0.7071068,0,0,0,0,0,-0.7071068,0
14.6888,19,2,1,0.1511536,1.491776,-0.5904244,-0.01321226,-0.9090587,-0.4129009,0.4625001,0.643609,0.2408306,-0.07808655,0.6393583,0.08670612,-0.01764688,1.203146,0.06770548,-0.006306179,-0.9612505,-0.139301,0.1823531,1.538515,-0.6495504,0,0,0,0,-0.7071068,0,0,0,0,0,-0.7071068,0,0,0,0,0,-0.7071068,0,0,0,0,0,-0.7071068,0,0,0,0,0,-0.7071068,0
14.70567,19,2,1,0.1495328,1.499306,-0.5835417,-0.01205064,-0.9056834,-0.4202679,0.4624353,0.6436316,0.2407697,-0.07805239,0.6395897,0.0866996,-0.0194564,1.203723,0.06886001,-0.004368372,-0.9609178,-0.1433254,0.1805436,1.545907,-0.6418867,0,0,0,0,-0.7071068,0,0,0,0,0,-0.7071068,0,0,0,0,0,-0.7071068,0,0,0,0,0,-0.7071068,0,0,0,0,0,-0.7071068,0
14.72211,19,2,1,0.1488999,1.502923,-0.5801691,-0.01371542,-0.9040508,-0.4237572,0.4624059,0.6436253,0.2407525,-0.07804188,0.6396515,0.08670801,-0.0203865,1.203985,0.06942781,-0.003568575,-0.9607393,-0.1452015,0.1796135,1.552732,-0.6348979,0,0,0,0,-0.7071068,0,0,0,0,0,-0.7071068,0,0,0,0,0,-0.7071068,0,0,0,0,0,-0.7071068,0,0,0,0,0,-0.7071068,0
14.73936,19,2,1,0.147487,1.50987,-0.5734478,-0.01472571,-0.9007915,-0.4307861,0.4622636,0.6436893,0.2408501,-0.07817681,0.6397089,0.08684294,-0.02215022,1.204475,0.07056477,-0.002014093,-0.9604841,-0.1483729,0.1778498,1.559544,-0.62743,0,0,0,0,-0.7071068,0,0,0,0,0,-0.7071068,0,0,0,0,0,-0.7071068,0,0,0,0,0,-0.7071068,0,0,0,0,0,-0.7071068,0
14.75644,19,2,1,0.1457315,1.516582,-0.5670586,-0.009760424,-0.8985655,-0.4354291,0.4621594,0.6437958,0.2409523,-0.07830205,0.6395344,0.0874565,-0.02301469,1.204678,0.0711919,-0.001288414,-0.9603587,-0.1498823,0.1769853,1.566302,-0.620083,0,0,0,0,-0.7071068,0,0,0,0,0,-0.7071068,0,0,0,0,0,-0.7071068,0,0,0,0,0,-0.7071068,0,0,0,0,0,-0.7071068,0
14.77275,19,2,1,0.144934,1.51972,-0.5640803,-0.007837638,-0.8977752,-0.436953,0.4621116,0.6437992,0.2409708,-0.07829762,0.6394648,0.08747972,-0.02468476,1.205067,0.07245616,-6.136298E-05,-0.9599611,-0.1530363,0.1753152,1.573102,-0.6120872,0,0,0,0,-0.7071068,0,0,0,0,0,-0.7071068,0,0,0,0,0,-0.7071068,0,0,0,0,0,-0.7071068,0,0,0,0,0,-0.7071068,0
14.78989,19,2,1,0.1431139,1.526106,-0.557992,-0.006312594,-0.896088,-0.4404763,0.4620403,0.6436585,0.2410383,-0.07809637,0.6393844,0.08758494,-0.02545393,1.205252,0.07312205,0.0005006045,-0.9597247,-0.1545102,0.1745461,1.579335,-0.6049207,0,0,0,0,-0.7071068,0,0,0,0,0,-0.7071068,0,0,0,0,0,-0.7071068,0,0,0,0,0,-0.7071068,0,0,0,0,0,-0.7071068,0
14.81034,19,2,1,0.1420135,1.529306,-0.5548596,-0.006588742,-0.8950214,-0.4427604,0.4620171,0.6437063,0.2411937,-0.07796022,0.6392429,0.08769988,-0.02688272,1.205673,0.07441368,0.001819789,-0.9591578,-0.1576073,0.1731173,1.586031,-0.5967239,0,0,0,0,-0.7071068,0,0,0,0,0,-0.7071068,0,0,0,0,0,-0.7071068,0,0,0,0,0,-0.7071068,0,0,0,0,0,-0.7071068,0
14.82806,19,2,1,0.139534,1.535974,-0.5484172,-0.004752293,-0.8919919,-0.4490813,0.4620024,0.6436923,0.2412584,-0.07767314,0.6391326,0.08787897,-0.02824558,1.206035,0.07580364,0.0034739,-0.958608,-0.1603442,0.1717544,1.593769,-0.587001,0,0,0,0,-0.7071068,0,0,0,0,0,-0.7071068,0,0,0,0,0,-0.7071068,0,0,0,0,0,-0.7071068,0,0,0,0,0,-0.7071068,0
14.84606,19,2,1,0.1368483,1.542696,-0.5419785,-0.001982436,-0.8882189,-0.456757,0.4620151,0.643777,0.2413562,-0.07740188,0.6389763,0.08833519,-0.02879112,1.206167,0.07653773,0.004460126,-0.9583821,-0.1614367,0.1712089,1.600196,-0.5789616,0,0,0,0,-0.7071068,0,0,0,0,0,-0.7071068,0,0,0,0,0,-0.7071068,0,0,0,0,0,-0.7071068,0,0,0,0,0,-0.7071068,0
14.86288,19,2,1,0.1355536,1.545933,-0.5387424,-0.001289189,-0.886528,-0.4600693,0.4619879,0.6437243,0.24145,-0.07707794,0.6388842,0.08862117,-0.02999819,1.206439,0.07799934,0.006276652,-0.957847,-0.1637494,0.1700018,1.606771,-0.5699986,0,0,0,0,-0.7071068,0,0,0,0,0,-0.7071068,0,0,0,0,0,-0.7071068,0,0,0,0,0,-0.7071068,0,0,0,0,0,-0.7071068,0
14.88002,19,2,1,0.1332994,1.551872,-0.5326633,-0.001950055,-0.8840016,-0.4650022,0.4619395,0.6436743,0.2415541,-0.07652687,0.6386663,0.08916335,-0.03056816,1.206584,0.07877612,0.007043466,-0.9575101,-0.1651714,0.1694318,1.612719,-0.5621415,0,0,0,0,-0.7071068,0,0,0,0,0,-0.7071068,0,0,0,0,0,-0.7071068,0,0,0,0,0,-0.7071068,0,0,0,0,0,-0.7071068,0
14.89869,19,2,1,0.1320562,1.554709,-0.5299185,-0.001696303,-0.8830113,-0.4669164,0.46191,0.6436696,0.241647,-0.07630371,0.6384084,0.08938975,-0.03157877,1.206764,0.08039457,0.008322306,-0.9568031,-0.1682732,0.1684212,1.618727,-0.5532382,0,0,0,0,-0.7071068,0,0,0,0,0,-0.7071068,0,0,0,0,0,-0.7071068,0,0,0,0,0,-0.7071068,0,0,0,0,0,-0.7071068,0
14.91533,19,2,1,0.1291757,1.560436,-0.5241325,0.00261724,-0.8803657,-0.4719986,0.4619184,0.6436909,0.2419017,-0.07577306,0.6380831,0.08990583,-0.03253622,1.206938,0.08214901,0.009160623,-0.9561235,-0.1711465,0.1674638,1.625147,-0.5434732,0,0,0,0,-0.7071068,0,0,0,0,0,-0.7071068,0,0,0,0,0,-0.7071068,0,0,0,0,0,-0.7071068,0,0,0,0,0,-0.7071068,0
14.93449,19,2,1,0.1261113,1.565836,-0.518687,0.005668804,-0.877739,-0.4770173,0.4619184,0.6437846,0.2419934,-0.07535528,0.6378952,0.09066233,-0.0329969,1.207025,0.0830766,0.009412423,-0.9558426,-0.17256,0.1670031,1.630715,-0.5353351,0,0,0,0,-0.7071068,0,0,0,0,0,-0.7071068,0,0,0,0,0,-0.7071068,0,0,0,0,0,-0.7071068,0,0,0,0,0,-0.7071068,0
14.95061,19,2,1,0.1245698,1.568248,-0.5162616,0.006634191,-0.8771879,-0.4781016,0.4619971,0.6438447,0.2420765,-0.07517889,0.6378363,0.0910818,-0.03396959,1.207151,0.08502415,0.009183772,-0.9552404,-0.1759133,0.1660304,1.637051,-0.5250039,0,0,0,0,-0.7071068,0,0,0,0,0,-0.7071068,0,0,0,0,0,-0.7071068,0,0,0,0,0,-0.7071068,0,0,0,0,0,-0.7071068,0
14.96711,19,2,1,0.1215207,1.572877,-0.5117291,0.009859771,-0.8768302,-0.4787756,0.4620756,0.6438637,0.2420596,-0.07486062,0.6378181,0.09154008,-0.03449776,1.207275,0.08600369,0.008850388,-0.9548856,-0.1779258,0.1655022,1.642308,-0.5169116,0,0,0,0,-0.7071068,0,0,0,0,0,-0.7071068,0,0,0,0,0,-0.7071068,0,0,0,0,0,-0.7071068,0,0,0,0,0,-0.7071068,0
14.9853,19,2,1,0.1200393,1.575104,-0.5093254,0.01147629,-0.8762978,-0.4797705,0.4620848,0.6438632,0.2420655,-0.07472821,0.6377987,0.09171484,-0.03549602,1.207483,0.08803867,0.008376874,-0.9542959,-0.1820486,0.164504,1.647689,-0.5075345,0,0,0,0,-0.7071068,0,0,0,0,0,-0.7071068,0,0,0,0,0,-0.7071068,0,0,0,0,0,-0.7071068,0,0,0,0,0,-0.7071068,0
15.00291,19,2,1,0.1174925,1.579552,-0.5043666,0.01204732,-0.8748618,-0.482471,0.4621494,0.6438886,0.2419122,-0.07442468,0.6378523,0.09224025,-0.03605031,1.207582,0.08909257,0.008200988,-0.953997,-0.1840795,0.1639497,1.653391,-0.4983214,0,0,0,0,-0.7071068,0,0,0,0,0,-0.7071068,0,0,0,0,0,-0.7071068,0,0,0,0,0,-0.7071068,0,0,0,0,0,-0.7071068,0
15.02104,19,2,1,0.1163736,1.581807,-0.5018799,0.01170416,-0.8740701,-0.4839364,0.4621806,0.6439093,0.2418493,-0.07437682,0.6378748,0.09239615,-0.03700083,1.207734,0.09113877,0.008245744,-0.9533566,-0.188172,0.1629992,1.658869,-0.4883065,0,0,0,0,-0.7071068,0,0,0,0,0,-0.7071068,0,0,0,0,0,-0.7071068,0,0,0,0,0,-0.7071068,0,0,0,0,0,-0.7071068,0
15.0386,19,2,1,0.1144765,1.586263,-0.4967844,0.01339482,-0.8724058,-0.4866135,0.4623409,0.6438136,0.2417067,-0.07430035,0.6379329,0.09166439,-0.03793448,1.207781,0.09319074,0.008463204,-0.9526567,-0.1918358,0.1620655,1.664296,-0.4779828,0,0,0,0,-0.7071068,0,0,0,0,0,-0.7071068,0,0,0,0,0,-0.7071068,0,0,0,0,0,-0.7071068,0,0,0,0,0,-0.7071068,0
15.05605,19,2,1,0.112176,1.590849,-0.4916543,0.01976407,-0.8710133,-0.4884212,0.4623444,0.643868,0.2414082,-0.07439893,0.6382089,0.09221368,-0.03839086,1.207802,0.09417209,0.008631587,-0.9523028,-0.1933747,0.1616091,1.669428,-0.4689265,0,0,0,0,-0.7071068,0,0,0,0,0,-0.7071068,0,0,0,0,0,-0.7071068,0,0,0,0,0,-0.7071068,0,0,0,0,0,-0.7071068,0
15.07459,19,2,1,0.1109532,1.593148,-0.489113,0.02164291,-0.8702676,-0.4895728,0.4623157,0.6439044,0.241315,-0.0746059,0.638188,0.09242065,-0.0392019,1.207812,0.09602752,0.009167373,-0.95155,-0.1962051,0.1607981,1.674421,-0.4589819,0,0,0,0,-0.7071068,0,0,0,0,0,-0.7071068,0,0,0,0,0,-0.7071068,0,0,0,0,0,-0.7071068,0,0,0,0,0,-0.7071068,0
15.09319,19,2,1,0.1082522,1.597726,-0.4839724,0.02332126,-0.8680342,-0.4935778,0.4623399,0.6440063,0.2412342,-0.07498334,0.6380351,0.09281313,-0.03938151,1.207893,0.0969452,0.009251513,-0.9511523,-0.1973779,0.1606185,1.679686,-0.4494065,0,0,0,0,-0.7071068,0,0,0,0,0,-0.7071068,0,0,0,0,0,-0.7071068,0,0,0,0,0,-0.7071068,0,0,0,0,0,-0.7071068,0
15.11024,19,2,1,0.1067433,1.600121,-0.4812997,0.02346866,-0.8667052,-0.49604,0.4623788,0.6439551,0.2412225,-0.0748147,0.6379098,0.09299048,-0.04008284,1.207885,0.09896611,0.009276904,-0.9501729,-0.2002158,0.1599172,1.684763,-0.4386369,0,0,0,0,-0.7071068,0,0,0,0,0,-0.7071068,0,0,0,0,0,-0.7071068,0,0,0,0,0,-0.7071068,0,0,0,0,0,-0.7071068,0
15.12983,19,2,1,0.1038976,1.605011,-0.4762972,0.02594419,-0.8647664,-0.4993796,0.4623766,0.6439942,0.2411649,-0.07483655,0.6376759,0.09273474,-0.04077755,1.207749,0.100815,0.009115919,-0.9490571,-0.2031022,0.1592225,1.679967,-0.4448131,0,0,0,0,-0.7071068,0,0,0,0,0,-0.7071068,0,0,0,0,0,-0.7071068,0,0,0,0,0,-0.7071068,0,0,0,0,0,-0.7071068,0
15.14657,19,2,1,0.1011737,1.610079,-0.4714051,0.03032474,-0.8628871,-0.502363,0.4624074,0.6440585,0.2410521,-0.07540365,0.6372725,0.09258134,-0.04112354,1.207591,0.1017477,-0.009111352,0.9485419,0.2043251,0.1588765,1.674336,-0.4530362,0,0,0,0,-0.7071068,0,0,0,0,0,-0.7071068,0,0,0,0,0,-0.7071068,0,0,0,0,0,-0.7071068,0,0,0,0,0,-0.7071068,0
15.16427,19,2,1,0.09956081,1.612997,-0.4687424,0.03239474,-0.861649,-0.5043777,0.4624256,0.6440209,0.2409354,-0.07590488,0.636912,0.09237579,-0.04184766,1.207087,0.1036266,-0.009747952,0.9474615,0.2071532,0.1581523,1.669059,-0.4589175,0,0,0,0,-0.7071068,0,0,0,0,0,-0.7071068,0,0,0,0,0,-0.7071068,0,0,0,0,0,-0.7071068,0,0,0,0,0,-0.7071068,0
15.18161,19,2,1,0.09720452,1.619026,-0.4648255,0.0351117,-0.85997,-0.5071419,0.4626803,0.6439989,0.2407335,-0.0781903,0.6358187,0.09061392,-0.04228945,1.20684,0.1045712,-0.009736009,0.9468163,0.2092237,0.1577106,1.663669,-0.4661132,0,0,0,0,-0.7071068,0,0,0,0,0,-0.7071068,0,0,0,0,0,-0.7071068,0,0,0,0,0,-0.7071068,0,0,0,0,0,-0.7071068,0
15.19856,20,2,1,0.09614797,1.621947,-0.4629498,0.0356995,-0.8598289,-0.5073639,0.4628682,0.6440001,0.2404983,-0.07941001,0.6355953,0.08931803,-0.04308733,1.206763,0.106359,-0.008473501,0.9454423,0.2140765,0.1569127,1.658454,-0.4722421,0,0,0,0,-0.7071068,0,0,0,0,0,-0.7071068,0,0,0,0,0,-0.7071068,0,0,0,0,0,-0.7071068,0,0,0,0,0,-0.7071068,0
15.21589,20,2,1,0.09372098,1.627288,-0.4583684,0.03595424,-0.8592842,-0.5085897,0.4633856,0.6439016,0.2400615,-0.08071134,0.635658,0.08713832,-0.04379681,1.207277,0.1081124,-0.008005291,0.9444287,0.2182227,0.1562032,1.653852,-0.4781674,0,0,0,0,-0.7071068,0,0,0,0,0,-0.7071068,0,0,0,0,0,-0.7071068,0,0,0,0,0,-0.7071068,0,0,0,0,0,-0.7071068,0
15.23279,20,2,1,0.0924427,1.629959,-0.4553975,0.03697659,-0.8586554,-0.5097814,0.4635939,0.6438674,0.2397756,-0.08100766,0.6356617,0.08612297,-0.0441382,1.207716,0.1089514,-0.00813181,0.944029,0.2204289,0.1558618,1.648968,-0.4851157,0,0,0,0,-0.7071068,0,0,0,0,0,-0.7071068,0,0,0,0,0,-0.7071068,0,0,0,0,0,-0.7071068,0,0,0,0,0,-0.7071068,0
15.25156,20,2,1,0.09020967,1.635755,-0.4493859,0.04100005,-0.8565092,-0.5131977,0.4641173,0.6438022,0.2392541,-0.08099246,0.6358704,0.08492154,-0.04453038,1.208389,0.1104275,-0.01039123,0.9430211,0.2255222,0.1554696,1.644359,-0.4911707,0,0,0,0,-0.7071068,0,0,0,0,0,-0.7071068,0,0,0,0,0,-0.7071068,0,0,0,0,0,-0.7071068,0,0,0,0,0,-0.7071068,0
15.2684,20,2,1,0.08921201,1.642019,-0.4423388,0.04386953,-0.8530741,-0.5185941,0.4645751,0.6436183,0.2386737,-0.0809027,0.6361427,0.08416907,-0.04464632,1.208581,0.1110236,-0.011561,0.9423895,0.2282727,0.1553537,1.638582,-0.4988669,0,0,0,0,-0.7071068,0,0,0,0,0,-0.7071068,0,0,0,0,0,-0.7071068,0,0,0,0,0,-0.7071068,0,0,0,0,0,-0.7071068,0
15.28644,20,2,1,0.08889622,1.645051,-0.4386051,0.04422112,-0.8511326,-0.5217126,0.4648583,0.6435258,0.2385685,-0.08084661,0.6361744,0.0838367,-0.04476431,1.208892,0.1122789,-0.01313576,0.9411411,0.2331013,0.1552357,1.633447,-0.504979,0,0,0,0,-0.7071068,0,0,0,0,0,-0.7071068,0,0,0,0,0,-0.7071068,0,0,0,0,0,-0.7071068,0,0,0,0,0,-0.7071068,0
15.3028,20,2,1,0.08921344,1.650982,-0.4300936,0.04457837,-0.8456197,-0.5303528,0.4650667,0.6433364,0.2382867,-0.08067358,0.6360229,0.08363362,-0.04473086,1.20899,0.1128265,-0.01360954,0.9405314,0.2355054,0.1552691,1.627613,-0.5122578,0,0,0,0,-0.7071068,0,0,0,0,0,-0.7071068,0,0,0,0,0,-0.7071068,0,0,0,0,0,-0.7071068,0,0,0,0,0,-0.7071068,0
15.32122,20,2,1,0.0893423,1.653818,-0.4260201,0.04464771,-0.8432291,-0.5340541,0.4650218,0.6432873,0.2382241,-0.08044668,0.6358086,0.08381635,-0.04474024,1.209093,0.11393,-0.01321787,0.9396465,0.2388942,0.1552598,1.622253,-0.518185,0,0,0,0,-0.7071068,0,0,0,0,0,-0.7071068,0,0,0,0,0,-0.7071068,0,0,0,0,0,-0.7071068,0,0,0,0,0,-0.7071068,0
15.33937,20,2,1,0.08976585,1.6591,-0.4181824,0.04380833,-0.838897,-0.5408458,0.4648184,0.6433957,0.2382679,-0.08001143,0.6349415,0.08510924,-0.04467402,1.209006,0.114834,-0.01257403,0.9390942,0.2408586,0.155326,1.61592,-0.5251199,0,0,0,0,-0.7071068,0,0,0,0,0,-0.7071068,0,0,0,0,0,-0.7071068,0,0,0,0,0,-0.7071068,0,0,0,0,0,-0.7071068,0
15.35768,20,2,1,0.09060258,1.663529,-0.4102913,0.04232308,-0.8340678,-0.5484697,0.4646081,0.6438552,0.2385225,-0.080503,0.6337287,0.08722241,-0.04460387,1.208781,0.1152906,-0.01227786,0.9390072,0.2409963,0.1553961,1.609439,-0.5323133,0,0,0,0,-0.7071068,0,0,0,0,0,-0.7071068,0,0,0,0,0,-0.7071068,0,0,0,0,0,-0.7071068,0,0,0,0,0,-0.7071068,0
15.37741,20,2,1,0.09122712,1.665414,-0.4064875,0.0426833,-0.8312024,-0.5528674,0.4645181,0.6440619,0.2385304,-0.08105092,0.6332381,0.08789122,-0.04444851,1.208232,0.1160869,-0.01080283,0.939064,0.2403156,0.1555515,1.602483,-0.5391505,0,0,0,0,-0.7071068,0,0,0,0,0,-0.7071068,0,0,0,0,0,-0.7071068,0,0,0,0,0,-0.7071068,0,0,0,0,0,-0.7071068,0
15.39542,20,2,1,0.09311838,1.668464,-0.3997052,0.04413962,-0.8260511,-0.5603485,0.4644317,0.6441909,0.238272,-0.08219799,0.6330676,0.08778396,-0.04438248,1.207746,0.1169782,-0.008577079,0.9391959,0.2393369,0.1556175,1.594988,-0.5463901,0,0,0,0,-0.7071068,0,0,0,0,0,-0.7071068,0,0,0,0,0,-0.7071068,0,0,0,0,0,-0.7071068,0,0,0,0,0,-0.7071068,0
15.4124,20,2,0,0.09686573,1.669475,-0.395218,0.04268345,-0.8231511,-0.5642725,0.4643479,0.6441472,0.2377789,-0.08276255,0.6337246,0.08734953,-0.04435132,1.207528,0.1174325,-0.007478535,0.9393725,0.2385528,0.1556487,1.588271,-0.5532767,0,0,0,0,-0.7071068,0,0,0,0,0,-0.7071068,0,0,0,0,0,-0.7071068,0,0,0,0,0,-0.7071068,0,0,0,0,0,-0.7071068,0
15.43058,20,2,0,0.1007877,1.668399,-0.3950014,0.03829792,-0.8240052,-0.5628096,0.4643497,0.6441091,0.2375782,-0.0826535,0.6342221,0.08747181,-0.04427351,1.206963,0.1184115,-0.005402647,0.9396279,0.2374201,0.1557265,1.581498,-0.5591388,0,0,0,0,-0.7071068,0,0,0,0,0,-0.7071068,0,0,0,0,0,-0.7071068,0,0,0,0,0,-0.7071068,0,0,0,0,0,-0.7071068,0
15.44911,20,2,0,0.1090401,1.665756,-0.3944548,0.02327755,-0.8258804,-0.5601825,0.4642577,0.6440544,0.2374742,-0.08223286,0.6348112,0.08803088,-0.04420874,1.206618,0.1189256,-0.004256256,0.9398386,0.2366728,0.1557913,1.574413,-0.5658729,0,0,0,0,-0.7071068,0,0,0,0,0,-0.7071068,0,0,0,0,0,-0.7071068,0,0,0,0,0,-0.7071068,0,0,0,0,0,-0.7071068,0
15.46683,20,2,0,0.1165372,1.662553,-0.395058,0.005538791,-0.8287947,-0.5559559,0.4640298,0.644083,0.2378672,-0.08133607,0.634443,0.08930156,-0.044328,1.205795,0.1200614,-0.001844212,0.9404516,0.2350891,0.155672,1.566629,-0.5720323,0,0,0,0,-0.7071068,0,0,0,0,0,-0.7071068,0,0,0,0,0,-0.7071068,0,0,0,0,0,-0.7071068,0,0,0,0,0,-0.7071068,0
15.48352,20,2,0,0.119875,1.66033,-0.396206,0.0009884238,-0.8296474,-0.5547181,0.4639352,0.6441649,0.2381339,-0.08097896,0.6343004,0.09029637,-0.04435093,1.205511,0.121211,0.0001959279,0.9406772,0.2350715,0.1556491,1.559597,-0.5777776,0,0,0,0,-0.7071068,0,0,0,0,0,-0.7071068,0,0,0,0,0,-0.7071068,0,0,0,0,0,-0.7071068,0,0,0,0,0,-0.7071068,0
15.50057,20,2,0,0.1253451,1.655018,-0.4000793,0.01109931,-0.8328457,-0.5488626,0.4636249,0.6440805,0.2387752,-0.07970952,0.6337838,0.09226794,-0.04418485,1.205564,0.1218094,0.000753589,0.9405497,0.235691,0.1558152,1.55322,-0.5835938,0,0,0,0,-0.7071068,0,0,0,0,0,-0.7071068,0,0,0,0,0,-0.7071068,0,0,0,0,0,-0.7071068,0,0,0,0,0,-0.7071068,0
15.51709,20,2,0,0.1280561,1.652245,-0.4024827,0.01594377,-0.8352517,-0.5444932,0.4635289,0.6440163,0.2390389,-0.07907026,0.6336241,0.09293156,-0.0438529,1.205738,0.1228328,0.000546962,0.9399843,0.2372645,0.1561471,1.546747,-0.5890474,0,0,0,0,-0.7071068,0,0,0,0,0,-0.7071068,0,0,0,0,0,-0.7071068,0,0,0,0,0,-0.7071068,0,0,0,0,0,-0.7071068,0
15.53529,20,2,0,0.1334338,1.645367,-0.4092454,0.02344215,-0.8428963,-0.5313078,0.4633882,0.6436969,0.2396028,-0.07742088,0.6335145,0.09333503,-0.04360073,1.205772,0.1232713,5.603582E-05,0.9397587,0.2377046,0.1563993,1.54027,-0.5948063,0,0,0,0,-0.7071068,0,0,0,0,0,-0.7071068,0,0,0,0,0,-0.7071068,0,0,0,0,0,-0.7071068,0,0,0,0,0,-0.7071068,0
15.55384,20,2,0,0.1360188,1.641664,-0.4133262,0.02352798,-0.8464745,-0.5254093,0.4633832,0.6435556,0.2398232,-0.07676363,0.6334776,0.09349573,-0.04303553,1.20571,0.1238621,-0.0005987361,0.9395904,0.2374787,0.1569645,1.532949,-0.6009592,0,0,0,0,-0.7071068,0,0,0,0,0,-0.7071068,0,0,0,0,0,-0.7071068,0,0,0,0,0,-0.7071068,0,0,0,0,0,-0.7071068,0
15.57068,20,2,0,0.1411875,1.633893,-0.4220694,0.0182199,-0.8532099,-0.514955,0.4633792,0.643477,0.2401851,-0.07604713,0.633519,0.09414815,-0.042233,1.205651,0.1242036,-0.0007337928,0.9395685,0.2365418,0.157767,1.525407,-0.607392,0,0,0,0,-0.7071068,0,0,0,0,0,-0.7071068,0,0,0,0,0,-0.7071068,0,0,0,0,0,-0.7071068,0,0,0,0,0,-0.7071068,0
15.58757,20,2,0,0.1434428,1.629995,-0.4263769,0.01685363,-0.8563483,-0.5098845,0.4633142,0.64345,0.2403773,-0.07576118,0.6335585,0.09450683,-0.04168874,1.205646,0.1243005,-0.0007545054,0.9395759,0.2357614,0.1583113,1.518532,-0.6133621,0,0,0,0,-0.7071068,0,0,0,0,0,-0.7071068,0,0,0,0,0,-0.7071068,0,0,0,0,0,-0.7071068,0,0,0,0,0,-0.7071068,0
15.60538,20,2,0,0.1470503,1.621837,-0.4360637,0.01794232,-0.8615367,-0.5014629,0.4633111,0.6433237,0.2408285,-0.07506873,0.6336438,0.09525135,-0.04059325,1.205524,0.1244604,-0.001003996,0.9396498,0.2336067,0.1594068,1.511448,-0.6192074,0,0,0,0,-0.7071068,0,0,0,0,0,-0.7071068,0,0,0,0,0,-0.7071068,0,0,0,0,0,-0.7071068,0,0,0,0,0,-0.7071068,0
15.62473,20,2,0,0.1499663,1.612995,-0.4462416,0.02256921,-0.8659489,-0.4941091,0.4633103,0.6431081,0.2412507,-0.07399297,0.6336206,0.09607048,-0.03989622,1.205341,0.1244755,-0.001185253,0.9397503,0.2322423,0.1601038,1.503849,-0.6254324,0,0,0,0,-0.7071068,0,0,0,0,0,-0.7071068,0,0,0,0,0,-0.7071068,0,0,0,0,0,-0.7071068,0,0,0,0,0,-0.7071068,0
15.64483,20,2,0,0.1533198,1.603368,-0.4573268,0.02245826,-0.871355,-0.4849092,0.4632557,0.6430225,0.2417456,-0.07260592,0.6335567,0.09723509,-0.03847281,1.205001,0.1245149,-0.001166925,0.9399619,0.2298046,0.1615272,1.495364,-0.6320695,0,0,0,0,-0.7071068,0,0,0,0,0,-0.7071068,0,0,0,0,0,-0.7071068,0,0,0,0,0,-0.7071068,0,0,0,0,0,-0.7071068,0
15.66236,20,2,0,0.1550686,1.598159,-0.4633357,0.01989873,-0.8742667,-0.4799697,0.4632488,0.6429698,0.2419443,-0.07202457,0.6335679,0.09775738,-0.03686767,1.20487,0.1243366,-0.0004208013,0.9400312,0.2279607,0.1631323,1.486678,-0.6390644,0,0,0,0,-0.7071068,0,0,0,0,0,-0.7071068,0,0,0,0,0,-0.7071068,0,0,0,0,0,-0.7071068,0,0,0,0,0,-0.7071068,0
15.6793,20,2,0,0.1581016,1.587478,-0.475107,0.0184833,-0.8798543,-0.4697544,0.4632216,0.6429063,0.2423149,-0.07099252,0.6334264,0.09862629,-0.03606884,1.204854,0.1242442,0.000246577,0.9399685,0.2273054,0.1639312,1.479125,-0.6450033,0,0,0,0,-0.7071068,0,0,0,0,0,-0.7071068,0,0,0,0,0,-0.7071068,0,0,0,0,0,-0.7071068,0,0,0,0,0,-0.7071068,0
15.69771,20,2,0,0.1593498,1.582188,-0.4809783,0.01928382,-0.8824635,-0.4647205,0.4632303,0.6428671,0.2423774,-0.07069755,0.6333219,0.09861352,-0.03428919,1.204845,0.1238738,0.001789622,0.939714,0.2263401,0.1657108,1.471759,-0.6509387,0,0,0,0,-0.7071068,0,0,0,0,0,-0.7071068,0,0,0,0,0,-0.7071068,0,0,0,0,0,-0.7071068,0,0,0,0,0,-0.7071068,0
15.71404,20,2,0,0.1619448,1.571604,-0.4925082,0.02080452,-0.8874593,-0.4549438,0.4632081,0.6427587,0.2424622,-0.07038929,0.6334488,0.09840329,-0.03352096,1.204783,0.1236561,0.00250151,0.9396451,0.2256982,0.1664791,1.463632,-0.6571031,0,0,0,0,-0.7071068,0,0,0,0,0,-0.7071068,0,0,0,0,0,-0.7071068,0,0,0,0,0,-0.7071068,0,0,0,0,0,-0.7071068,0
15.73088,20,2,0,0.1631403,1.566246,-0.4984344,0.0198883,-0.8898677,-0.4503218,0.4632314,0.6427767,0.2423656,-0.07055762,0.6335881,0.09814444,-0.03236663,1.204633,0.1231485,0.004224159,0.9396656,0.2238814,0.1676334,1.456265,-0.6627979,0,0,0,0,-0.7071068,0,0,0,0,0,-0.7071068,0,0,0,0,0,-0.7071068,0,0,0,0,0,-0.7071068,0,0,0,0,0,-0.7071068,0
15.74759,20,2,0,0.1650258,1.555796,-0.5095927,0.01613329,-0.8942183,-0.4419782,0.4632569,0.6427319,0.242198,-0.07115198,0.6340316,0.09757844,-0.03189674,1.204784,0.1227802,0.005378045,0.9395539,0.2235276,0.1681033,1.448916,-0.6684269,0,0,0,0,-0.7071068,0,0,0,0,0,-0.7071068,0,0,0,0,0,-0.7071068,0,0,0,0,0,-0.7071068,0,0,0,0,0,-0.7071068,0
15.76614,20,2,0,0.1658799,1.550726,-0.5150276,0.01532863,-0.896288,-0.4378691,0.4632756,0.6428217,0.2419959,-0.07183932,0.6343271,0.09713352,-0.0311725,1.205275,0.1223248,0.006649144,0.9386857,0.2251734,0.1688275,1.4419,-0.6740177,0,0,0,0,-0.7071068,0,0,0,0,0,-0.7071068,0,0,0,0,0,-0.7071068,0,0,0,0,0,-0.7071068,0,0,0,0,0,-0.7071068,0
15.78419,20,2,0,0.1673795,1.540791,-0.5255931,0.01256038,-0.8998938,-0.430683,0.4632805,0.6429884,0.2417575,-0.07281207,0.6346818,0.09661046,-0.0306798,1.205647,0.1217792,0.005659491,0.9378791,0.2271593,0.1693202,1.43387,-0.6801603,0,0,0,0,-0.7071068,0,0,0,0,0,-0.7071068,0,0,0,0,0,-0.7071068,0,0,0,0,0,-0.7071068,0,0,0,0,0,-0.7071068,0
15.80224,20,2,0,0.1686141,1.530921,-0.5353716,0.01006636,-0.9031323,-0.4242011,0.4633787,0.6431907,0.2415071,-0.07393144,0.6347536,0.09594001,-0.03055312,1.205706,0.1214693,0.004528277,0.9377131,0.2276031,0.1694469,1.425681,-0.6858134,0,0,0,0,-0.7071068,0,0,0,0,0,-0.7071068,0,0,0,0,0,-0.7071068,0,0,0,0,0,-0.7071068,0,0,0,0,0,-0.7071068,0
15.82,20,2,0,0.1690437,1.526285,-0.5401335,0.009712607,-0.9046905,-0.4209687,0.463436,0.6432639,0.2414398,-0.07417534,0.6348019,0.09587366,-0.03039992,1.205627,0.1206858,0.002714187,0.9376624,0.2277478,0.1696001,1.417292,-0.6918339,0,0,0,0,-0.7071068,0,0,0,0,0,-0.7071068,0,0,0,0,0,-0.7071068,0,0,0,0,0,-0.7071068,0,0,0,0,0,-0.7071068,0
15.83827,20,2,1,0.1701149,1.516488,-0.5497048,0.009174496,-0.9080477,-0.4136884,0.4635891,0.6434373,0.2410812,-0.07476955,0.6349842,0.09538317,-0.03047699,1.205445,0.1197489,0.001916818,0.937938,0.227116,0.169523,1.408868,-0.6978214,0,0,0,0,-0.7071068,0,0,0,0,0,-0.7071068,0,0,0,0,0,-0.7071068,0,0,0,0,0,-0.7071068,0,0,0,0,0,-0.7071068,0
15.85375,20,2,1,0.1706113,1.511461,-0.5542437,0.008501917,-0.9095902,-0.4103305,0.4636851,0.6434371,0.2408392,-0.07506797,0.6351095,0.09481621,-0.03054084,1.205354,0.1191905,0.001925819,0.938197,0.2265964,0.1694592,1.400236,-0.7034674,0,0,0,0,-0.7071068,0,0,0,0,0,-0.7071068,0,0,0,0,0,-0.7071068,0,0,0,0,0,-0.7071068,0,0,0,0,0,-0.7071068,0
15.87112,20,2,1,0.1713143,1.501402,-0.5632918,0.009958982,-0.9125191,-0.4036206,0.4637397,0.6435759,0.2403757,-0.07570378,0.6354975,0.09405904,-0.03082256,1.20513,0.1180602,0.001906075,0.9388328,0.2250493,0.1691774,1.392723,-0.7088239,0,0,0,0,-0.7071068,0,0,0,0,0,-0.7071068,0,0,0,0,0,-0.7071068,0,0,0,0,0,-0.7071068,0,0,0,0,0,-0.7071068,0
15.88753,20,2,1,0.1717206,1.496382,-0.5678791,0.01033463,-0.9140496,-0.4000612,0.4636963,0.6436467,0.2401401,-0.07603513,0.6356931,0.09389999,-0.03097285,1.205035,0.1174672,0.001750499,0.9390948,0.2243643,0.1690271,1.384392,-0.7140664,0,0,0,0,-0.7071068,0,0,0,0,0,-0.7071068,0,0,0,0,0,-0.7071068,0,0,0,0,0,-0.7071068,0,0,0,0,0,-0.7071068,0
15.90498,20,2,1,0.1724178,1.485615,-0.5778676,0.00742735,-0.91794,-0.3910215,0.4634856,0.6438545,0.2397839,-0.0768932,0.6357712,0.09372827,-0.03123491,1.204929,0.1161801,0.0009949505,0.9396687,0.2228744,0.1687651,1.376459,-0.7196517,0,0,0,0,-0.7071068,0,0,0,0,0,-0.7071068,0,0,0,0,0,-0.7071068,0,0,0,0,0,-0.7071068,0,0,0,0,0,-0.7071068,0
15.92178,20,2,1,0.1725261,1.474962,-0.587355,0.0003845245,-0.921963,-0.3820581,0.4631619,0.6442757,0.2397514,-0.07824903,0.6353707,0.09361341,-0.03131472,1.204942,0.1155076,0.0004122034,0.9399346,0.2221321,0.1686853,1.368095,-0.7247965,0,0,0,0,-0.7071068,0,0,0,0,0,-0.7071068,0,0,0,0,0,-0.7071068,0,0,0,0,0,-0.7071068,0,0,0,0,0,-0.7071068,0
15.94158,20,2,1,0.1720845,1.469761,-0.5918043,-8.773804E-05,-0.9238288,-0.3777431,0.4629963,0.6443849,0.2398654,-0.07897243,0.6347566,0.09335499,-0.03140805,1.204894,0.1139736,-0.0006731078,0.9405454,0.2200817,0.1685919,1.359927,-0.7305418,0,0,0,0,-0.7071068,0,0,0,0,0,-0.7071068,0,0,0,0,0,-0.7071068,0,0,0,0,0,-0.7071068,0,0,0,0,0,-0.7071068,0
15.9582,20,2,1,0.171261,1.459575,-0.6005705,0.0007071197,-0.9271146,-0.3698615,0.462802,0.6444443,0.2399747,-0.07997304,0.6341725,0.09261307,-0.03143022,1.204832,0.1131571,-0.001061536,0.9409276,0.2186439,0.1685698,1.350241,-0.7361948,0,0,0,0,-0.7071068,0,0,0,0,0,-0.7071068,0,0,0,0,0,-0.7071068,0,0,0,0,0,-0.7071068,0,0,0,0,0,-0.7071068,0
15.97646,20,2,1,0.1707913,1.4548,-0.6045154,0.0003695935,-0.9285322,-0.3664279,0.4627533,0.6444691,0.2400218,-0.08033552,0.6340105,0.09219835,-0.03140876,1.204691,0.1114539,-0.001371726,0.9418279,0.2151403,0.1685912,1.341965,-0.7418572,0,0,0,0,-0.7071068,0,0,0,0,0,-0.7071068,0,0,0,0,0,-0.7071068,0,0,0,0,0,-0.7071068,0,0,0,0,0,-0.7071068,0
15.99426,20,2,1,0.1702973,1.445518,-0.6125155,-0.002864718,-0.9309999,-0.3603598,0.4627708,0.644323,0.240173,-0.08021667,0.6340612,0.09168478,-0.03129446,1.204517,0.109536,-0.001484163,0.9428236,0.211228,0.1687056,1.3328,-0.7480162,0,0,0,0,-0.7071068,0,0,0,0,0,-0.7071068,0,0,0,0,0,-0.7071068,0,0,0,0,0,-0.7071068,0,0,0,0,0,-0.7071068,0
16.01126,20,2,1,0.170052,1.436442,-0.6200429,-0.005298644,-0.9332212,-0.3546954,0.4628952,0.6441737,0.2403449,-0.07980666,0.6341889,0.09125006,-0.03121024,1.204395,0.1085332,-0.001830623,0.943362,0.2090829,0.1687898,1.323866,-0.7530411,0,0,0,0,-0.7071068,0,0,0,0,0,-0.7071068,0,0,0,0,0,-0.7071068,0,0,0,0,0,-0.7071068,0,0,0,0,0,-0.7071068,0
16.02846,20,2,1,0.1697624,1.431902,-0.6236458,-0.005553931,-0.934409,-0.3515824,0.4628933,0.6442392,0.2405185,-0.07947092,0.6342932,0.09108749,-0.03100926,1.204134,0.1064914,-0.002897926,0.9445497,0.2045237,0.1689907,1.315139,-0.7588237,0,0,0,0,-0.7071068,0,0,0,0,0,-0.7071068,0,0,0,0,0,-0.7071068,0,0,0,0,0,-0.7071068,0,0,0,0,0,-0.7071068,0
16.04562,20,2,1,0.1691108,1.422861,-0.6307052,-0.004966661,-0.9368411,-0.3452035,0.4630543,0.6441221,0.2407229,-0.07886499,0.6346028,0.09090362,-0.03089696,1.203974,0.1054322,-0.003299408,0.9451388,0.2021754,0.169103,1.306377,-0.763562,0,0,0,0,-0.7071068,0,0,0,0,0,-0.7071068,0,0,0,0,0,-0.7071068,0,0,0,0,0,-0.7071068,0,0,0,0,0,-0.7071068,0
16.06469,20,2,1,0.1689125,1.418288,-0.6343973,-0.004943803,-0.9378614,-0.3424633,0.4631212,0.6440563,0.2407704,-0.07859606,0.6347611,0.09091246,-0.03066111,1.203607,0.1033376,-0.004004531,0.9465718,0.1967441,0.1693389,1.297379,-0.7692261,0,0,0,0,-0.7071068,0,0,0,0,0,-0.7071068,0,0,0,0,0,-0.7071068,0,0,0,0,0,-0.7071068,0,0,0,0,0,-0.7071068,0
16.08246,20,2,1,0.168233,1.408552,-0.6412585,-0.005492941,-0.9400995,-0.3363967,0.4633092,0.6439397,0.240704,-0.07854101,0.6352938,0.09070279,-0.03042312,1.203105,0.1012001,-0.004370399,0.9481319,0.1910571,0.1695769,1.287235,-0.7752087,0,0,0,0,-0.7071068,0,0,0,0,0,-0.7071068,0,0,0,0,0,-0.7071068,0,0,0,0,0,-0.7071068,0,0,0,0,0,-0.7071068,0
16.09891,20,2,1,0.16813,1.403494,-0.6446157,-0.00689666,-0.9411892,-0.3333534,0.4632887,0.6438421,0.2406953,-0.07855546,0.6355819,0.09064227,-0.0300833,1.203002,0.09989204,-0.00441353,0.9488944,0.1882639,0.1699167,1.278101,-0.7799848,0,0,0,0,-0.7071068,0,0,0,0,0,-0.7071068,0,0,0,0,0,-0.7071068,0,0,0,0,0,-0.7071068,0,0,0,0,0,-0.7071068,0
16.1158,20,2,1,0.168094,1.393121,-0.6514319,-0.01009232,-0.9434,-0.3270649,0.4634198,0.6437777,0.2405731,-0.07877141,0.6361572,0.09047872,-0.02968571,1.20258,0.09773397,-0.004480645,0.9504108,0.1828036,0.1703143,1.269284,-0.7852522,0,0,0,0,-0.7071068,0,0,0,0,0,-0.7071068,0,0,0,0,0,-0.7071068,0,0,0,0,0,-0.7071068,0,0,0,0,0,-0.7071068,0
16.13311,20,2,1,0.1682993,1.381831,-0.658119,-0.01373203,-0.9457968,-0.3199326,0.463411,0.6438544,0.2402941,-0.07941297,0.636546,0.08997894,-0.02942673,1.202325,0.09664171,-0.00448975,0.951187,0.1799512,0.1705733,1.260371,-0.7894373,0,0,0,0,-0.7071068,0,0,0,0,0,-0.7071068,0,0,0,0,0,-0.7071068,0,0,0,0,0,-0.7071068,0,0,0,0,0,-0.7071068,0
16.15056,20,2,1,0.168398,1.375941,-0.6614853,-0.01534998,-0.9470903,-0.3160438,0.4634495,0.6438586,0.2401713,-0.07967413,0.6367061,0.08983607,-0.02901138,1.201646,0.09451588,-0.004208006,0.9527332,0.1740015,0.1709886,1.250785,-0.794625,0,0,0,0,-0.7071068,0,0,0,0,0,-0.7071068,0,0,0,0,0,-0.7071068,0,0,0,0,0,-0.7071068,0,0,0,0,0,-0.7071068,0
16.16754,20,2,1,0.1682732,1.364102,-0.6685629,-0.0151553,-0.9496368,-0.3083825,0.463416,0.6439569,0.239945,-0.08006334,0.6367877,0.08974776,-0.02876289,1.201313,0.09344882,-0.003995389,0.9535343,0.1709785,0.1712371,1.241431,-0.7986721,0,0,0,0,-0.7071068,0,0,0,0,0,-0.7071068,0,0,0,0,0,-0.7071068,0,0,0,0,0,-0.7071068,0,0,0,0,0,-0.7071068,0
16.1848,20,2,1,0.1683205,1.357924,-0.6721075,-0.01473534,-0.9509405,-0.304352,0.4633793,0.644009,0.2398783,-0.0802613,0.6367399,0.08981714,-0.0282305,1.200633,0.09140583,0.00387387,-0.9550383,-0.1648535,0.1717695,1.231941,-0.8035079,0,0,0,0,-0.7071068,0,0,0,0,0,-0.7071068,0,0,0,0,0,-0.7071068,0,0,0,0,0,-0.7071068,0,0,0,0,0,-0.7071068,0
16.20292,20,2,1,0.1686831,1.345228,-0.6792348,-0.01812197,-0.9536842,-0.2954655,0.4632922,0.6438899,0.2397818,-0.08021902,0.6365075,0.08999989,-0.02790714,1.200416,0.09022075,0.003752843,-0.9558204,-0.1615761,0.1720929,1.22274,-0.8074235,0,0,0,0,-0.7071068,0,0,0,0,0,-0.7071068,0,0,0,0,0,-0.7071068,0,0,0,0,0,-0.7071068,0,0,0,0,0,-0.7071068,0
16.22044,20,2,1,0.1690281,1.338763,-0.6827353,-0.02256598,-0.9550697,-0.290739,0.4632612,0.6438781,0.2397666,-0.08017358,0.6363128,0.09011912,-0.02747555,1.199722,0.08814716,0.003021903,-0.9570745,-0.1562098,0.1725245,1.212576,-0.8122482,0,0,0,0,-0.7071068,0,0,0,0,0,-0.7071068,0,0,0,0,0,-0.7071068,0,0,0,0,0,-0.7071068,0,0,0,0,0,-0.7071068,0
16.23908,20,2,1,0.1694232,1.326262,-0.689252,-0.02745682,-0.957603,-0.2819473,0.4631397,0.6441476,0.2400222,-0.08022807,0.6358393,0.09019906,-0.02681722,1.19932,0.086048,0.001823634,-0.9579138,-0.1519136,0.1731828,1.202981,-0.8168945,0,0,0,0,-0.7071068,0,0,0,0,0,-0.7071068,0,0,0,0,0,-0.7071068,0,0,0,0,0,-0.7071068,0,0,0,0,0,-0.7071068,0
16.25689,20,2,1,0.1698175,1.314214,-0.6955469,-0.03115499,-0.9598169,-0.2740818,0.4631946,0.6442509,0.2400559,-0.08044533,0.6355412,0.08982968,-0.02646818,1.1991,0.08498338,0.001512796,-0.9583192,-0.1497458,0.1735318,1.192952,-0.8205439,0,0,0,0,-0.7071068,0,0,0,0,0,-0.7071068,0,0,0,0,0,-0.7071068,0,0,0,0,0,-0.7071068,0,0,0,0,0,-0.7071068,0
16.27502,20,2,1,0.1699187,1.308302,-0.6984752,-0.03285125,-0.9608837,-0.2702263,0.4631132,0.6441587,0.2399727,-0.08059391,0.6355243,0.08962711,-0.02578561,1.198569,0.08283719,0.001407869,-0.9590893,-0.1450778,0.1742144,1.18302,-0.82504,0,0,0,0,-0.7071068,0,0,0,0,0,-0.7071068,0,0,0,0,0,-0.7071068,0,0,0,0,0,-0.7071068,0,0,0,0,0,-0.7071068,0
16.2932,20,2,1,0.1701937,1.296834,-0.7041636,-0.03526198,-0.9628196,-0.2630786,0.4632458,0.6441448,0.2398581,-0.08100376,0.6356913,0.08898047,-0.02539176,1.19836,0.08176111,0.001545556,-0.9594333,-0.1429295,0.1746082,1.173207,-0.8283892,0,0,0,0,-0.7071068,0,0,0,0,0,-0.7071068,0,0,0,0,0,-0.7071068,0,0,0,0,0,-0.7071068,0,0,0,0,0,-0.7071068,0
16.31047,20,2,1,0.1707586,1.286126,-0.7093926,-0.03460752,-0.9645174,-0.25681,0.4633272,0.6440552,0.2397387,-0.0814731,0.6359502,0.08845142,-0.0247026,1.198042,0.07952277,0.001293167,-0.960008,-0.138713,0.1752974,1.16323,-0.8327849,0,0,0,0,-0.7071068,0,0,0,0,0,-0.7071068,0,0,0,0,0,-0.7071068,0,0,0,0,0,-0.7071068,0,0,0,0,0,-0.7071068,0
16.32772,20,2,1,0.1712814,1.280545,-0.7120906,-0.03549959,-0.965346,-0.2534562,0.4633973,0.6440432,0.2396576,-0.08179156,0.6360202,0.08792429,-0.02383134,1.197598,0.07720581,0.0005978867,-0.9604824,-0.1344435,0.1761687,1.153588,-0.8370371,0,0,0,0,-0.7071068,0,0,0,0,0,-0.7071068,0,0,0,0,0,-0.7071068,0,0,0,0,0,-0.7071068,0,0,0,0,0,-0.7071068,0
16.34396,20,2,1,0.1723866,1.269528,-0.7170539,-0.03975481,-0.9668598,-0.2467507,0.4633552,0.6440247,0.2397419,-0.08201348,0.6362699,0.08703174,-0.02329038,1.197339,0.07602805,1.588464E-05,-0.960696,-0.1321457,0.1767096,1.14412,-0.8400367,0,0,0,0,-0.7071068,0,0,0,0,0,-0.7071068,0,0,0,0,0,-0.7071068,0,0,0,0,0,-0.7071068,0,0,0,0,0,-0.7071068,0
16.36129,20,2,1,0.1728051,1.264045,-0.7195717,-0.04085671,-0.9676627,-0.2433405,0.4633743,0.6439729,0.2397315,-0.08214028,0.6364484,0.08683643,-0.02228262,1.196836,0.07365958,-0.001942232,-0.9610143,-0.1279231,0.1777174,1.13493,-0.8440189,0,0,0,0,-0.7071068,0,0,0,0,0,-0.7071068,0,0,0,0,0,-0.7071068,0,0,0,0,0,-0.7071068,0,0,0,0,0,-0.7071068,0
16.37788,20,2,1,0.1733187,1.253258,-0.7240778,-0.03896496,-0.9693686,-0.2366338,0.4633838,0.6441046,0.2395926,-0.08259571,0.6369108,0.08648284,-0.02172105,1.196605,0.0724579,-0.00346351,-0.9611599,-0.1256723,0.178279,1.125402,-0.8468349,0,0,0,0,-0.7071068,0,0,0,0,0,-0.7071068,0,0,0,0,0,-0.7071068,0,0,0,0,0,-0.7071068,0,0,0,0,0,-0.7071068,0
16.3963,20,2,1,0.1735642,1.247748,-0.7262743,-0.0385136,-0.9701471,-0.2334543,0.4632986,0.6440694,0.2395062,-0.08324533,0.6369936,0.08611333,-0.02026372,1.196012,0.07013558,-0.007957883,-0.9613688,-0.1209407,0.1797363,1.115895,-0.8505965,0,0,0,0,-0.7071068,0,0,0,0,0,-0.7071068,0,0,0,0,0,-0.7071068,0,0,0,0,0,-0.7071068,0,0,0,0,0,-0.7071068,0
16.41554,20,2,1,0.1745131,1.236296,-0.7308241,-0.04664203,-0.9713441,-0.2271285,0.4631548,0.6442358,0.2393408,-0.084897,0.6373361,0.08514114,-0.01952754,1.195653,0.06898466,-0.01044759,-0.9613581,-0.1184675,0.1804725,1.105621,-0.8532245,0,0,0,0,-0.7071068,0,0,0,0,0,-0.7071068,0,0,0,0,0,-0.7071068,0,0,0,0,0,-0.7071068,0,0,0,0,0,-0.7071068,0
16.43384,20,2,1,0.1754949,1.224947,-0.7351802,-0.05291416,-0.9725306,-0.2206804,0.463111,0.6442045,0.2388544,-0.08653399,0.6379833,0.08383185,-0.01777863,1.194902,0.0666989,-0.01601968,-0.9611567,-0.1136297,0.1822214,1.094491,-0.8569172,0,0,0,0,-0.7071068,0,0,0,0,0,-0.7071068,0,0,0,0,0,-0.7071068,0,0,0,0,0,-0.7071068,0,0,0,0,0,-0.7071068,0
16.45193,20,2,1,0.1759058,1.219261,-0.7374378,-0.05388115,-0.9733082,-0.2169758,0.463053,0.6442986,0.2386347,-0.08744424,0.6383915,0.08302941,-0.01587503,1.194074,0.06427791,0.02082683,0.9608749,0.1083513,0.184125,1.083779,-0.8605466,0,0,0,0,-0.7071068,0,0,0,0,0,-0.7071068,0,0,0,0,0,-0.7071068,0,0,0,0,0,-0.7071068,0,0,0,0,0,-0.7071068,0
16.46829,20,2,1,0.1775198,1.20829,-0.7417234,-0.05493184,-0.9748368,-0.2094964,0.463017,0.644343,0.2381574,-0.08885956,0.6390835,0.08155367,-0.01485899,1.19355,0.06303123,0.02247885,0.9608523,0.1054038,0.185141,1.073466,-0.862864,0,0,0,0,-0.7071068,0,0,0,0,0,-0.7071068,0,0,0,0,0,-0.7071068,0,0,0,0,0,-0.7071068,0,0,0,0,0,-0.7071068,0
16.48518,20,2,1,0.1782664,1.202658,-0.7437125,-0.05571416,-0.9754208,-0.2063263,0.4629891,0.6444122,0.2379776,-0.08954334,0.6393185,0.08086003,-0.01280832,1.192551,0.06036568,0.02537235,0.9609617,0.0988071,0.1871917,1.063606,-0.8663912,0,0,0,0,-0.7071068,0,0,0,0,0,-0.7071068,0,0,0,0,0,-0.7071068,0,0,0,0,0,-0.7071068,0,0,0,0,0,-0.7071068,0
16.50294,21,2,1,0.1800584,1.191637,-0.7477344,-0.05851124,-0.9762578,-0.2009137,0.4628053,0.644484,0.2375832,-0.09107006,0.6395223,0.07956173,-0.01173576,1.192028,0.05897996,0.02674681,0.9610852,0.09525728,0.1882643,1.053926,-0.8685601,0,0,0,0,-0.7071068,0,0,0,0,0,-0.7071068,0,0,0,0,0,-0.7071068,0,0,0,0,0,-0.7071068,0,0,0,0,0,-0.7071068,0
16.52001,21,2,1,0.1809761,1.186078,-0.749615,-0.0606382,-0.9766682,-0.1979737,0.4627678,0.6445239,0.2375011,-0.09159936,0.6395313,0.07916136,-0.00954567,1.190943,0.05597266,0.02985873,0.9612559,0.08811996,0.1904543,1.043197,-0.872275,0,0,0,0,-0.7071068,0,0,0,0,0,-0.7071068,0,0,0,0,0,-0.7071068,0,0,0,0,0,-0.7071068,0,0,0,0,0,-0.7071068,0
16.53889,21,2,1,0.1824893,1.175074,-0.7534233,-0.06355859,-0.9775884,-0.1919819,0.4626879,0.6446162,0.2375916,-0.09190746,0.6395288,0.07880891,-0.00721214,1.190003,0.05282988,0.03230558,0.9614877,0.08104001,0.1927879,1.032985,-0.8759849,0,0,0,0,-0.7071068,0,0,0,0,0,-0.7071068,0,0,0,0,0,-0.7071068,0,0,0,0,0,-0.7071068,0,0,0,0,0,-0.7071068,0
16.56029,21,2,1,0.1837567,1.163968,-0.757295,-0.06590926,-0.9787177,-0.1852949,0.4625622,0.6444633,0.2377397,-0.09185974,0.6393548,0.07867954,-0.006060516,1.189538,0.05121168,0.03331885,0.9616361,0.07758255,0.1939395,1.022254,-0.8781019,0,0,0,0,-0.7071068,0,0,0,0,0,-0.7071068,0,0,0,0,0,-0.7071068,0,0,0,0,0,-0.7071068,0,0,0,0,0,-0.7071068,0
16.57788,21,2,1,0.1846706,1.152844,-0.7609545,-0.06918108,-0.9797645,-0.178735,0.4625788,0.6444951,0.2378035,-0.09160649,0.6388181,0.07850226,-0.003692667,1.188567,0.04789718,0.03536075,0.9620774,0.07061408,0.1963073,1.009647,-0.8818179,0,0,0,0,-0.7071068,0,0,0,0,0,-0.7071068,0,0,0,0,0,-0.7071068,0,0,0,0,0,-0.7071068,0,0,0,0,0,-0.7071068,0
16.59509,21,2,1,0.1852454,1.147389,-0.7629541,-0.07090086,-0.9802125,-0.1757392,0.4625209,0.6444597,0.2378839,-0.09162924,0.6386734,0.07861629,-0.001446521,1.187521,0.04446743,0.03737731,0.9626706,0.06308788,0.1985535,0.9990304,-0.8854477,0,0,0,0,-0.7071068,0,0,0,0,0,-0.7071068,0,0,0,0,0,-0.7071068,0,0,0,0,0,-0.7071068,0,0,0,0,0,-0.7071068,0
16.61169,21,2,1,0.1864565,1.13655,-0.7662584,-0.07465166,-0.9809783,-0.1699163,0.4625845,0.6444831,0.2379927,-0.09187623,0.6383486,0.07828086,-0.0003348124,1.18697,0.04273095,0.03840763,0.9629856,0.05954447,0.1996652,0.9891079,-0.8872661,0,0,0,0,-0.7071068,0,0,0,0,0,-0.7071068,0,0,0,0,0,-0.7071068,0,0,0,0,0,-0.7071068,0,0,0,0,0,-0.7071068,0
16.63029,21,2,1,0.1872543,1.131306,-0.7678386,-0.07574903,-0.9814001,-0.1669102,0.4627041,0.6444111,0.2381912,-0.09210222,0.6382911,0.07808166,0.001890756,1.185985,0.03932713,0.04044099,0.9636834,0.05263839,0.2018908,0.9790918,-0.8906424,0,0,0,0,-0.7071068,0,0,0,0,0,-0.7071068,0,0,0,0,0,-0.7071068,0,0,0,0,0,-0.7071068,0,0,0,0,0,-0.7071068,0
16.64759,21,2,1,0.1891992,1.121094,-0.7706991,-0.07702856,-0.9822121,-0.1609506,0.4628051,0.6444153,0.2381103,-0.09220655,0.6383091,0.07741234,0.002984845,1.185493,0.03762111,0.04135267,0.9640218,0.04937464,0.2029849,0.9684743,-0.8921932,0,0,0,0,-0.7071068,0,0,0,0,0,-0.7071068,0,0,0,0,0,-0.7071068,0,0,0,0,0,-0.7071068,0,0,0,0,0,-0.7071068,0
16.66466,21,2,1,0.1902494,1.116048,-0.7718722,-0.07838211,-0.9824654,-0.1583797,0.4628834,0.6442958,0.2380526,-0.09213933,0.6383834,0.07689373,0.005049507,1.184553,0.03418348,-0.04338817,-0.9646967,-0.04299955,0.2050495,0.9581232,-0.8953686,0,0,0,0,-0.7071068,0,0,0,0,0,-0.7071068,0,0,0,0,0,-0.7071068,0,0,0,0,0,-0.7071068,0,0,0,0,0,-0.7071068,0
16.68295,21,2,1,0.192218,1.105913,-0.7743016,-0.08090082,-0.982995,-0.1531124,0.4630832,0.6441085,0.2380756,-0.09172324,0.638774,0.07575021,0.007084983,1.183622,0.03084302,-0.04522918,-0.9653949,-0.03698817,0.207085,0.9479119,-0.8983391,0,0,0,0,-0.7071068,0,0,0,0,0,-0.7071068,0,0,0,0,0,-0.7071068,0,0,0,0,0,-0.7071068,0,0,0,0,0,-0.7071068,0
16.69997,21,2,1,0.1943989,1.09621,-0.7763587,-0.08386477,-0.9833651,-0.1485152,0.4632547,0.6439282,0.2380386,-0.0912596,0.6391277,0.07480952,0.008076006,1.18313,0.02919617,-0.04626871,-0.9656938,-0.03418674,0.208076,0.9374742,-0.8994665,0,0,0,0,-0.7071068,0,0,0,0,0,-0.7071068,0,0,0,0,0,-0.7071068,0,0,0,0,0,-0.7071068,0,0,0,0,0,-0.7071068,0
16.71615,21,2,1,0.1954618,1.091648,-0.7773048,-0.08497585,-0.9834719,-0.1468453,0.4632446,0.6439171,0.237971,-0.09120411,0.6392269,0.0746745,0.009957423,1.182044,0.02600829,-0.04843065,-0.9662236,-0.02859796,0.2099574,0.9271451,-0.9020573,0,0,0,0,-0.7071068,0,0,0,0,0,-0.7071068,0,0,0,0,0,-0.7071068,0,0,0,0,0,-0.7071068,0,0,0,0,0,-0.7071068,0
16.73372,21,2,1,0.1974095,1.082312,-0.7791406,-0.08535723,-0.9838443,-0.1433679,0.4631293,0.6438028,0.2380047,-0.09143598,0.6393509,0.07427132,0.01085151,1.181495,0.0244422,-0.04943382,-0.9665136,-0.0256828,0.2108515,0.9178139,-0.9029539,0,0,0,0,-0.7071068,0,0,0,0,0,-0.7071068,0,0,0,0,0,-0.7071068,0,0,0,0,0,-0.7071068,0,0,0,0,0,-0.7071068,0
16.75238,21,2,1,0.1984221,1.077521,-0.7801412,-0.08661342,-0.9839956,-0.1412224,0.4630707,0.6437125,0.2379433,-0.09176568,0.639366,0.07402218,0.01249375,1.180447,0.02117638,-0.051431,-0.9669958,-0.02010089,0.2124937,0.9072435,-0.905381,0,0,0,0,-0.7071068,0,0,0,0,0,-0.7071068,0,0,0,0,0,-0.7071068,0,0,0,0,0,-0.7071068,0,0,0,0,0,-0.7071068,0
16.76991,21,2,1,0.2003272,1.067829,-0.7818755,-0.09086604,-0.9842799,-0.1357493,0.4629516,0.6439705,0.2380873,-0.092166,0.6393131,0.07426865,0.01336068,1.179828,0.01968139,-0.05247646,-0.9672543,-0.01753142,0.2133607,0.896517,-0.9058566,0,0,0,0,-0.7071068,0,0,0,0,0,-0.7071068,0,0,0,0,0,-0.7071068,0,0,0,0,0,-0.7071068,0,0,0,0,0,-0.7071068,0
16.78647,21,2,1,0.2012397,1.063046,-0.7827493,-0.09181441,-0.98453,-0.1329718,0.4628994,0.6440253,0.2381243,-0.09249222,0.6392779,0.07406323,0.01487438,1.178688,0.01673472,-0.05440593,-0.9676826,-0.01188819,0.2148744,0.8859017,-0.9077268,0,0,0,0,-0.7071068,0,0,0,0,0,-0.7071068,0,0,0,0,0,-0.7071068,0,0,0,0,0,-0.7071068,0,0,0,0,0,-0.7071068,0
16.80485,21,2,1,0.2025914,1.052884,-0.7846726,-0.09252031,-0.9851208,-0.1274727,0.4627561,0.6440914,0.2383309,-0.09276377,0.6390644,0.07365752,0.01628206,1.177362,0.01397134,-0.05594573,-0.9681411,-0.005852895,0.2162821,0.8756308,-0.9093661,0,0,0,0,-0.7071068,0,0,0,0,0,-0.7071068,0,0,0,0,0,-0.7071068,0,0,0,0,0,-0.7071068,0,0,0,0,0,-0.7071068,0
16.82053,21,2,1,0.2032501,1.047843,-0.7854453,-0.09385203,-0.9853298,-0.124614,0.4626808,0.6440611,0.2384908,-0.09286813,0.6389859,0.07356866,0.01691553,1.17672,0.01259618,-0.05681882,-0.9683475,-0.002696123,0.2169155,0.8650773,-0.9093727,0,0,0,0,-0.7071068,0,0,0,0,0,-0.7071068,0,0,0,0,0,-0.7071068,0,0,0,0,0,-0.7071068,0,0,0,0,0,-0.7071068,0
16.8379,21,2,1,0.2041822,1.037488,-0.7869946,-0.0956163,-0.9858682,-0.1190306,0.4625981,0.6440629,0.2387134,-0.09301206,0.638738,0.07337808,0.01822078,1.175499,0.01007966,-0.05848411,-0.9686399,0.00322287,0.2182208,0.8554201,-0.9106219,0,0,0,0,-0.7071068,0,0,0,0,0,-0.7071068,0,0,0,0,0,-0.7071068,0,0,0,0,0,-0.7071068,0,0,0,0,0,-0.7071068,0
16.85531,21,2,1,0.2049461,1.027013,-0.7884039,-0.09713974,-0.986343,-0.1134703,0.4624144,0.6441077,0.2388469,-0.09299309,0.6384554,0.07332575,0.01884168,1.174881,0.008874787,-0.05916873,-0.9687476,0.005994461,0.2188417,0.8454667,-0.9103144,0,0,0,0,-0.7071068,0,0,0,0,0,-0.7071068,0,0,0,0,0,-0.7071068,0,0,0,0,0,-0.7071068,0,0,0,0,0,-0.7071068,0
16.87251,21,2,1,0.2053564,1.021515,-0.7890066,-0.09842679,-0.9864787,-0.1106904,0.4623806,0.6441172,0.2388804,-0.09296433,0.6384034,0.07359319,0.0199777,1.173576,0.00661972,-0.06067054,-0.9689215,0.01151848,0.2199777,0.8348303,-0.9109411,0,0,0,0,-0.7071068,0,0,0,0,0,-0.7071068,0,0,0,0,0,-0.7071068,0,0,0,0,0,-0.7071068,0,0,0,0,0,-0.7071068,0
16.88927,21,2,1,0.206159,1.010512,-0.7902821,-0.1008105,-0.9868544,-0.1045551,0.4623155,0.6440629,0.2390306,-0.09273086,0.6381173,0.07374746,0.0205436,1.172949,0.00560678,-0.06119367,-0.9689643,0.01427028,0.2205436,0.8249974,-0.9102328,0,0,0,0,-0.7071068,0,0,0,0,0,-0.7071068,0,0,0,0,0,-0.7071068,0,0,0,0,0,-0.7071068,0,0,0,0,0,-0.7071068,0
16.90835,21,2,1,0.2063568,1.00463,-0.79085,-0.1014571,-0.9871209,-0.1011581,0.4623102,0.6441534,0.2390827,-0.09272189,0.6379879,0.07390405,0.02161679,1.171673,0.003694912,-0.06228423,-0.9689852,0.01967519,0.2216168,0.8147796,-0.9103629,0,0,0,0,-0.7071068,0,0,0,0,0,-0.7071068,0,0,0,0,0,-0.7071068,0,0,0,0,0,-0.7071068,0,0,0,0,0,-0.7071068,0
16.92569,21,2,1,0.2066703,0.9927205,-0.7917854,-0.1030101,-0.9876081,-0.0939769,0.4623061,0.6440983,0.239152,-0.09256692,0.6377958,0.07371822,0.02254222,1.170456,0.002040368,-0.06299344,-0.96899,0.02471717,0.2225422,0.8034019,-0.9098606,0,0,0,0,-0.7071068,0,0,0,0,0,-0.7071068,0,0,0,0,0,-0.7071068,0,0,0,0,0,-0.7071068,0,0,0,0,0,-0.7071068,0
16.94299,21,2,0,0.2066894,0.9865406,-0.7921935,-0.1047614,-0.9877616,-0.09005359,0.4622928,0.6440823,0.239166,-0.09245568,0.6377766,0.07374584,0.02300925,1.169922,0.001268487,-0.06337218,-0.9689386,0.02733788,0.2230092,0.7936602,-0.908555,0,0,0,0,-0.7071068,0,0,0,0,0,-0.7071068,0,0,0,0,0,-0.7071068,0,0,0,0,0,-0.7071068,0,0,0,0,0,-0.7071068,0
16.95996,21,2,0,0.2065114,0.9738398,-0.7929345,-0.1067769,-0.9883564,-0.08089163,0.4624288,0.6441244,0.2391141,-0.09251393,0.6380029,0.07350385,0.02397504,1.168826,-0.0001815408,-0.06402743,-0.9688407,0.03239741,0.223975,0.7834083,-0.9078228,0,0,0,0,-0.7071068,0,0,0,0,0,-0.7071068,0,0,0,0,0,-0.7071068,0,0,0,0,0,-0.7071068,0,0,0,0,0,-0.7071068,0
16.97682,21,2,1,0.2060268,0.9613541,-0.793413,-0.1054116,-0.9892482,-0.07177351,0.4625454,0.644128,0.2389487,-0.09270473,0.638025,0.07305104,0.02427004,1.16827,-0.0008747261,-0.06449431,-0.9687402,0.03485843,0.22427,0.7738954,-0.9062676,0,0,0,0,-0.7071068,0,0,0,0,0,-0.7071068,0,0,0,0,0,-0.7071068,0,0,0,0,0,-0.7071068,0,0,0,0,0,-0.7071068,0
16.99404,21,2,0,0.2058906,0.9551238,-0.7936937,-0.1060461,-0.9894648,-0.06762244,0.4625713,0.6441482,0.2389022,-0.09277732,0.6381507,0.07290571,0.02500677,1.167259,-0.00210687,-0.06552386,-0.9684047,0.0392458,0.2250068,0.7640103,-0.9051607,0,0,0,0,-0.7071068,0,0,0,0,0,-0.7071068,0,0,0,0,0,-0.7071068,0,0,0,0,0,-0.7071068,0,0,0,0,0,-0.7071068,0
17.01187,21,2,1,0.2059504,0.9429451,-0.7938155,-0.1097019,-0.9894109,-0.06087022,0.4626237,0.6441557,0.2388341,-0.0927804,0.6383927,0.07243672,0.02533858,1.166787,-0.002663527,-0.06582915,-0.9682124,0.04130667,0.2253386,0.7545037,-0.9032204,0,0,0,0,-0.7071068,0,0,0,0,0,-0.7071068,0,0,0,0,0,-0.7071068,0,0,0,0,0,-0.7071068,0,0,0,0,0,-0.7071068,0
17.03112,21,2,0,0.205964,0.9368765,-0.7938751,-0.1114854,-0.989398,-0.05753346,0.4626737,0.6441028,0.2388086,-0.09257598,0.6385338,0.0722609,0.02597887,1.165962,-0.003695222,-0.06602785,-0.9678098,0.04512137,0.2259789,0.7443592,-0.9015536,0,0,0,0,-0.7071068,0,0,0,0,0,-0.7071068,0,0,0,0,0,-0.7071068,0,0,0,0,0,-0.7071068,0,0,0,0,0,-0.7071068,0
17.04794,21,2,0,0.2057628,0.9247468,-0.7937554,-0.1136517,-0.9895462,-0.04989392,0.462812,0.6439825,0.2387569,-0.09226479,0.638662,0.07198862,0.02662761,1.165233,-0.004605761,-0.06590789,-0.9675201,0.04867712,0.2266276,0.733604,-0.8994198,0,0,0,0,-0.7071068,0,0,0,0,0,-0.7071068,0,0,0,0,0,-0.7071068,0,0,0,0,0,-0.7071068,0,0,0,0,0,-0.7071068,0
17.06716,21,2,1,0.2055828,0.9128017,-0.7935103,-0.1146378,-0.9897383,-0.04274566,0.4628401,0.6438855,0.238695,-0.09224728,0.6387554,0.07184365,0.02689677,1.164852,-0.005053356,-0.06574175,-0.9674108,0.05033608,0.2268968,0.7244955,-0.8970971,0,0,0,0,-0.7071068,0,0,0,0,0,-0.7071068,0,0,0,0,0,-0.7071068,0,0,0,0,0,-0.7071068,0,0,0,0,0,-0.7071068,0
17.08382,21,2,0,0.2055705,0.9068031,-0.7932643,-0.1158719,-0.9897164,-0.03891781,0.4628377,0.6438136,0.2386471,-0.09218152,0.6388927,0.07169624,0.02728745,1.16411,-0.005875304,-0.06594762,-0.9671832,0.05343703,0.2272875,0.713823,-0.8946285,0,0,0,0,-0.7071068,0,0,0,0,0,-0.7071068,0,0,0,0,0,-0.7071068,0,0,0,0,0,-0.7071068,0,0,0,0,0,-0.7071068,0
17.10055,21,2,0,0.2056623,0.8950293,-0.7924711,-0.1170539,-0.9897465,-0.03163588,0.4628527,0.6437925,0.2387135,-0.09219218,0.6388811,0.07155832,0.02741094,1.163826,-0.006250571,-0.0664442,-0.967065,0.05477272,0.2274109,0.7049659,-0.8920437,0,0,0,0,-0.7071068,0,0,0,0,0,-0.7071068,0,0,0,0,0,-0.7071068,0,0,0,0,0,-0.7071068,0,0,0,0,0,-0.7071068,0
17.11704,21,2,0,0.2056352,0.889048,-0.7920152,-0.1168043,-0.9898237,-0.0278935,0.4628378,0.6437393,0.2387634,-0.09216415,0.6388708,0.07155486,0.02769037,1.16325,-0.006922347,-0.06756786,-0.9668983,0.05716601,0.2276904,0.6958199,-0.8896441,0,0,0,0,-0.7071068,0,0,0,0,0,-0.7071068,0,0,0,0,0,-0.7071068,0,0,0,0,0,-0.7071068,0,0,0,0,0,-0.7071068,0
17.13488,21,2,0,0.2059177,0.8771335,-0.7911311,-0.119696,-0.9894833,-0.02064266,0.4628339,0.6437551,0.2387942,-0.0922101,0.6388592,0.07137215,0.02774041,1.162962,-0.007201547,-0.06818077,-0.9668181,0.05845265,0.2277404,0.6871215,-0.8867987,0,0,0,0,-0.7071068,0,0,0,0,0,-0.7071068,0,0,0,0,0,-0.7071068,0,0,0,0,0,-0.7071068,0,0,0,0,0,-0.7071068,0
17.15248,21,2,0,0.2060739,0.8712198,-0.7907292,-0.1219443,-0.9892101,-0.01702784,0.4628349,0.643711,0.2388388,-0.0921853,0.6388165,0.07127739,0.02777251,1.162323,-0.007607043,-0.06911125,-0.9666994,0.06140016,0.2277725,0.6774197,-0.883713,0,0,0,0,-0.7071068,0,0,0,0,0,-0.7071068,0,0,0,0,0,-0.7071068,0,0,0,0,0,-0.7071068,0,0,0,0,0,-0.7071068,0
17.16963,21,2,0,0.2064222,0.8597573,-0.7901002,-0.1257315,-0.9887081,-0.01057854,0.4628098,0.6437505,0.2388667,-0.09234789,0.6387365,0.07129793,0.02768295,1.161979,-0.007725293,-0.06950102,-0.9666655,0.06319665,0.2276829,0.6681795,-0.8802777,0,0,0,0,-0.7071068,0,0,0,0,0,-0.7071068,0,0,0,0,0,-0.7071068,0,0,0,0,0,-0.7071068,0,0,0,0,0,-0.7071068,0
17.18709,21,2,0,0.2066418,0.8542582,-0.7900277,-0.1262314,-0.988544,-0.008556891,0.4627806,0.6437773,0.2388929,-0.09244496,0.6386777,0.0711942,0.02739048,1.161165,-0.008037584,-0.07151362,-0.966472,0.06650707,0.2273905,0.6587422,-0.8770231,0,0,0,0,-0.7071068,0,0,0,0,0,-0.7071068,0,0,0,0,0,-0.7071068,0,0,0,0,0,-0.7071068,0,0,0,0,0,-0.7071068,0
17.20572,21,2,0,0.207034,0.8430496,-0.7892827,-0.1303857,-0.9877598,-0.004347011,0.462777,0.6438041,0.2389211,-0.0926189,0.6386458,0.07090203,0.02686135,1.160362,-0.008319307,-0.07477345,-0.9661568,0.07025864,0.2268614,0.6492,-0.8735663,0,0,0,0,-0.7071068,0,0,0,0,0,-0.7071068,0,0,0,0,0,-0.7071068,0,0,0,0,0,-0.7071068,0,0,0,0,0,-0.7071068,0
17.22453,21,2,0,0.2070703,0.8316693,-0.7885357,-0.1384494,-0.9863971,-0.0001619309,0.4627309,0.6438558,0.2388599,-0.09274761,0.6387172,0.07034913,0.02652247,1.159989,-0.0083826,-0.07563818,-0.9661205,0.07212274,0.2265225,0.6395566,-0.8695245,0,0,0,0,-0.7071068,0,0,0,0,0,-0.7071068,0,0,0,0,0,-0.7071068,0,0,0,0,0,-0.7071068,0,0,0,0,0,-0.7071068,0
17.24344,21,2,0,0.2066882,0.8259299,-0.7881693,-0.1430036,-0.985827,0.002199896,0.4627865,0.6437808,0.2388133,-0.09260963,0.6389157,0.06985538,0.02613578,1.159393,-0.008705255,-0.07489757,-0.966432,0.07539329,0.2261358,0.6296557,-0.865581,0,0,0,0,-0.7071068,0,0,0,0,0,-0.7071068,0,0,0,0,0,-0.7071068,0,0,0,0,0,-0.7071068,0,0,0,0,0,-0.7071068,0
17.26074,21,2,0,0.2057591,0.8147798,-0.7876631,-0.1469889,-0.9854559,0.008068576,0.4630169,0.6436067,0.238592,-0.09217087,0.6395262,0.06913092,0.02606021,1.159022,-0.009326473,-0.07282276,-0.9670279,0.07744185,0.2260602,0.6199842,-0.8617886,0,0,0,0,-0.7071068,0,0,0,0,0,-0.7071068,0,0,0,0,0,-0.7071068,0,0,0,0,0,-0.7071068,0,0,0,0,0,-0.7071068,0
17.27798,21,2,0,0.2049862,0.8036168,-0.7870125,-0.1481616,-0.985385,0.01435187,0.4629522,0.6435708,0.2384363,-0.09209077,0.6396838,0.06929007,0.02612263,1.158887,-0.009707432,-0.07192116,-0.9673465,0.07827456,0.2261226,0.6113942,-0.8580261,0,0,0,0,-0.7071068,0,0,0,0,0,-0.7071068,0,0,0,0,0,-0.7071068,0,0,0,0,0,-0.7071068,0,0,0,0,0,-0.7071068,0
17.29506,21,2,0,0.204857,0.7980639,-0.7865227,-0.1481012,-0.985333,0.01737753,0.4627936,0.6435708,0.2384702,-0.09221958,0.6395736,0.06972814,0.02632552,1.158411,-0.0104189,-0.07129364,-0.9678565,0.08066353,0.2263255,0.6025447,-0.8545076,0,0,0,0,-0.7071068,0,0,0,0,0,-0.7071068,0,0,0,0,0,-0.7071068,0,0,0,0,0,-0.7071068,0,0,0,0,0,-0.7071068,0
17.31221,21,2,0,0.2049753,0.7866901,-0.7852601,-0.1513566,-0.984599,0.02342995,0.4626708,0.6436316,0.2385806,-0.09221054,0.6390792,0.07062376,0.02641544,1.158008,-0.01077379,-0.07150111,-0.9680464,0.08208978,0.2264154,0.5938969,-0.850573,0,0,0,0,-0.7071068,0,0,0,0,0,-0.7071068,0,0,0,0,0,-0.7071068,0,0,0,0,0,-0.7071068,0,0,0,0,0,-0.7071068,0
17.32882,21,2,0,0.2050644,0.7809279,-0.7848097,-0.1531118,-0.9842108,0.02654865,0.4625637,0.6437224,0.2387098,-0.09220712,0.6388352,0.0711133,0.02690343,1.157235,-0.01157393,-0.07181956,-0.9685031,0.08483855,0.2269034,0.5848917,-0.8469649,0,0,0,0,-0.7071068,0,0,0,0,0,-0.7071068,0,0,0,0,0,-0.7071068,0,0,0,0,0,-0.7071068,0,0,0,0,0,-0.7071068,0
17.34634,21,2,0,0.2052224,0.7696364,-0.7832946,-0.1546971,-0.9836885,0.03214924,0.462423,0.6438235,0.2389149,-0.09230594,0.6382911,0.0720408,0.0272693,1.156798,-0.01201159,-0.07198268,-0.9687896,0.08638796,0.2272693,0.5765385,-0.8430421,0,0,0,0,-0.7071068,0,0,0,0,0,-0.7071068,0,0,0,0,0,-0.7071068,0,0,0,0,0,-0.7071068,0,0,0,0,0,-0.7071068,0
17.3637,21,2,0,0.2052971,0.7640451,-0.7824763,-0.1551604,-0.9834773,0.03421775,0.4624118,0.6438147,0.2390916,-0.09208211,0.6380177,0.07229166,0.02818087,1.155744,-0.01295907,-0.07272607,-0.9692959,0.08948106,0.2281809,0.5671884,-0.8392907,0,0,0,0,-0.7071068,0,0,0,0,0,-0.7071068,0,0,0,0,0,-0.7071068,0,0,0,0,0,-0.7071068,0,0,0,0,0,-0.7071068,0
17.38234,21,2,0,0.2052453,0.7525501,-0.7806004,-0.1583531,-0.9826253,0.03871573,0.4622984,0.6438558,0.2394093,-0.09129053,0.6376781,0.07324477,0.02873873,1.155146,-0.01345636,-0.07332994,-0.9694685,0.09139097,0.2287387,0.5584273,-0.8350325,0,0,0,0,-0.7071068,0,0,0,0,0,-0.7071068,0,0,0,0,0,-0.7071068,0,0,0,0,0,-0.7071068,0,0,0,0,0,-0.7071068,0
17.40029,21,2,0,0.2048358,0.7408403,-0.7785357,-0.1648315,-0.9812702,0.04434849,0.4624018,0.6437881,0.2396737,-0.09062529,0.6372846,0.07382831,0.030084,1.154012,-0.01452434,-0.07454071,-0.9697247,0.09525562,0.230084,0.5485925,-0.8308837,0,0,0,0,-0.7071068,0,0,0,0,0,-0.7071068,0,0,0,0,0,-0.7071068,0,0,0,0,0,-0.7071068,0,0,0,0,0,-0.7071068,0
17.41718,21,2,0,0.2046525,0.7348267,-0.777635,-0.1674234,-0.9806854,0.04751667,0.4624158,0.643702,0.2397732,-0.09030329,0.6372157,0.07391219,0.03165995,1.152823,-0.01563593,-0.07661655,-0.9697644,0.09905129,0.2316599,0.5390858,-0.8268634,0,0,0,0,-0.7071068,0,0,0,0,0,-0.7071068,0,0,0,0,0,-0.7071068,0,0,0,0,0,-0.7071068,0,0,0,0,0,-0.7071068,0
17.43494,21,2,0,0.2042363,0.723081,-0.7753776,-0.1684571,-0.9801639,0.05397099,0.4624299,0.6436073,0.2398783,-0.08950835,0.6373994,0.07433721,0.03252336,1.152151,-0.01620333,-0.07785532,-0.969736,0.1009268,0.2325234,0.5306517,-0.8225101,0,0,0,0,-0.7071068,0,0,0,0,0,-0.7071068,0,0,0,0,0,-0.7071068,0,0,0,0,0,-0.7071068,0,0,0,0,0,-0.7071068,0
17.45215,21,2,0,0.2042703,0.7172874,-0.7739819,-0.1688779,-0.9798194,0.05665035,0.4625103,0.643577,0.2398218,-0.08901119,0.6377081,0.07465768,0.0342039,1.150796,-0.01730995,-0.08018533,-0.9695584,0.1052893,0.2342039,0.5211934,-0.8183412,0,0,0,0,-0.7071068,0,0,0,0,0,-0.7071068,0,0,0,0,0,-0.7071068,0,0,0,0,0,-0.7071068,0,0,0,0,0,-0.7071068,0
17.46952,21,2,0,0.2039918,0.7056686,-0.7711774,-0.1717097,-0.9787456,0.06236031,0.4624894,0.64355,0.2399134,-0.0886125,0.6377923,0.07509077,0.03505422,1.150099,-0.0178784,-0.08124266,-0.9694427,0.1076979,0.2350542,0.5127096,-0.8137037,0,0,0,0,-0.7071068,0,0,0,0,0,-0.7071068,0,0,0,0,0,-0.7071068,0,0,0,0,0,-0.7071068,0,0,0,0,0,-0.7071068,0
17.48557,21,2,0,0.2036559,0.6999271,-0.7695967,-0.1727586,-0.9782639,0.0652426,0.4625151,0.6435952,0.2400642,-0.08842953,0.6377773,0.07529349,0.03693061,1.148991,-0.01924663,-0.08288921,-0.9691647,0.1122011,0.2369306,0.5038084,-0.8097246,0,0,0,0,-0.7071068,0,0,0,0,0,-0.7071068,0,0,0,0,0,-0.7071068,0,0,0,0,0,-0.7071068,0,0,0,0,0,-0.7071068,0
17.50363,21,2,0,0.2027759,0.6884853,-0.7665879,-0.1757788,-0.9771613,0.07153403,0.4624523,0.6436768,0.2402501,-0.08831836,0.6377084,0.0755715,0.03791992,1.148514,-0.0198582,-0.08343225,-0.9689823,0.1143484,0.2379199,0.4961865,-0.8053104,0,0,0,0,-0.7071068,0,0,0,0,0,-0.7071068,0,0,0,0,0,-0.7071068,0,0,0,0,0,-0.7071068,0,0,0,0,0,-0.7071068,0
17.52259,21,2,0,0.2014007,0.6772549,-0.7638699,-0.1798013,-0.9759351,0.07906553,0.4622906,0.6435599,0.2403865,-0.08825442,0.6377864,0.07568771,0.03983223,1.147376,-0.0211473,-0.08449686,-0.9686282,0.1184905,0.2398322,0.4870753,-0.8008481,0,0,0,0,-0.7071068,0,0,0,0,0,-0.7071068,0,0,0,0,0,-0.7071068,0,0,0,0,0,-0.7071068,0,0,0,0,0,-0.7071068,0
17.54083,21,2,0,0.2006008,0.6718897,-0.762462,-0.1815069,-0.9753717,0.08310136,0.4623012,0.6436461,0.2403766,-0.0880637,0.6378438,0.07593013,0.04160966,1.146088,-0.02235006,-0.08664737,-0.9680473,0.1225617,0.2416097,0.4774963,-0.7959059,0,0,0,0,-0.7071068,0,0,0,0,0,-0.7071068,0,0,0,0,0,-0.7071068,0,0,0,0,0,-0.7071068,0,0,0,0,0,-0.7071068,0
17.55824,21,2,0,0.199475,0.6614848,-0.7596101,-0.1835883,-0.9745069,0.08993568,0.4623603,0.6435214,0.2404046,-0.08780994,0.6381137,0.07574534,0.0425371,1.145468,-0.02295362,-0.08788397,-0.9677242,0.1245257,0.2425371,0.4689796,-0.7904963,0,0,0,0,-0.7071068,0,0,0,0,0,-0.7071068,0,0,0,0,0,-0.7071068,0,0,0,0,0,-0.7071068,0,0,0,0,0,-0.7071068,0
17.57573,21,2,0,0.1990053,0.6567662,-0.7581037,-0.1833606,-0.9743268,0.09281334,0.4623587,0.6434948,0.2404141,-0.08761808,0.6382524,0.07583466,0.04527465,1.143535,-0.02479981,-0.09116781,-0.9666625,0.1309939,0.2452747,0.4595802,-0.7865085,0,0,0,0,-0.7071068,0,0,0,0,0,-0.7071068,0,0,0,0,0,-0.7071068,0,0,0,0,0,-0.7071068,0,0,0,0,0,-0.7071068,0
17.59884,21,2,1,0.1979389,0.6385667,-0.7518626,-0.1834877,-0.9731437,0.1035844,0.4623757,0.6434443,0.2405718,-0.08708516,0.6384966,0.07555355,0.04879003,1.140994,-0.02710395,-0.09454787,-0.9650918,0.1398161,0.24879,0.4496107,-0.782862,0,0,0,0,-0.7071068,0,0,0,0,0,-0.7071068,0,0,0,0,0,-0.7071068,0,0,0,0,0,-0.7071068,0,0,0,0,0,-0.7071068,0
17.62127,21,2,0,0.1980899,0.6302595,-0.7489119,-0.1859384,-0.9719176,0.1084759,0.4622957,0.6434896,0.2405312,-0.08680825,0.6385528,0.07544456,0.05051193,1.139889,-0.02836193,-0.09563214,-0.9642133,0.1432776,0.2505119,0.4387994,-0.7761154,0,0,0,0,-0.7071068,0,0,0,0,0,-0.7071068,0,0,0,0,0,-0.7071068,0,0,0,0,0,-0.7071068,0,0,0,0,0,-0.7071068,0
17.64345,21,2,0,0.1984511,0.6231108,-0.7458212,-0.1868558,-0.9711581,0.1122925,0.4621772,0.6435378,0.2405259,-0.08708078,0.638626,0.07528219,0.05197602,1.13865,-0.02945976,-0.09667958,-0.963234,0.1475961,0.251976,0.4282707,-0.7693012,0,0,0,0,-0.7071068,0,0,0,0,0,-0.7071068,0,0,0,0,0,-0.7071068,0,0,0,0,0,-0.7071068,0,0,0,0,0,-0.7071068,0
17.66557,21,2,0,0.1986187,0.6160579,-0.7427433,-0.1833912,-0.9713601,0.1160947,0.4621412,0.6435689,0.2405659,-0.08732822,0.6387227,0.07524141,0.05326647,1.137153,-0.0304873,-0.09810843,-0.9620748,0.1530034,0.2532665,0.4177052,-0.762358,0,0,0,0,-0.7071068,0,0,0,0,0,-0.7071068,0,0,0,0,0,-0.7071068,0,0,0,0,0,-0.7071068,0,0,0,0,0,-0.7071068,0
17.68769,21,2,0,0.1992134,0.6091889,-0.7394252,-0.1819107,-0.9710734,0.1193077,0.4622451,0.6434355,0.2405014,-0.08729921,0.6390532,0.07484923,0.05411538,1.135185,-0.03075551,-0.09969115,-0.9607879,0.1583012,0.2541154,0.4068185,-0.7545406,0,0,0,0,-0.7071068,0,0,0,0,0,-0.7071068,0,0,0,0,0,-0.7071068,0,0,0,0,0,-0.7071068,0,0,0,0,0,-0.7071068,0
17.71037,21,2,0,0.2002197,0.6024921,-0.7359152,-0.1811565,-0.9706298,0.1223355,0.4622521,0.6433032,0.2404028,-0.08732527,0.6392024,0.0747112,0.0555361,1.133684,-0.03171799,-0.1009176,-0.9593791,0.1631574,0.2555361,0.3965234,-0.7472786,0,0,0,0,-0.7071068,0,0,0,0,0,-0.7071068,0,0,0,0,0,-0.7071068,0,0,0,0,0,-0.7071068,0,0,0,0,0,-0.7071068,0
17.73215,21,2,0,0.20094,0.5955802,-0.7319882,-0.1765511,-0.9708859,0.1268087,0.4623257,0.6433601,0.2403854,-0.08723404,0.6389815,0.0747733,0.0569712,1.132087,-0.03256605,-0.1022349,-0.9577845,0.1684559,0.2569712,0.3860443,-0.7395558,0,0,0,0,-0.7071068,0,0,0,0,0,-0.7071068,0,0,0,0,0,-0.7071068,0,0,0,0,0,-0.7071068,0,0,0,0,0,-0.7071068,0
17.75434,21,2,0,0.2020387,0.58803,-0.7283969,-0.1738352,-0.9702667,0.1324137,0.4623056,0.6433883,0.2404707,-0.08711462,0.6387764,0.07506856,0.05825008,1.130454,-0.03354086,-0.1023969,-0.9560516,0.1742406,0.2582501,0.376011,-0.7321694,0,0,0,0,-0.7071068,0,0,0,0,0,-0.7071068,0,0,0,0,0,-0.7071068,0,0,0,0,0,-0.7071068,0,0,0,0,0,-0.7071068,0
17.77674,21,2,0,0.2034423,0.5802957,-0.7242846,-0.1766893,-0.9685432,0.1372399,0.4621255,0.6434226,0.2402733,-0.0871143,0.638817,0.07504353,0.05951215,1.128618,-0.03462026,-0.1020975,-0.9544079,0.1803327,0.2595122,0.3657462,-0.7245973,0,0,0,0,-0.7071068,0,0,0,0,0,-0.7071068,0,0,0,0,0,-0.7071068,0,0,0,0,0,-0.7071068,0,0,0,0,0,-0.7071068,0
17.7989,21,2,0,0.2040581,0.5725789,-0.72019,-0.1785655,-0.9674103,0.1424923,0.4619339,0.6434041,0.2400895,-0.08730766,0.6389093,0.074984,0.06049085,1.126709,-0.03567058,-0.1021625,-0.9527805,0.1872027,0.2604909,0.3554664,-0.7167849,0,0,0,0,-0.7071068,0,0,0,0,0,-0.7071068,0,0,0,0,0,-0.7071068,0,0,0,0,0,-0.7071068,0,0,0,0,0,-0.7071068,0
17.82102,21,2,0,0.2045967,0.5654762,-0.7162547,-0.1756037,-0.9673032,0.1474901,0.4619694,0.6434743,0.2401309,-0.08764575,0.6388913,0.0748464,0.06120463,1.124943,-0.03662941,-0.103073,-0.9511541,0.1946028,0.2612046,0.345556,-0.708847,0,0,0,0,-0.7071068,0,0,0,0,0,-0.7071068,0,0,0,0,0,-0.7071068,0,0,0,0,0,-0.7071068,0,0,0,0,0,-0.7071068,0
17.84331,21,2,0,0.2059419,0.5582625,-0.7116945,-0.1760097,-0.9664562,0.1510912,0.46195,0.6435635,0.2400369,-0.08805989,0.6389977,0.07449964,0.06198272,1.123181,-0.0375957,-0.1043362,-0.9495365,0.2015503,0.2619827,0.3358048,-0.7008098,0,0,0,0,-0.7071068,0,0,0,0,0,-0.7071068,0,0,0,0,0,-0.7071068,0,0,0,0,0,-0.7071068,0,0,0,0,0,-0.7071068,0
17.86535,21,2,0,0.2074411,0.5504736,-0.7066119,-0.1784188,-0.9648983,0.1557682,0.4619637,0.6436819,0.2400859,-0.08827159,0.6390318,0.07444473,0.06296982,1.121363,-0.03859514,-0.1044415,-0.9479586,0.207198,0.2629698,0.3260756,-0.6926122,0,0,0,0,-0.7071068,0,0,0,0,0,-0.7071068,0,0,0,0,0,-0.7071068,0,0,0,0,0,-0.7071068,0,0,0,0,0,-0.7071068,0
17.88761,21,2,0,0.2091642,0.5421542,-0.7011313,-0.1797939,-0.963431,0.1617535,0.4620728,0.643616,0.2400938,-0.08808284,0.6389571,0.07449733,0.06402683,1.120059,-0.03931414,-0.1056545,-0.9458003,0.2139755,0.2640268,0.3170916,-0.684117,0,0,0,0,-0.7071068,0,0,0,0,0,-0.7071068,0,0,0,0,0,-0.7071068,0,0,0,0,0,-0.7071068,0,0,0,0,0,-0.7071068,0
17.91015,21,2,0,0.21089,0.5338063,-0.6954701,-0.1777318,-0.9624845,0.1688894,0.4620948,0.6435461,0.2403832,-0.0874819,0.6388971,0.07457472,0.06509335,1.118675,-0.03988393,-0.1060313,-0.9440768,0.2190933,0.2650934,0.308094,-0.6752613,0,0,0,0,-0.7071068,0,0,0,0,0,-0.7071068,0,0,0,0,0,-0.7071068,0,0,0,0,0,-0.7071068,0,0,0,0,0,-0.7071068,0
17.93207,21,2,0,0.213199,0.5254911,-0.689208,-0.1746611,-0.9613768,0.1763215,0.4621408,0.6434679,0.2403753,-0.08700231,0.6389956,0.07435758,0.06492592,1.117013,-0.04009146,-0.1065757,-0.9423072,0.2240064,0.2649259,0.2988711,-0.6658026,0,0,0,0,-0.7071068,0,0,0,0,0,-0.7071068,0,0,0,0,0,-0.7071068,0,0,0,0,0,-0.7071068,0,0,0,0,0,-0.7071068,0
17.95433,21,2,0,0.2164068,0.5171553,-0.6827092,-0.1753961,-0.9590622,0.183036,0.4622016,0.6434927,0.2402768,-0.08700448,0.6394138,0.07380732,0.06612007,1.116254,-0.04071983,-0.1076833,-0.940708,0.2274671,0.2661201,0.2909113,-0.6569247,0,0,0,0,-0.7071068,0,0,0,0,0,-0.7071068,0,0,0,0,0,-0.7071068,0,0,0,0,0,-0.7071068,0,0,0,0,0,-0.7071068,0
17.97681,21,2,0,0.2193441,0.508908,-0.6762357,-0.1748759,-0.9572223,0.1900323,0.4623349,0.643394,0.2401703,-0.08718732,0.6398573,0.0731487,0.06713936,1.115388,-0.04090393,-0.1084903,-0.9392173,0.2307756,0.2671394,0.2828802,-0.6473398,0,0,0,0,-0.7071068,0,0,0,0,0,-0.7071068,0,0,0,0,0,-0.7071068,0,0,0,0,0,-0.7071068,0,0,0,0,0,-0.7071068,0
17.99884,21,2,0,0.2220977,0.5011287,-0.6696556,-0.171495,-0.9566331,0.1954289,0.4623404,0.6434329,0.2399805,-0.08744627,0.6400768,0.072807,0.06822816,1.114419,-0.04090116,0.109259,0.9375703,-0.2344244,0.2682282,0.274828,-0.6373575,0,0,0,0,-0.7071068,0,0,0,0,0,-0.7071068,0,0,0,0,0,-0.7071068,0,0,0,0,0,-0.7071068,0,0,0,0,0,-0.7071068,0
18.02123,21,2,0,0.2249527,0.4932926,-0.6623058,-0.1669693,-0.9561164,0.2006742,0.4622728,0.6433599,0.2399019,-0.08784048,0.6400282,0.0725773,0.06964153,1.113926,-0.04128706,0.1099805,0.9358182,-0.2378461,0.2696415,0.2675493,-0.6278611,0,0,0,0,-0.7071068,0,0,0,0,0,-0.7071068,0,0,0,0,0,-0.7071068,0,0,0,0,0,-0.7071068,0,0,0,0,0,-0.7071068,0
18.04315,21,2,0,0.2282089,0.4844859,-0.6540499,-0.1626991,-0.9548514,0.207434,0.4621551,0.6434412,0.2398673,-0.08836424,0.6400062,0.07247258,0.07060856,1.113044,-0.04112095,0.1108678,0.9341079,-0.2408048,0.2706085,0.2599251,-0.617543,0,0,0,0,-0.7071068,0,0,0,0,0,-0.7071068,0,0,0,0,0,-0.7071068,0,0,0,0,0,-0.7071068,0,0,0,0,0,-0.7071068,0
18.06541,21,2,0,0.2313685,0.4750121,-0.6451883,-0.1596282,-0.9527684,0.2165296,0.4619197,0.6436834,0.2397055,-0.08886905,0.6400983,0.07291001,0.07151759,1.112384,-0.04114057,0.1121936,0.9321234,-0.243902,0.2715176,0.2528193,-0.6075225,0,0,0,0,-0.7071068,0,0,0,0,0,-0.7071068,0,0,0,0,0,-0.7071068,0,0,0,0,0,-0.7071068,0,0,0,0,0,-0.7071068,0
18.08761,21,2,0,0.2346326,0.4644219,-0.634995,-0.1613953,-0.9483471,0.2280661,0.4621051,0.6436703,0.2397102,-0.08913309,0.639789,0.07336474,0.0724249,1.111754,-0.04113746,0.1135985,0.9302271,-0.2464026,0.2724249,0.2458004,-0.5972239,0,0,0,0,-0.7071068,0,0,0,0,0,-0.7071068,0,0,0,0,0,-0.7071068,0,0,0,0,0,-0.7071068,0,0,0,0,0,-0.7071068,0
18.11043,21,2,0,0.238041,0.4544899,-0.6250701,-0.163778,-0.9440322,0.2374337,0.4620058,0.6437937,0.2398671,-0.08927609,0.6395584,0.07340413,0.07301523,1.111108,-0.04092208,0.1138856,0.9285603,-0.2487965,0.2730152,0.2389461,-0.5866467,0,0,0,0,-0.7071068,0,0,0,0,0,-0.7071068,0,0,0,0,0,-0.7071068,0,0,0,0,0,-0.7071068,0,0,0,0,0,-0.7071068,0
18.132,21,3,0,0.2408405,0.4448123,-0.6153107,-0.1668167,-0.9401875,0.2448827,0.4619752,0.6437856,0.2399313,-0.08950197,0.6395406,0.0727975,0.07358028,1.110507,-0.04060519,0.1129425,0.9272007,-0.2519374,0.2735803,0.232127,-0.5755737,0,0,0,0,-0.7071068,0,0,0,0,0,-0.7071068,0,0,0,0,0,-0.7071068,0,0,0,0,0,-0.7071068,0,0,0,0,0,-0.7071068,0
18.15418,21,3,0,0.2429584,0.435756,-0.6057642,-0.1676508,-0.9375432,0.2515001,0.4618997,0.6438334,0.2401107,-0.0894718,0.6394951,0.07283169,0.07413891,1.11002,-0.0402844,0.1128136,0.9256746,-0.2547513,0.2741389,0.2347275,-0.5806429,0,0,0,0,-0.7071068,0,0,0,0,0,-0.7071068,0,0,0,0,0,-0.7071068,0,0,0,0,0,-0.7071068,0,0,0,0,0,-0.7071068,0
18.17726,21,3,1,0.2448784,0.4267762,-0.5958492,-0.1675514,-0.9350864,0.2582123,0.4617502,0.6440201,0.2402043,-0.0894483,0.6391141,0.07305174,0.0747678,1.109524,-0.03993057,0.112994,0.9239793,-0.2575853,0.2747678,0.2403528,-0.5906917,0,0,0,0,-0.7071068,0,0,0,0,0,-0.7071068,0,0,0,0,0,-0.7071068,0,0,0,0,0,-0.7071068,0,0,0,0,0,-0.7071068,0
18.19864,21,3,1,0.2466591,0.4176078,-0.5857444,-0.1678831,-0.9320362,0.2660591,0.4615277,0.6439176,0.2405652,-0.08922847,0.638674,0.07338753,0.07535875,1.108905,-0.03964411,0.1124157,0.9225801,-0.2588032,0.2753587,0.2462761,-0.601133,0,0,0,0,-0.7071068,0,0,0,0,0,-0.7071068,0,0,0,0,0,-0.7071068,0,0,0,0,0,-0.7071068,0,0,0,0,0,-0.7071068,0
18.22102,21,3,1,0.2485449,0.4077773,-0.5747161,-0.1706892,-0.9273412,0.2754328,0.4613251,0.6437762,0.2408082,-0.08899987,0.6383359,0.07353014,0.07614359,1.108888,-0.0391537,0.1133317,0.9211013,-0.2612635,0.2761436,0.2524707,-0.6104804,0,0,0,0,-0.7071068,0,0,0,0,0,-0.7071068,0,0,0,0,0,-0.7071068,0,0,0,0,0,-0.7071068,0,0,0,0,0,-0.7071068,0
18.24324,21,3,1,0.2499197,0.3977814,-0.5635507,-0.1799245,-0.9210636,0.2843609,0.4613055,0.6437669,0.2410145,-0.08877601,0.637929,0.07377079,0.07691349,1.108683,-0.03868268,0.1125729,0.9200056,-0.2617224,0.2769135,0.258925,-0.6202078,0,0,0,0,-0.7071068,0,0,0,0,0,-0.7071068,0,0,0,0,0,-0.7071068,0,0,0,0,0,-0.7071068,0,0,0,0,0,-0.7071068,0
18.26524,21,3,1,0.2506581,0.3888106,-0.5534943,-0.187879,-0.9170398,0.2895678,0.4613003,0.6436342,0.2411235,-0.08880831,0.6377624,0.07379614,0.07771574,1.108683,-0.03812987,0.1112925,0.9190017,-0.2626323,0.2777157,0.2656937,-0.6296784,0,0,0,0,-0.7071068,0,0,0,0,0,-0.7071068,0,0,0,0,0,-0.7071068,0,0,0,0,0,-0.7071068,0,0,0,0,0,-0.7071068,0
18.28764,21,3,1,0.25088,0.3804214,-0.5444641,-0.1907582,-0.9142253,0.2952169,0.4612568,0.6437556,0.241058,-0.08885322,0.6380445,0.07407112,0.07830511,1.108849,-0.03763572,0.1108256,0.9184682,-0.2629324,0.2783051,0.2727121,-0.6390006,0,0,0,0,-0.7071068,0,0,0,0,0,-0.7071068,0,0,0,0,0,-0.7071068,0,0,0,0,0,-0.7071068,0,0,0,0,0,-0.7071068,0
18.30977,22,3,1,0.251309,0.3723311,-0.5353848,-0.192227,-0.9114144,0.3007469,0.4612391,0.6437119,0.240903,-0.08889963,0.6383734,0.07402708,0.07851768,1.109022,-0.03736652,0.1112628,0.9185004,-0.2620606,0.2785177,0.2800189,-0.6486207,0,0,0,0,-0.7071068,0,0,0,0,0,-0.7071068,0,0,0,0,0,-0.7071068,0,0,0,0,0,-0.7071068,0,0,0,0,0,-0.7071068,0
18.33204,22,3,1,0.2515353,0.3694813,-0.5315943,-0.1910026,-0.9114892,0.3001437,0.4612524,0.6436239,0.2409787,-0.08893953,0.6385331,0.07388178,0.07882586,1.109078,-0.03704038,0.1116463,0.9183128,-0.2615851,0.2788259,0.2872719,-0.6579515,0,0,0,0,-0.7071068,0,0,0,0,0,-0.7071068,0,0,0,0,0,-0.7071068,0,0,0,0,0,-0.7071068,0,0,0,0,0,-0.7071068,0
18.35062,22,3,1,0.2521095,0.366087,-0.5274208,-0.1920992,-0.9103514,0.3005359,0.4612838,0.6437272,0.2408293,-0.08887164,0.6386206,0.07386244,0.07916935,1.109122,-0.03675903,0.1118394,0.9180085,-0.2615834,0.2791694,0.2947077,-0.6672747,0,0,0,0,-0.7071068,0,0,0,0,0,-0.7071068,0,0,0,0,0,-0.7071068,0,0,0,0,0,-0.7071068,0,0,0,0,0,-0.7071068,0
18.36739,22,3,0,0.2529623,0.3591783,-0.5189382,-0.1949171,-0.9074839,0.3022297,0.4613399,0.6438293,0.240806,-0.08884631,0.6387473,0.07374211,0.07953221,1.109145,-0.03648422,0.1119493,0.9177769,-0.2614358,0.2795322,0.3010129,-0.6749262,0,0,0,0,-0.7071068,0,0,0,0,0,-0.7071068,0,0,0,0,0,-0.7071068,0,0,0,0,0,-0.7071068,0,0,0,0,0,-0.7071068,0
18.3843,22,3,0,0.2535418,0.3558919,-0.5147141,-0.1962282,-0.9057915,0.3033321,0.4613219,0.6438364,0.2408012,-0.08888151,0.6388228,0.07371037,0.08017763,1.109259,-0.03594031,0.1126296,0.9172315,-0.2609273,0.2801777,0.3068835,-0.6814641,0,0,0,0,-0.7071068,0,0,0,0,0,-0.7071068,0,0,0,0,0,-0.7071068,0,0,0,0,0,-0.7071068,0,0,0,0,0,-0.7071068,0
18.40097,22,3,0,0.2542965,0.3495462,-0.506577,-0.1977779,-0.9019548,0.3070391,0.4611496,0.6437401,0.2407545,-0.08914262,0.6387584,0.07376176,0.08044389,1.109314,-0.03569289,0.1131516,0.9169456,-0.26064,0.2804439,0.3128265,-0.6882882,0,0,0,0,-0.7071068,0,0,0,0,0,-0.7071068,0,0,0,0,0,-0.7071068,0,0,0,0,0,-0.7071068,0,0,0,0,0,-0.7071068,0
18.41831,22,3,0,0.2543331,0.3466871,-0.5030063,-0.197463,-0.9003228,0.3095982,0.4612156,0.64375,0.2407846,-0.08914485,0.638655,0.07367801,0.08109756,1.109302,-0.03533906,0.1140237,0.9163475,-0.2603778,0.2810976,0.3187019,-0.6948406,0,0,0,0,-0.7071068,0,0,0,0,0,-0.7071068,0,0,0,0,0,-0.7071068,0,0,0,0,0,-0.7071068,0,0,0,0,0,-0.7071068,0
18.4361,22,3,0,0.253752,0.3419421,-0.4972749,-0.197213,-0.8981345,0.3133899,0.4611169,0.6436957,0.2408619,-0.08922602,0.6387004,0.07354486,0.08136471,1.109202,-0.03511032,0.1143329,0.9159855,-0.260585,0.2813647,0.3248086,-0.7017183,0,0,0,0,-0.7071068,0,0,0,0,0,-0.7071068,0,0,0,0,0,-0.7071068,0,0,0,0,0,-0.7071068,0,0,0,0,0,-0.7071068,0
18.45225,22,3,0,0.2532358,0.3399692,-0.495023,-0.1990867,-0.8969787,0.3142972,0.4610997,0.6437418,0.2409093,-0.08917199,0.6387333,0.07332823,0.08187066,1.109065,-0.03468828,0.1147823,0.9152422,-0.2615269,0.2818707,0.3311305,-0.7085125,0,0,0,0,-0.7071068,0,0,0,0,0,-0.7071068,0,0,0,0,0,-0.7071068,0,0,0,0,0,-0.7071068,0,0,0,0,0,-0.7071068,0
18.46965,22,3,0,0.2521919,0.3373032,-0.4923166,-0.2068441,-0.8942639,0.3130056,0.4610968,0.643741,0.2410009,-0.08938166,0.638885,0.07321022,0.08226201,1.108954,-0.03438775,0.1153574,0.9146683,-0.2621291,0.282262,0.3369568,-0.714689,0,0,0,0,-0.7071068,0,0,0,0,0,-0.7071068,0,0,0,0,0,-0.7071068,0,0,0,0,0,-0.7071068,0,0,0,0,0,-0.7071068,0
18.48823,22,3,0,0.2512284,0.3358307,-0.4911264,-0.2171695,-0.8912463,0.310493,0.4610421,0.643664,0.2411567,-0.08934005,0.6391553,0.07281585,0.08244328,1.108997,-0.03431568,0.1155112,0.9144567,-0.2622495,0.2824433,0.3434822,-0.7215236,0,0,0,0,-0.7071068,0,0,0,0,0,-0.7071068,0,0,0,0,0,-0.7071068,0,0,0,0,0,-0.7071068,0,0,0,0,0,-0.7071068,0
18.50574,22,3,0,0.2506555,0.3358111,-0.4918945,-0.2215271,-0.8907236,0.3090113,0.4610396,0.6435614,0.2412765,-0.08903018,0.6392388,0.07279529,0.08283584,1.109004,-0.0340554,0.1157079,0.914157,-0.2624103,0.2828358,0.3505019,-0.7285511,0,0,0,0,-0.7071068,0,0,0,0,0,-0.7071068,0,0,0,0,0,-0.7071068,0,0,0,0,0,-0.7071068,0,0,0,0,0,-0.7071068,0
18.52377,22,3,0,0.2493485,0.3370745,-0.4950173,-0.2257956,-0.8915619,0.3066795,0.4609738,0.6433852,0.2415101,-0.08871819,0.6393769,0.07246679,0.08297423,1.108974,-0.03389955,0.1156131,0.9140153,-0.2626173,0.2829742,0.3571651,-0.7351772,0,0,0,0,-0.7071068,0,0,0,0,0,-0.7071068,0,0,0,0,0,-0.7071068,0,0,0,0,0,-0.7071068,0,0,0,0,0,-0.7071068,0
18.55968,22,3,0,0.2484325,0.3434517,-0.504612,-0.2244339,-0.8968595,0.2982419,0.4608963,0.6432815,0.2418403,-0.08823223,0.6396237,0.07275191,0.08319643,1.10898,-0.03346596,0.1152182,0.9139113,-0.2629318,0.2831964,0.3641485,-0.7416405,0,0,0,0,-0.7071068,0,0,0,0,0,-0.7071068,0,0,0,0,0,-0.7071068,0,0,0,0,0,-0.7071068,0,0,0,0,0,-0.7071068,0
18.57917,22,3,0,0.2490874,0.3492715,-0.5117427,-0.2270146,-0.8992636,0.2883146,0.4607421,0.6433038,0.2419589,-0.08823787,0.6397403,0.07336331,0.08360718,1.10916,-0.03295887,0.1153664,0.9140247,-0.262323,0.2836072,0.3784854,-0.7546096,0,0,0,0,-0.7071068,0,0,0,0,0,-0.7071068,0,0,0,0,0,-0.7071068,0,0,0,0,0,-0.7071068,0,0,0,0,0,-0.7071068,0
18.59681,22,3,0,0.2498651,0.3531597,-0.5160997,-0.2280579,-0.900736,0.2821088,0.4607008,0.6433076,0.2420048,-0.08822775,0.6397653,0.0737173,0.08374488,1.109249,-0.03264745,0.1158749,0.9144045,-0.2609437,0.2837449,0.386398,-0.7614622,0,0,0,0,-0.7071068,0,0,0,0,0,-0.7071068,0,0,0,0,0,-0.7071068,0,0,0,0,0,-0.7071068,0,0,0,0,0,-0.7071068,0
18.61309,22,3,0,0.25111,0.3609533,-0.5250566,-0.2284689,-0.9038261,0.2712803,0.4606631,0.643351,0.2421194,-0.08813488,0.6396367,0.07438909,0.08371501,1.109406,-0.03223296,0.1165273,0.915006,-0.259425,0.283715,0.3937217,-0.7674417,0,0,0,0,-0.7071068,0,0,0,0,0,-0.7071068,0,0,0,0,0,-0.7071068,0,0,0,0,0,-0.7071068,0,0,0,0,0,-0.7071068,0
18.63145,22,3,0,0.2517575,0.3654418,-0.5300887,-0.2276901,-0.9055662,0.2666521,0.4607985,0.6435421,0.2420624,-0.08804533,0.639537,0.07460539,0.08381429,1.109611,-0.03189979,0.1170727,0.9156089,-0.257948,0.2838143,0.4006041,-0.7729261,0,0,0,0,-0.7071068,0,0,0,0,0,-0.7071068,0,0,0,0,0,-0.7071068,0,0,0,0,0,-0.7071068,0,0,0,0,0,-0.7071068,0
18.65414,22,3,0,0.2542752,0.3854883,-0.5517161,-0.2310922,-0.9117024,0.2448228,0.4607393,0.6436946,0.2416589,-0.08804638,0.6396196,0.07547847,0.0837943,1.110355,-0.03109834,0.1186309,0.9172753,-0.2533815,0.2837943,0.408962,-0.7785975,0,0,0,0,-0.7071068,0,0,0,0,0,-0.7071068,0,0,0,0,0,-0.7071068,0,0,0,0,0,-0.7071068,0,0,0,0,0,-0.7071068,0
18.67699,22,3,0,0.2560137,0.3981473,-0.5645561,-0.2306312,-0.9161407,0.2317633,0.4608426,0.6438886,0.2412886,-0.08831827,0.6395451,0.07559013,0.08402458,1.11107,-0.0308138,0.1195935,0.9179468,-0.2502223,0.2840246,0.4192003,-0.7861763,0,0,0,0,-0.7071068,0,0,0,0,0,-0.7071068,0,0,0,0,0,-0.7071068,0,0,0,0,0,-0.7071068,0,0,0,0,0,-0.7071068,0
18.69844,22,3,0,0.2572801,0.4124045,-0.5785567,-0.2248554,-0.9224665,0.220115,0.460986,0.6442755,0.2408359,-0.08852942,0.6392525,0.07587643,0.08401279,1.111852,-0.0301861,0.1205099,0.9184254,-0.2469616,0.2840128,0.4296984,-0.7933154,0,0,0,0,-0.7071068,0,0,0,0,0,-0.7071068,0,0,0,0,0,-0.7071068,0,0,0,0,0,-0.7071068,0,0,0,0,0,-0.7071068,0
18.7207,22,3,0,0.2585462,0.4269985,-0.5928199,-0.2158178,-0.9287035,0.2124681,0.4610999,0.6444933,0.2405652,-0.08874419,0.6388134,0.0761077,0.08396836,1.112659,-0.02952737,0.1208316,0.9187764,-0.2438764,0.2839684,0.4397356,-0.7998046,0,0,0,0,-0.7071068,0,0,0,0,0,-0.7071068,0,0,0,0,0,-0.7071068,0,0,0,0,0,-0.7071068,0,0,0,0,0,-0.7071068,0
18.74301,22,3,0,0.2603832,0.4420978,-0.6065557,-0.2118137,-0.9331479,0.2026251,0.4609356,0.6443392,0.2408411,-0.08889615,0.6382897,0.07633061,0.0837803,1.113363,-0.02864671,0.1201337,0.9191089,-0.2412773,0.2837803,0.4501292,-0.8061931,0,0,0,0,-0.7071068,0,0,0,0,0,-0.7071068,0,0,0,0,0,-0.7071068,0,0,0,0,0,-0.7071068,0,0,0,0,0,-0.7071068,0
18.76506,22,3,0,0.2628699,0.4582535,-0.6199653,-0.2106524,-0.9365758,0.1903902,0.4608616,0.6442814,0.2408861,-0.08883176,0.6376489,0.07662717,0.08383018,1.114331,-0.02794898,0.1197747,0.9192877,-0.2386355,0.2838302,0.4609211,-0.8126295,0,0,0,0,-0.7071068,0,0,0,0,0,-0.7071068,0,0,0,0,0,-0.7071068,0,0,0,0,0,-0.7071068,0,0,0,0,0,-0.7071068,0
18.78737,22,3,0,0.2652685,0.4757967,-0.6335595,-0.2069158,-0.9406034,0.1771837,0.4609038,0.6444578,0.2410321,-0.08844635,0.637005,0.0770251,0.08362745,1.11528,-0.02742814,0.1195988,0.9194859,-0.235744,0.2836275,0.471691,-0.8190113,0,0,0,0,-0.7071068,0,0,0,0,0,-0.7071068,0,0,0,0,0,-0.7071068,0,0,0,0,0,-0.7071068,0,0,0,0,0,-0.7071068,0
18.80984,22,3,0,0.2675693,0.4939699,-0.6468201,-0.201325,-0.9452222,0.1635439,0.4608995,0.6445299,0.2412412,-0.08804331,0.6366539,0.07732473,0.08322966,1.116094,-0.02671923,0.1188342,0.9201007,-0.2326586,0.2832296,0.482545,-0.8251287,0,0,0,0,-0.7071068,0,0,0,0,0,-0.7071068,0,0,0,0,0,-0.7071068,0,0,0,0,0,-0.7071068,0,0,0,0,0,-0.7071068,0
18.83179,22,3,0,0.266126,0.5090137,-0.6574259,-0.1948885,-0.950074,0.1489103,0.4608763,0.6445303,0.2414795,-0.08770963,0.6365495,0.07760208,0.08258741,1.116904,-0.02601235,0.118008,0.9208541,-0.2295351,0.2825874,0.493574,-0.8311393,0,0,0,0,-0.7071068,0,0,0,0,0,-0.7071068,0,0,0,0,0,-0.7071068,0,0,0,0,0,-0.7071068,0,0,0,0,0,-0.7071068,0
18.85389,22,3,0,0.2674532,0.52733,-0.6691535,-0.1888137,-0.9544933,0.1355984,0.4607859,0.6445153,0.2416454,-0.08751818,0.6363644,0.07793274,0.08215137,1.117879,-0.02555211,0.1170738,0.9215961,-0.2268828,0.2821514,0.504634,-0.8370873,0,0,0,0,-0.7071068,0,0,0,0,0,-0.7071068,0,0,0,0,0,-0.7071068,0,0,0,0,0,-0.7071068,0,0,0,0,0,-0.7071068,0
18.87653,22,3,0,0.2682782,0.5454344,-0.6801448,-0.1821966,-0.9584683,0.1237732,0.4607058,0.6444893,0.2418253,-0.08748797,0.6362461,0.07824442,0.08141585,1.118759,-0.02493832,0.116553,0.9225323,-0.2242931,0.2814158,0.5157635,-0.8427666,0,0,0,0,-0.7071068,0,0,0,0,0,-0.7071068,0,0,0,0,0,-0.7071068,0,0,0,0,0,-0.7071068,0,0,0,0,0,-0.7071068,0
18.8984,22,3,0,0.269016,0.5628135,-0.6902368,-0.1772005,-0.9617918,0.1134088,0.4606588,0.6445252,0.2420758,-0.08746035,0.6362687,0.07874107,0.08052839,1.11954,-0.02448405,0.1156377,0.9238925,-0.2209182,0.2805284,0.5271423,-0.8485936,0,0,0,0,-0.7071068,0,0,0,0,0,-0.7071068,0,0,0,0,0,-0.7071068,0,0,0,0,0,-0.7071068,0,0,0,0,0,-0.7071068,0
18.92056,22,3,0,0.2692439,0.5793339,-0.6992071,-0.1713761,-0.9647369,0.1051972,0.4604538,0.6446823,0.2420915,-0.08790289,0.6365789,0.07899594,0.0798348,1.120553,-0.02412593,0.1151074,0.9252335,-0.2172743,0.2798348,0.5384902,-0.8541467,0,0,0,0,-0.7071068,0,0,0,0,0,-0.7071068,0,0,0,0,0,-0.7071068,0,0,0,0,0,-0.7071068,0,0,0,0,0,-0.7071068,0
18.94307,22,3,0,0.2695768,0.5955331,-0.7072272,-0.1691591,-0.9662478,0.09750438,0.4604323,0.6447728,0.2419852,-0.08824006,0.6367679,0.07870762,0.0790904,1.121584,-0.02372978,0.1145958,0.9264475,-0.2130668,0.2790904,0.5500804,-0.859576,0,0,0,0,-0.7071068,0,0,0,0,0,-0.7071068,0,0,0,0,0,-0.7071068,0,0,0,0,0,-0.7071068,0,0,0,0,0,-0.7071068,0
18.96531,22,3,0,0.2702636,0.6111915,-0.713913,-0.1729524,-0.9665339,0.08743706,0.4604004,0.6447434,0.2418668,-0.08866906,0.6370834,0.07792549,0.07839906,1.122879,-0.02356736,0.1140537,0.9276512,-0.208197,0.2783991,0.5621926,-0.8651638,0,0,0,0,-0.7071068,0,0,0,0,0,-0.7071068,0,0,0,0,0,-0.7071068,0,0,0,0,0,-0.7071068,0,0,0,0,0,-0.7071068,0
18.98728,22,3,0,0.2707539,0.6270015,-0.7203381,-0.1697961,-0.9683545,0.07734314,0.4603486,0.6448402,0.2418264,-0.08911228,0.6371155,0.07747136,0.07765834,1.124243,-0.02339374,0.1138033,0.9288002,-0.2036322,0.2776583,0.5743306,-0.8705031,0,0,0,0,-0.7071068,0,0,0,0,0,-0.7071068,0,0,0,0,0,-0.7071068,0,0,0,0,0,-0.7071068,0,0,0,0,0,-0.7071068,0
19.00958,22,3,1,0.2707758,0.6429479,-0.7262464,-0.1626702,-0.9707333,0.06848907,0.4604478,0.644946,0.2416566,-0.08942504,0.6371445,0.0770736,0.07644009,1.125498,-0.022889,0.1134135,0.9299533,-0.1997865,0.2764401,0.5863142,-0.8752807,0,0,0,0,-0.7071068,0,0,0,0,0,-0.7071068,0,0,0,0,0,-0.7071068,0,0,0,0,0,-0.7071068,0,0,0,0,0,-0.7071068,0
19.03171,22,3,1,0.270577,0.6580368,-0.7321398,-0.1588838,-0.9724268,0.06002467,0.4605042,0.6448685,0.2415673,-0.08973985,0.637203,0.07676934,0.07491904,1.126866,-0.02230264,0.1126482,0.9313821,-0.1958635,0.274919,0.5986522,-0.8798871,0,0,0,0,-0.7071068,0,0,0,0,0,-0.7071068,0,0,0,0,0,-0.7071068,0,0,0,0,0,-0.7071068,0,0,0,0,0,-0.7071068,0
19.0539,22,3,1,0.2703579,0.6723623,-0.7372479,-0.1555642,-0.9738734,0.05157162,0.4606444,0.6447203,0.2414556,-0.08968698,0.6374047,0.07623708,0.07318815,1.128561,-0.02191376,0.1109975,0.933381,-0.1911586,0.2731881,0.6113146,-0.8844827,0,0,0,0,-0.7071068,0,0,0,0,0,-0.7071068,0,0,0,0,0,-0.7071068,0,0,0,0,0,-0.7071068,0,0,0,0,0,-0.7071068,0
19.07666,22,3,1,0.2693311,0.6856959,-0.7414594,-0.1509467,-0.9754421,0.04453068,0.4607301,0.6446095,0.2413196,-0.08945499,0.6376664,0.07598404,0.07115874,1.130416,-0.02159631,0.1092734,0.9358863,-0.1852119,0.2711588,0.6242409,-0.8889921,0,0,0,0,-0.7071068,0,0,0,0,0,-0.7071068,0,0,0,0,0,-0.7071068,0,0,0,0,0,-0.7071068,0,0,0,0,0,-0.7071068,0
19.0983,22,3,1,0.2680434,0.6983564,-0.7455902,-0.1496561,-0.9764822,0.03703099,0.4608667,0.644733,0.2411612,-0.08920646,0.6377684,0.0760048,0.06880632,1.132394,-0.0211222,0.1082554,0.9384235,-0.1785791,0.2688063,0.6376495,-0.8932897,0,0,0,0,-0.7071068,0,0,0,0,0,-0.7071068,0,0,0,0,0,-0.7071068,0,0,0,0,0,-0.7071068,0,0,0,0,0,-0.7071068,0
19.12065,22,3,1,0.2661781,0.7101272,-0.749086,-0.1453638,-0.9780815,0.03217885,0.4608215,0.6446903,0.2412804,-0.08902977,0.6376954,0.07614224,0.06626774,1.134246,-0.02042124,0.1071306,0.9408869,-0.1719562,0.2662677,0.6504371,-0.8969558,0,0,0,0,-0.7071068,0,0,0,0,0,-0.7071068,0,0,0,0,0,-0.7071068,0,0,0,0,0,-0.7071068,0,0,0,0,0,-0.7071068,0
19.14314,22,3,1,0.2644514,0.7205018,-0.7521876,-0.1395054,-0.9795592,0.02947807,0.4608437,0.6447235,0.2413436,-0.08906705,0.6375666,0.0763436,0.0633959,1.136126,-0.01946093,0.1055146,0.9432325,-0.165459,0.2633959,0.6636854,-0.9003345,0,0,0,0,-0.7071068,0,0,0,0,0,-0.7071068,0,0,0,0,0,-0.7071068,0,0,0,0,0,-0.7071068,0,0,0,0,0,-0.7071068,0
19.16552,22,3,1,0.2631346,0.7304199,-0.7549051,-0.1400897,-0.9798055,0.02618086,0.4608177,0.6448132,0.2414635,-0.08880249,0.6373616,0.0768583,0.06080793,1.138139,-0.01867947,0.1026775,0.9455593,-0.1586518,0.2608079,0.6771999,-0.9037377,0,0,0,0,-0.7071068,0,0,0,0,0,-0.7071068,0,0,0,0,0,-0.7071068,0,0,0,0,0,-0.7071068,0,0,0,0,0,-0.7071068,0
19.18731,22,3,0,0.2622208,0.7400262,-0.756837,-0.1417526,-0.9798352,0.02182248,0.4607586,0.6449018,0.241441,-0.08861475,0.6371953,0.07712068,0.0580397,1.140072,-0.01781245,0.1000945,0.9476978,-0.1516687,0.2580397,0.6906416,-0.9068555,0,0,0,0,-0.7071068,0,0,0,0,0,-0.7071068,0,0,0,0,0,-0.7071068,0,0,0,0,0,-0.7071068,0,0,0,0,0,-0.7071068,0
19.20989,22,3,0,0.2610344,0.75027,-0.7590367,-0.1357467,-0.9812037,0.01733039,0.4608258,0.6449463,0.2413152,-0.08847565,0.6372248,0.07677726,0.05513013,1.141699,-0.01657718,0.09816118,0.9496322,-0.1449884,0.2551301,0.7035377,-0.9093283,0,0,0,0,-0.7071068,0,0,0,0,0,-0.7071068,0,0,0,0,0,-0.7071068,0,0,0,0,0,-0.7071068,0,0,0,0,0,-0.7071068,0
19.23155,22,3,0,0.2601854,0.7603431,-0.7612442,-0.1326486,-0.9817598,0.01385054,0.4608645,0.6451346,0.2412712,-0.08847494,0.6371778,0.07639676,0.05225733,1.143504,-0.01535216,0.09624706,0.9513669,-0.1381218,0.2522573,0.7170732,-0.9117628,0,0,0,0,-0.7071068,0,0,0,0,0,-0.7071068,0,0,0,0,0,-0.7071068,0,0,0,0,0,-0.7071068,0,0,0,0,0,-0.7071068,0
19.25489,22,3,0,0.2600414,0.7704628,-0.7629806,-0.1366879,-0.9811749,0.008947484,0.4608783,0.645009,0.2413251,-0.08842429,0.6371976,0.07617947,0.04964031,1.145593,-0.01426968,0.09423321,0.9530278,-0.1308858,0.2496403,0.7304659,-0.9140166,0,0,0,0,-0.7071068,0,0,0,0,0,-0.7071068,0,0,0,0,0,-0.7071068,0,0,0,0,0,-0.7071068,0,0,0,0,0,-0.7071068,0
19.27757,22,3,0,0.2592162,0.7814301,-0.7644635,-0.1342474,-0.981865,0.004556179,0.4609033,0.6449188,0.2412883,-0.08847089,0.6373177,0.07558337,0.04699848,1.147496,-0.01292895,0.09147257,0.9545295,-0.1237544,0.2469985,0.7446116,-0.9160808,0,0,0,0,-0.7071068,0,0,0,0,0,-0.7071068,0,0,0,0,0,-0.7071068,0,0,0,0,0,-0.7071068,0,0,0,0,0,-0.7071068,0
19.29845,22,3,0,0.2585998,0.7927165,-0.7663289,-0.1240791,-0.9835311,0.0008538105,0.4609855,0.6448205,0.241371,-0.0883063,0.6375661,0.07487967,0.04443986,1.149475,-0.01167988,0.088543,0.9558642,-0.1175288,0.2444399,0.7585303,-0.9179471,0,0,0,0,-0.7071068,0,0,0,0,0,-0.7071068,0,0,0,0,0,-0.7071068,0,0,0,0,0,-0.7071068,0,0,0,0,0,-0.7071068,0
19.32086,22,3,0,0.2581517,0.8050238,-0.7681106,-0.117819,-0.984449,-0.003357407,0.46089,0.6446506,0.241463,-0.08822408,0.637746,0.07465285,0.04209376,1.151517,-0.01040668,0.08566076,0.956996,-0.111597,0.2420938,0.7716141,-0.9193763,0,0,0,0,-0.7071068,0,0,0,0,0,-0.7071068,0,0,0,0,0,-0.7071068,0,0,0,0,0,-0.7071068,0,0,0,0,0,-0.7071068,0
19.34334,22,3,0,0.2575194,0.8181591,-0.770032,-0.1119384,-0.9855322,-0.008906815,0.4609694,0.6445947,0.2413786,-0.08823173,0.6380119,0.07442752,0.04033899,1.153511,-0.009067271,0.08273155,0.9579523,-0.1055607,0.240339,0.7854971,-0.9207571,0,0,0,0,-0.7071068,0,0,0,0,0,-0.7071068,0,0,0,0,0,-0.7071068,0,0,0,0,0,-0.7071068,0,0,0,0,0,-0.7071068,0
19.3649,22,3,0,0.2559882,0.8311259,-0.77189,-0.0953012,-0.9874849,-0.01336765,0.4610236,0.6446624,0.2414155,-0.0879235,0.6382439,0.07413118,0.03921308,1.154231,-0.008177899,0.08087222,0.9582388,-0.1034684,0.2392131,0.7981812,-0.9224086,0,0,0,0,-0.7071068,0,0,0,0,0,-0.7071068,0,0,0,0,0,-0.7071068,0,0,0,0,0,-0.7071068,0,0,0,0,0,-0.7071068,0
19.38715,22,3,0,0.255505,0.8380361,-0.7726036,-0.09666815,-0.9872239,-0.01804984,0.4610268,0.6446992,0.241462,-0.08788147,0.6383057,0.07409779,0.03812665,1.155006,-0.007169373,0.07902562,0.9586066,-0.1009315,0.2381267,0.8104737,-0.9236616,0,0,0,0,-0.7071068,0,0,0,0,0,-0.7071068,0,0,0,0,0,-0.7071068,0,0,0,0,0,-0.7071068,0,0,0,0,0,-0.7071068,0
19.40767,22,3,0,0.2551101,0.8443953,-0.7734774,-0.09740706,-0.9871856,-0.02198627,0.4610234,0.6447207,0.2414763,-0.08788046,0.6383613,0.07411951,0.03704023,1.155857,-0.006431218,0.07738499,0.9589831,-0.09811759,0.2370402,0.8232376,-0.9250742,0,0,0,0,-0.7071068,0,0,0,0,0,-0.7071068,0,0,0,0,0,-0.7071068,0,0,0,0,0,-0.7071068,0,0,0,0,0,-0.7071068,0
19.42786,22,3,0,0.253853,0.8580157,-0.7753037,-0.0991369,-0.9870565,-0.03105097,0.4608974,0.6448662,0.2414779,-0.08775432,0.638351,0.07446378,0.03600864,1.156688,-0.005666282,0.0758439,0.9592983,-0.09540115,0.2360086,0.8350873,-0.9261293,0,0,0,0,-0.7071068,0,0,0,0,0,-0.7071068,0,0,0,0,0,-0.7071068,0,0,0,0,0,-0.7071068,0,0,0,0,0,-0.7071068,0
19.44703,22,3,1,0.2521088,0.8717129,-0.7769729,-0.09480473,-0.9874715,-0.03844418,0.4608608,0.6449035,0.2415002,-0.08785513,0.63814,0.0746704,0.03403718,1.15819,-0.004145186,0.07276747,0.9598551,-0.0901279,0.2340372,0.8474558,-0.9262449,0,0,0,0,-0.7071068,0,0,0,0,0,-0.7071068,0,0,0,0,0,-0.7071068,0,0,0,0,0,-0.7071068,0,0,0,0,0,-0.7071068,0
19.46759,22,3,1,0.249819,0.8850098,-0.7784094,-0.0913533,-0.9879759,-0.04367081,0.4608575,0.6449535,0.2415214,-0.08779208,0.6379631,0.07498457,0.0320339,1.159636,-0.002559032,0.06980602,0.9603866,-0.08490063,0.2320339,0.859243,-0.9260713,0,0,0,0,-0.7071068,0,0,0,0,0,-0.7071068,0,0,0,0,0,-0.7071068,0,0,0,0,0,-0.7071068,0,0,0,0,0,-0.7071068,0
19.4866,22,3,1,0.2486829,0.8917729,-0.7790865,-0.09077629,-0.9881009,-0.04704614,0.460825,0.6449503,0.2415465,-0.08768136,0.6378253,0.07506021,0.03009133,1.161042,-0.00105481,0.06704596,0.9610782,-0.07965549,0.2300913,0.8717535,-0.9259274,0,0,0,0,-0.7071068,0,0,0,0,0,-0.7071068,0,0,0,0,0,-0.7071068,0,0,0,0,0,-0.7071068,0,0,0,0,0,-0.7071068,0
19.50647,22,3,1,0.2462507,0.9054277,-0.7802187,-0.0870588,-0.9884194,-0.05499727,0.4607985,0.6450769,0.2416227,-0.0876392,0.6375041,0.07561542,0.02818674,1.16236,0.0004743487,0.06479017,0.9617527,-0.07452319,0.2281867,0.8833614,-0.9255148,0,0,0,0,-0.7071068,0,0,0,0,0,-0.7071068,0,0,0,0,0,-0.7071068,0,0,0,0,0,-0.7071068,0,0,0,0,0,-0.7071068,0
19.5279,22,3,1,0.2423693,0.925856,-0.7818018,-0.07884476,-0.9887947,-0.06555983,0.4606858,0.6452444,0.2417044,-0.08724385,0.6370806,0.076416,0.02633319,1.163679,0.002003135,-0.06244853,-0.9624286,0.06936607,0.2263332,0.8954422,-0.9250063,0,0,0,0,-0.7071068,0,0,0,0,0,-0.7071068,0,0,0,0,0,-0.7071068,0,0,0,0,0,-0.7071068,0,0,0,0,0,-0.7071068,0
19.54481,22,3,1,0.2397141,0.9392496,-0.7825807,-0.08188666,-0.9883839,-0.07162113,0.4607266,0.6452085,0.2417406,-0.08699215,0.6367639,0.07668317,0.02279243,1.16611,0.005376499,-0.05953804,-0.9636215,0.05820965,0.2227924,0.9095014,-0.9225665,0,0,0,0,-0.7071068,0,0,0,0,0,-0.7071068,0,0,0,0,0,-0.7071068,0,0,0,0,0,-0.7071068,0,0,0,0,0,-0.7071068,0
19.56469,22,3,1,0.2367556,0.9529976,-0.7830421,-0.08125237,-0.9883291,-0.07718173,0.4608903,0.6451622,0.2415787,-0.08689918,0.6366093,0.07672112,0.02137618,1.167211,0.006860783,-0.05825545,-0.9640752,0.05293854,0.2213762,0.9197859,-0.9216961,0,0,0,0,-0.7071068,0,0,0,0,0,-0.7071068,0,0,0,0,0,-0.7071068,0,0,0,0,0,-0.7071068,0,0,0,0,0,-0.7071068,0
19.58701,22,3,1,0.2335559,0.9673978,-0.783486,-0.07750819,-0.9885567,-0.08325199,0.460907,0.6452026,0.2416156,-0.08695235,0.6364818,0.07665349,0.02001552,1.168396,0.008448343,-0.05711037,-0.9643383,0.04806466,0.2200155,0.9317743,-0.9206914,0,0,0,0,-0.7071068,0,0,0,0,0,-0.7071068,0,0,0,0,0,-0.7071068,0,0,0,0,0,-0.7071068,0,0,0,0,0,-0.7071068,0
19.60953,22,3,1,0.2302031,0.9823662,-0.7837771,-0.07161339,-0.9889561,-0.08970946,0.4610179,0.6452103,0.2415241,-0.08674657,0.6367885,0.07666561,0.01852395,1.169297,0.0103836,-0.05580899,-0.9644147,0.0433698,0.2185239,0.9448165,-0.9192321,0,0,0,0,-0.7071068,0,0,0,0,0,-0.7071068,0,0,0,0,0,-0.7071068,0,0,0,0,0,-0.7071068,0,0,0,0,0,-0.7071068,0
19.63144,22,3,1,0.2268384,0.9976064,-0.7836281,-0.06616913,-0.9888294,-0.0982374,0.4612013,0.6450539,0.2413908,-0.08639026,0.637174,0.07665978,0.01713026,1.170258,0.01222435,-0.05446246,-0.9644573,0.03880066,0.2171303,0.9580275,-0.9176797,0,0,0,0,-0.7071068,0,0,0,0,0,-0.7071068,0,0,0,0,0,-0.7071068,0,0,0,0,0,-0.7071068,0,0,0,0,0,-0.7071068,0
19.65359,22,3,1,0.2240045,1.013363,-0.7827963,-0.06360976,-0.987951,-0.1096066,0.4612115,0.6450934,0.2414225,-0.08592604,0.6373036,0.07681727,0.01559297,1.171044,0.01423543,-0.05309069,-0.9645239,0.0344546,0.215593,0.9707391,-0.9157645,0,0,0,0,-0.7071068,0,0,0,0,0,-0.7071068,0,0,0,0,0,-0.7071068,0,0,0,0,0,-0.7071068,0,0,0,0,0,-0.7071068,0
19.6766,22,3,1,0.2212812,1.028581,-0.7819105,-0.06078919,-0.9870481,-0.119683,0.4612004,0.6451087,0.2414659,-0.08575678,0.6372862,0.07719618,0.01407461,1.171804,0.016151,-0.05193143,-0.9646281,0.03049127,0.2140746,0.9835575,-0.9137604,0,0,0,0,-0.7071068,0,0,0,0,0,-0.7071068,0,0,0,0,0,-0.7071068,0,0,0,0,0,-0.7071068,0,0,0,0,0,-0.7071068,0
19.69799,22,3,1,0.2185022,1.0428,-0.7804261,-0.06114491,-0.9861152,-0.1279782,0.4611624,0.6451359,0.2414946,-0.08550455,0.6373944,0.07749987,0.01249558,1.172583,0.01803675,-0.05048695,-0.9647848,0.02584915,0.2124956,0.9968563,-0.9115855,0,0,0,0,-0.7071068,0,0,0,0,0,-0.7071068,0,0,0,0,0,-0.7071068,0,0,0,0,0,-0.7071068,0,0,0,0,0,-0.7071068,0
19.72039,22,3,1,0.2155787,1.057263,-0.779121,-0.0601497,-0.9852668,-0.136152,0.4611121,0.6450857,0.2415733,-0.0851859,0.637359,0.07744622,0.01095053,1.173494,0.01991714,-0.04873635,-0.9649979,0.02055797,0.2109505,1.009397,-0.9092561,0,0,0,0,-0.7071068,0,0,0,0,0,-0.7071068,0,0,0,0,0,-0.7071068,0,0,0,0,0,-0.7071068,0,0,0,0,0,-0.7071068,0
19.74283,22,3,1,0.2123994,1.071337,-0.7773279,-0.05577848,-0.9846491,-0.1434439,0.461077,0.6452055,0.241706,-0.08492976,0.6373819,0.0786553,0.009352802,1.174561,0.02176299,-0.04756125,-0.9652956,0.01531179,0.2093528,1.02264,-0.9067538,0,0,0,0,-0.7071068,0,0,0,0,0,-0.7071068,0,0,0,0,0,-0.7071068,0,0,0,0,0,-0.7071068,0,0,0,0,0,-0.7071068,0
19.7648,22,3,1,0.2093058,1.085145,-0.7754565,-0.05094852,-0.9838877,-0.1513715,0.4609917,0.6452627,0.2417032,-0.08496553,0.6369434,0.07914955,0.007707988,1.175442,0.02372571,-0.04606729,-0.9655603,0.01011138,0.207708,1.035703,-0.903943,0,0,0,0,-0.7071068,0,0,0,0,0,-0.7071068,0,0,0,0,0,-0.7071068,0,0,0,0,0,-0.7071068,0,0,0,0,0,-0.7071068,0
19.78684,22,3,1,0.2064945,1.098302,-0.7733778,-0.05029104,-0.9829064,-0.1587146,0.46092,0.6454321,0.2419262,-0.08455817,0.6364978,0.07979273,0.006021635,1.176337,0.02573323,-0.04480773,-0.9659845,0.005139347,0.2060216,1.048511,-0.9009205,0,0,0,0,-0.7071068,0,0,0,0,0,-0.7071068,0,0,0,0,0,-0.7071068,0,0,0,0,0,-0.7071068,0,0,0,0,0,-0.7071068,0
19.80935,22,3,1,0.203273,1.11149,-0.7708021,-0.04739182,-0.9819321,-0.1668288,0.4609317,0.6454701,0.2420276,-0.08425362,0.6361697,0.08035883,0.004427342,1.177429,0.02778577,-0.04411208,-0.9662837,-0.0005711019,0.2044273,1.061539,-0.8976661,0,0,0,0,-0.7071068,0,0,0,0,0,-0.7071068,0,0,0,0,0,-0.7071068,0,0,0,0,0,-0.7071068,0,0,0,0,0,-0.7071068,0
19.83132,22,3,1,0.1997813,1.124076,-0.7682952,-0.03846377,-0.9811654,-0.1741232,0.4609013,0.6456397,0.2420163,-0.08396194,0.6361083,0.08080695,0.002779378,1.178392,0.03003899,-0.04376289,-0.9663868,-0.006765489,0.2027794,1.074675,-0.8939956,0,0,0,0,-0.7071068,0,0,0,0,0,-0.7071068,0,0,0,0,0,-0.7071068,0,0,0,0,0,-0.7071068,0,0,0,0,0,-0.7071068,0
19.85351,23,3,1,0.1969207,1.135826,-0.7659117,-0.03944697,-0.9802297,-0.1794591,0.4609011,0.6457019,0.2420411,-0.08362612,0.6360858,0.0812528,0.001222644,1.179415,0.03222767,-0.04290964,-0.9663817,-0.01283732,0.2012226,1.087549,-0.8902406,0,0,0,0,-0.7071068,0,0,0,0,0,-0.7071068,0,0,0,0,0,-0.7071068,0,0,0,0,0,-0.7071068,0,0,0,0,0,-0.7071068,0
19.87642,23,3,1,0.1941108,1.147424,-0.7634858,-0.04569105,-0.9789723,-0.1856395,0.4609003,0.6456591,0.2421701,-0.08353099,0.635986,0.08136103,-0.0002951501,1.180398,0.03438253,-0.04106257,-0.9664501,-0.01854644,0.1997049,1.100479,-0.8863187,0,0,0,0,-0.7071068,0,0,0,0,0,-0.7071068,0,0,0,0,0,-0.7071068,0,0,0,0,0,-0.7071068,0,0,0,0,0,-0.7071068,0
19.89794,23,3,1,0.1907701,1.159797,-0.7605625,-0.0452415,-0.9773645,-0.1947102,0.460948,0.6454867,0.2421784,-0.08308691,0.636039,0.0811958,-0.001712927,1.181396,0.03672333,-0.03902818,-0.9664279,-0.02407819,0.1982871,1.11378,-0.8819601,0,0,0,0,-0.7071068,0,0,0,0,0,-0.7071068,0,0,0,0,0,-0.7071068,0,0,0,0,0,-0.7071068,0,0,0,0,0,-0.7071068,0
19.92036,23,3,1,0.1872265,1.172111,-0.7576374,-0.04520547,-0.9757146,-0.2040093,0.4609088,0.6454948,0.2422498,-0.08276364,0.6361482,0.08136116,-0.003058478,1.182356,0.03900483,-0.03743705,-0.9663952,-0.02961393,0.1969415,1.126269,-0.8776039,0,0,0,0,-0.7071068,0,0,0,0,0,-0.7071068,0,0,0,0,0,-0.7071068,0,0,0,0,0,-0.7071068,0,0,0,0,0,-0.7071068,0
19.94297,23,3,1,0.183252,1.183739,-0.7547561,-0.04184444,-0.9744267,-0.2122191,0.4609188,0.6453694,0.242156,-0.08229639,0.6365383,0.08152434,-0.004483094,1.183172,0.04131506,-0.03637074,-0.9662256,-0.03488354,0.1955169,1.139061,-0.8729483,0,0,0,0,-0.7071068,0,0,0,0,0,-0.7071068,0,0,0,0,0,-0.7071068,0,0,0,0,0,-0.7071068,0,0,0,0,0,-0.7071068,0
19.96456,23,3,1,0.1796236,1.19477,-0.752004,-0.03822161,-0.9737153,-0.2167478,0.4608276,0.6455303,0.2423922,-0.08192892,0.6363596,0.08250149,-0.005781753,1.18391,0.04337354,-0.03569232,-0.9659851,-0.04058746,0.1942182,1.151836,-0.8683355,0,0,0,0,-0.7071068,0,0,0,0,0,-0.7071068,0,0,0,0,0,-0.7071068,0,0,0,0,0,-0.7071068,0,0,0,0,0,-0.7071068,0
19.98683,23,3,1,0.1762088,1.205665,-0.7490059,-0.03872564,-0.9723125,-0.2237344,0.4608947,0.6456232,0.2424907,-0.08160404,0.6362711,0.08309909,-0.007164264,1.184668,0.04553502,-0.03475479,-0.9658153,-0.04635834,0.1928357,1.164049,-0.863558,0,0,0,0,-0.7071068,0,0,0,0,0,-0.7071068,0,0,0,0,0,-0.7071068,0,0,0,0,0,-0.7071068,0,0,0,0,0,-0.7071068,0
20.0094,23,3,1,0.1728998,1.216399,-0.7454193,-0.03948882,-0.9703798,-0.2326707,0.4609351,0.6457329,0.242424,-0.0813883,0.636378,0.08322342,-0.008540465,1.18543,0.04774515,-0.03405934,-0.965708,-0.05179829,0.1914595,1.176584,-0.8584692,0,0,0,0,-0.7071068,0,0,0,0,0,-0.7071068,0,0,0,0,0,-0.7071068,0,0,0,0,0,-0.7071068,0,0,0,0,0,-0.7071068,0
20.03139,23,3,1,0.1702661,1.226615,-0.7418531,-0.04163669,-0.9685582,-0.2399968,0.4609534,0.6457553,0.2423628,-0.08098153,0.6366253,0.0835421,-0.009988485,1.186105,0.04989371,-0.03360793,-0.9654843,-0.0579224,0.1900115,1.189146,-0.8532162,0,0,0,0,-0.7071068,0,0,0,0,0,-0.7071068,0,0,0,0,0,-0.7071068,0,0,0,0,0,-0.7071068,0,0,0,0,0,-0.7071068,0
20.05351,23,3,1,0.1680861,1.236093,-0.7384017,-0.04287595,-0.9675578,-0.2437559,0.4609591,0.6457911,0.2421627,-0.0811358,0.6369691,0.08336671,-0.01146622,1.186715,0.05191696,-0.03311183,-0.9651951,-0.06310857,0.1885338,1.201289,-0.8479884,0,0,0,0,-0.7071068,0,0,0,0,0,-0.7071068,0,0,0,0,0,-0.7071068,0,0,0,0,0,-0.7071068,0,0,0,0,0,-0.7071068,0
20.07674,23,3,1,0.1661659,1.245597,-0.7349079,-0.04512782,-0.9663225,-0.2481118,0.4610846,0.6458449,0.2420568,-0.08089183,0.6370869,0.08388193,-0.01288948,1.187345,0.0538856,-0.03263392,-0.9650634,-0.06770672,0.1871105,1.213467,-0.8426188,0,0,0,0,-0.7071068,0,0,0,0,0,-0.7071068,0,0,0,0,0,-0.7071068,0,0,0,0,0,-0.7071068,0,0,0,0,0,-0.7071068,0
20.09795,23,3,1,0.1638389,1.255819,-0.7307497,-0.04583903,-0.9644108,-0.2556565,0.4610224,0.6458646,0.2421263,-0.08076822,0.6369189,0.08420791,-0.01432611,1.18804,0.0556918,-0.03210245,-0.9648373,-0.07218609,0.1856739,1.226228,-0.8370506,0,0,0,0,-0.7071068,0,0,0,0,0,-0.7071068,0,0,0,0,0,-0.7071068,0,0,0,0,0,-0.7071068,0,0,0,0,0,-0.7071068,0
20.12003,23,3,1,0.1616753,1.266278,-0.726676,-0.04526235,-0.9622307,-0.2640494,0.4611696,0.6460087,0.2417859,-0.08089039,0.6370914,0.08436885,-0.01555466,1.188768,0.05720193,-0.0314084,-0.9645284,-0.07655343,0.1844453,1.237926,-0.8319328,0,0,0,0,-0.7071068,0,0,0,0,0,-0.7071068,0,0,0,0,0,-0.7071068,0,0,0,0,0,-0.7071068,0,0,0,0,0,-0.7071068,0
20.14304,23,3,1,0.1596739,1.276503,-0.7224494,-0.04282413,-0.9608883,-0.2693855,0.4612509,0.6459941,0.2415613,-0.08072092,0.6372693,0.08425042,-0.01675944,1.18943,0.05880421,-0.02989445,-0.9641992,-0.08089083,0.1832406,1.249945,-0.8264046,0,0,0,0,-0.7071068,0,0,0,0,0,-0.7071068,0,0,0,0,0,-0.7071068,0,0,0,0,0,-0.7071068,0,0,0,0,0,-0.7071068,0
20.16463,23,3,1,0.1574825,1.286827,-0.7181204,-0.04144193,-0.9596795,-0.2744504,0.461299,0.6459854,0.2415257,-0.08068366,0.637212,0.0842258,-0.01778982,1.190081,0.06030644,-0.02857344,-0.9637356,-0.08480988,0.1822102,1.262367,-0.8206248,0,0,0,0,-0.7071068,0,0,0,0,0,-0.7071068,0,0,0,0,0,-0.7071068,0,0,0,0,0,-0.7071068,0,0,0,0,0,-0.7071068,0
20.18678,23,3,1,0.1556206,1.297402,-0.7132645,-0.03716123,-0.9580202,-0.2808976,0.4613478,0.6459483,0.2414993,-0.0805428,0.6369476,0.08437199,-0.01878833,1.19056,0.06174218,-0.02822559,-0.9631784,-0.08830447,0.1812117,1.273824,-0.8150048,0,0,0,0,-0.7071068,0,0,0,0,0,-0.7071068,0,0,0,0,0,-0.7071068,0,0,0,0,0,-0.7071068,0,0,0,0,0,-0.7071068,0
20.20952,23,3,1,0.1544126,1.307931,-0.7082847,-0.0323665,-0.9558002,-0.2886332,0.4614164,0.6460323,0.2414496,-0.08039937,0.6368974,0.08451732,-0.01977646,1.190978,0.06310063,-0.02843795,-0.9625232,-0.09136425,0.1802235,1.285442,-0.8091811,0,0,0,0,-0.7071068,0,0,0,0,0,-0.7071068,0,0,0,0,0,-0.7071068,0,0,0,0,0,-0.7071068,0,0,0,0,0,-0.7071068,0
20.23137,23,3,1,0.1535798,1.318092,-0.7032323,-0.03277491,-0.9538213,-0.2947729,0.4614795,0.6460509,0.2413915,-0.08015452,0.6369638,0.08461301,-0.02082176,1.191467,0.06444399,0.02885544,0.9618789,0.09483735,0.1791783,1.297353,-0.8030749,0,0,0,0,-0.7071068,0,0,0,0,0,-0.7071068,0,0,0,0,0,-0.7071068,0,0,0,0,0,-0.7071068,0,0,0,0,0,-0.7071068,0
20.25336,23,3,1,0.1523805,1.328131,-0.6980925,-0.03307745,-0.9520854,-0.300283,0.4614085,0.6460258,0.2413356,-0.08004369,0.6370488,0.08435953,-0.0212906,1.191647,0.06487418,0.02808782,0.9615682,0.09666258,0.1787094,1.308438,-0.7978975,0,0,0,0,-0.7071068,0,0,0,0,0,-0.7071068,0,0,0,0,0,-0.7071068,0,0,0,0,0,-0.7071068,0,0,0,0,0,-0.7071068,0
20.27638,23,3,1,0.1514734,1.333175,-0.6952146,-0.03188772,-0.951269,-0.3030676,0.4614201,0.6459724,0.2413814,-0.08002836,0.6371136,0.08420382,-0.0217627,1.191891,0.06531075,0.02767084,0.9614052,0.09817114,0.1782373,1.31958,-0.7925167,0,0,0,0,-0.7071068,0,0,0,0,0,-0.7071068,0,0,0,0,0,-0.7071068,0,0,0,0,0,-0.7071068,0,0,0,0,0,-0.7071068,0
20.29549,23,3,1,0.1505597,1.338321,-0.6926814,-0.0305281,-0.9503936,-0.3060071,0.4614135,0.6459911,0.2413895,-0.08022423,0.6371196,0.08414571,-0.02229515,1.192177,0.0658059,0.02728875,0.9612065,0.09994291,0.1777049,1.331194,-0.7866663,0,0,0,0,-0.7071068,0,0,0,0,0,-0.7071068,0,0,0,0,0,-0.7071068,0,0,0,0,0,-0.7071068,0,0,0,0,0,-0.7071068,0
20.31266,23,3,1,0.1488214,1.348653,-0.6875477,-0.02935889,-0.9485487,-0.3118994,0.4614046,0.6460041,0.2413459,-0.08019973,0.6372603,0.08388213,-0.02284812,1.192472,0.066282,0.02664075,0.9610549,0.1017988,0.1771519,1.340825,-0.7816076,0,0,0,0,-0.7071068,0,0,0,0,0,-0.7071068,0,0,0,0,0,-0.7071068,0,0,0,0,0,-0.7071068,0,0,0,0,0,-0.7071068,0
20.33032,23,3,1,0.1478996,1.353691,-0.684769,-0.02987559,-0.9475911,-0.3149307,0.4613853,0.6459799,0.24142,-0.08025593,0.6373217,0.08385234,-0.02397818,1.193081,0.06711327,0.02548162,0.9607619,0.1057726,0.1760218,1.349772,-0.7765517,0,0,0,0,-0.7071068,0,0,0,0,0,-0.7071068,0,0,0,0,0,-0.7071068,0,0,0,0,0,-0.7071068,0,0,0,0,0,-0.7071068,0
20.34769,23,3,1,0.145969,1.36408,-0.6791957,-0.02866891,-0.9456279,-0.3211186,0.4612072,0.646033,0.2414962,-0.08055885,0.6374689,0.08373737,-0.02520353,1.19366,0.0678902,0.02406471,0.9606878,0.1093577,0.1747965,1.358869,-0.7713283,0,0,0,0,-0.7071068,0,0,0,0,0,-0.7071068,0,0,0,0,0,-0.7071068,0,0,0,0,0,-0.7071068,0,0,0,0,0,-0.7071068,0
20.36413,23,3,1,0.1448816,1.369364,-0.6762498,-0.0275791,-0.9446377,-0.3241444,0.4613612,0.6458141,0.2413956,-0.08071633,0.6374759,0.08349461,-0.02589006,1.193951,0.06833003,-0.02332947,-0.9607173,-0.1108938,0.1741099,1.367487,-0.7664119,0,0,0,0,-0.7071068,0,0,0,0,0,-0.7071068,0,0,0,0,0,-0.7071068,0,0,0,0,0,-0.7071068,0,0,0,0,0,-0.7071068,0
20.38109,23,3,1,0.1428306,1.380028,-0.6705375,-0.02592227,-0.9424998,-0.3305607,0.4613685,0.645883,0.2413914,-0.08080801,0.63745,0.08349356,-0.02727259,1.194554,0.06902078,-0.02185575,-0.9607593,-0.1141165,0.1727274,1.375919,-0.7613913,0,0,0,0,-0.7071068,0,0,0,0,0,-0.7071068,0,0,0,0,0,-0.7071068,0,0,0,0,0,-0.7071068,0,0,0,0,0,-0.7071068,0
20.39924,23,3,1,0.1405886,1.390764,-0.6644867,-0.0243285,-0.9399492,-0.338135,0.4613822,0.645838,0.2414556,-0.08078189,0.6374013,0.08346744,-0.02794221,1.194834,0.06933718,-0.02116166,-0.960808,-0.115698,0.1720578,1.384225,-0.7565138,0,0,0,0,-0.7071068,0,0,0,0,0,-0.7071068,0,0,0,0,0,-0.7071068,0,0,0,0,0,-0.7071068,0,0,0,0,0,-0.7071068,0
20.4164,23,3,1,0.1393102,1.396186,-0.6613505,-0.02117372,-0.9385367,-0.3423533,0.4613898,0.6458267,0.241488,-0.08074065,0.6373557,0.08351893,-0.02922978,1.195323,0.06993177,-0.01994167,-0.9608957,-0.1187543,0.1707702,1.393241,-0.7509338,0,0,0,0,-0.7071068,0,0,0,0,0,-0.7071068,0,0,0,0,0,-0.7071068,0,0,0,0,0,-0.7071068,0,0,0,0,0,-0.7071068,0
20.43387,23,3,1,0.1369825,1.406632,-0.6548451,-0.01436034,-0.9356987,-0.3503955,0.4615165,0.645979,0.2414992,-0.08065124,0.6371439,0.083773,-0.02991055,1.195517,0.07020511,-0.01923621,-0.9609968,-0.1199022,0.1700895,1.401442,-0.7458468,0,0,0,0,-0.7071068,0,0,0,0,0,-0.7071068,0,0,0,0,0,-0.7071068,0,0,0,0,0,-0.7071068,0,0,0,0,0,-0.7071068,0
20.45201,23,3,1,0.1360489,1.411605,-0.6515208,-0.01233128,-0.9342591,-0.3542654,0.4615441,0.6460434,0.2414648,-0.0807265,0.6371672,0.08389093,-0.03127025,1.195788,0.07071418,-0.01776474,-0.961214,-0.1219414,0.1687298,1.409802,-0.7403395,0,0,0,0,-0.7071068,0,0,0,0,0,-0.7071068,0,0,0,0,0,-0.7071068,0,0,0,0,0,-0.7071068,0,0,0,0,0,-0.7071068,0
20.46933,23,3,1,0.134436,1.421374,-0.6448973,-0.01059061,-0.9313434,-0.3617605,0.4614073,0.6459417,0.2413778,-0.08051155,0.6370725,0.08398572,-0.03254113,1.196179,0.07118936,-0.01643787,-0.9613165,-0.1242858,0.1674589,1.418526,-0.7345718,0,0,0,0,-0.7071068,0,0,0,0,0,-0.7071068,0,0,0,0,0,-0.7071068,0,0,0,0,0,-0.7071068,0,0,0,0,0,-0.7071068,0
20.48615,23,3,1,0.133545,1.426147,-0.6415442,-0.009196192,-0.9300219,-0.3650873,0.461354,0.6458938,0.2414691,-0.08063658,0.6370504,0.0838431,-0.0330557,1.196453,0.0714554,-0.01579243,-0.9613186,-0.125532,0.1669443,1.426694,-0.7291537,0,0,0,0,-0.7071068,0,0,0,0,0,-0.7071068,0,0,0,0,0,-0.7071068,0,0,0,0,0,-0.7071068,0,0,0,0,0,-0.7071068,0
20.50474,23,3,1,0.1316019,1.435291,-0.6352885,-0.005947143,-0.9275128,-0.3714252,0.4613424,0.6459748,0.2412917,-0.08076139,0.6370517,0.08357166,-0.03426087,1.196862,0.0720292,-0.01446307,-0.9612906,-0.1279771,0.1657391,1.434711,-0.7234846,0,0,0,0,-0.7071068,0,0,0,0,0,-0.7071068,0,0,0,0,0,-0.7071068,0,0,0,0,0,-0.7071068,0,0,0,0,0,-0.7071068,0
20.52172,23,3,1,0.1295349,1.444283,-0.6292379,-0.000897333,-0.925033,-0.3775708,0.4613989,0.6459936,0.2411272,-0.08105151,0.6372294,0.08332215,-0.03482538,1.197115,0.07232136,-0.01361226,-0.9612921,-0.1290915,0.1651746,1.443298,-0.7174606,0,0,0,0,-0.7071068,0,0,0,0,0,-0.7071068,0,0,0,0,0,-0.7071068,0,0,0,0,0,-0.7071068,0,0,0,0,0,-0.7071068,0
20.54347,23,3,1,0.1269048,1.452438,-0.6232396,0.001973197,-0.9232273,-0.3820934,0.4613866,0.6459141,0.240897,-0.08154383,0.6374685,0.0831166,-0.03592299,1.197541,0.07286185,-0.0122338,-0.9612651,-0.1314549,0.164077,1.451274,-0.7115875,0,0,0,0,-0.7071068,0,0,0,0,0,-0.7071068,0,0,0,0,0,-0.7071068,0,0,0,0,0,-0.7071068,0,0,0,0,0,-0.7071068,0
20.56063,23,3,1,0.1255145,1.456296,-0.6201344,0.002004325,-0.9223696,-0.3842985,0.461441,0.645865,0.2408487,-0.08158256,0.6375451,0.08308755,-0.03701449,1.198077,0.07346988,-0.01155273,-0.9612003,-0.1333581,0.1629855,1.461386,-0.7040211,0,0,0,0,-0.7071068,0,0,0,0,0,-0.7071068,0,0,0,0,0,-0.7071068,0,0,0,0,0,-0.7071068,0,0,0,0,0,-0.7071068,0
20.57932,23,3,1,0.1229353,1.463787,-0.6142796,0.004204631,-0.9201128,-0.3899329,0.4613964,0.6458086,0.2408532,-0.08123941,0.6373876,0.08333249,-0.03757051,1.198296,0.07379775,-0.01125655,-0.9611384,-0.1345076,0.1624295,1.469086,-0.6980999,0,0,0,0,-0.7071068,0,0,0,0,0,-0.7071068,0,0,0,0,0,-0.7071068,0,0,0,0,0,-0.7071068,0,0,0,0,0,-0.7071068,0
20.59826,23,3,1,0.1207238,1.471067,-0.6085415,0.005080417,-0.9179199,-0.3951841,0.4613164,0.6458023,0.2410152,-0.0807907,0.6371918,0.08380067,-0.03861593,1.198569,0.07454145,-0.009347118,-0.9610424,-0.1366304,0.1613841,1.47743,-0.6911627,0,0,0,0,-0.7071068,0,0,0,0,0,-0.7071068,0,0,0,0,0,-0.7071068,0,0,0,0,0,-0.7071068,0,0,0,0,0,-0.7071068,0
20.6146,23,3,1,0.1199206,1.474416,-0.6057623,0.004627898,-0.916971,-0.3973822,0.4612434,0.6457617,0.2411034,-0.08053429,0.6369949,0.08410576,-0.03962129,1.198962,0.07528047,-0.008448347,-0.9608921,-0.1389619,0.1603787,1.485916,-0.6840435,0,0,0,0,-0.7071068,0,0,0,0,0,-0.7071068,0,0,0,0,0,-0.7071068,0,0,0,0,0,-0.7071068,0,0,0,0,0,-0.7071068,0
20.63183,23,3,1,0.117955,1.4809,-0.5998092,0.008816972,-0.9149903,-0.4018011,0.461231,0.6458273,0.2412648,-0.08013352,0.6368591,0.0843161,-0.04022344,1.199163,0.07560691,-0.008225091,-0.9607604,-0.1404133,0.1597766,1.493035,-0.6781232,0,0,0,0,-0.7071068,0,0,0,0,0,-0.7071068,0,0,0,0,0,-0.7071068,0,0,0,0,0,-0.7071068,0,0,0,0,0,-0.7071068,0
20.65049,23,3,1,0.1169087,1.484225,-0.5970659,0.01123863,-0.9141818,-0.4035519,0.4612631,0.6458409,0.2412737,-0.08008,0.6368914,0.08431569,-0.04147443,1.199496,0.07625063,-0.007794239,-0.9605839,-0.142854,0.1585256,1.500592,-0.6714977,0,0,0,0,-0.7071068,0,0,0,0,0,-0.7071068,0,0,0,0,0,-0.7071068,0,0,0,0,0,-0.7071068,0,0,0,0,0,-0.7071068,0
20.6684,23,3,1,0.1152232,1.490786,-0.591541,0.01352479,-0.9130644,-0.4059663,0.461354,0.6457815,0.2413101,-0.08000191,0.6370662,0.08404315,-0.04213145,1.199667,0.07655828,-0.00733351,-0.9605353,-0.1437789,0.1578685,1.508502,-0.6646159,0,0,0,0,-0.7071068,0,0,0,0,0,-0.7071068,0,0,0,0,0,-0.7071068,0,0,0,0,0,-0.7071068,0,0,0,0,0,-0.7071068,0
20.68444,23,3,1,0.1142551,1.494117,-0.5887051,0.01609793,-0.9126523,-0.4068357,0.4614042,0.6457667,0.2412693,-0.07999011,0.6371826,0.08385418,-0.04338695,1.200107,0.07718773,-0.006053522,-0.9604331,-0.1457368,0.1566131,1.516288,-0.6575832,0,0,0,0,-0.7071068,0,0,0,0,0,-0.7071068,0,0,0,0,0,-0.7071068,0,0,0,0,0,-0.7071068,0,0,0,0,0,-0.7071068,0
20.70213,23,3,1,0.1120729,1.500957,-0.5826904,0.02457431,-0.9117287,-0.4085677,0.4615929,0.6456392,0.2411685,-0.08009147,0.6374939,0.08324646,-0.04405328,1.200326,0.07754754,-0.005117558,-0.9603523,-0.1468518,0.1559467,1.523021,-0.6514083,0,0,0,0,-0.7071068,0,0,0,0,0,-0.7071068,0,0,0,0,0,-0.7071068,0,0,0,0,0,-0.7071068,0,0,0,0,0,-0.7071068,0
20.71851,23,3,1,0.1111977,1.504315,-0.5795274,0.02947359,-0.9111829,-0.4094255,0.4616188,0.6456547,0.2411487,-0.08012166,0.6375732,0.08317586,-0.04535295,1.200733,0.07820565,-0.003552563,-0.9601537,-0.1492112,0.1546471,1.530537,-0.6442522,0,0,0,0,-0.7071068,0,0,0,0,0,-0.7071068,0,0,0,0,0,-0.7071068,0,0,0,0,0,-0.7071068,0,0,0,0,0,-0.7071068,0
20.73547,23,3,1,0.1099038,1.511037,-0.5723006,0.03744094,-0.9093243,-0.4127597,0.4616516,0.6456457,0.2410427,-0.08016615,0.6377854,0.08303415,-0.04680702,1.201154,0.0788065,-0.002886504,-0.9597776,-0.152122,0.153193,1.537464,-0.6375607,0,0,0,0,-0.7071068,0,0,0,0,0,-0.7071068,0,0,0,0,0,-0.7071068,0,0,0,0,0,-0.7071068,0,0,0,0,0,-0.7071068,0
20.75306,23,3,1,0.1095778,1.514395,-0.5686272,0.04207404,-0.9083015,-0.414384,0.4616682,0.6456484,0.2409957,-0.08027513,0.6378481,0.08287038,-0.04758544,1.201305,0.07908165,-0.002745084,-0.9595735,-0.1536593,0.1524146,1.54428,-0.6308991,0,0,0,0,-0.7071068,0,0,0,0,0,-0.7071068,0,0,0,0,0,-0.7071068,0,0,0,0,0,-0.7071068,0,0,0,0,0,-0.7071068,0
20.77109,24,3,1,0.1093151,1.521126,-0.561313,0.0513269,-0.906115,-0.4173952,0.461692,0.645632,0.2408193,-0.08038722,0.6381608,0.0824803,-0.04921741,1.201547,0.07958555,-0.00224153,-0.9593055,-0.1560145,0.1507826,1.551353,-0.6236899,0,0,0,0,-0.7071068,0,0,0,0,0,-0.7071068,0,0,0,0,0,-0.7071068,0,0,0,0,0,-0.7071068,0,0,0,0,0,-0.7071068,0
20.78865,24,3,1,0.1093653,1.527348,-0.5541316,0.05721799,-0.9042155,-0.4198641,0.4618708,0.6454909,0.2406037,-0.08045921,0.6384977,0.08215944,-0.05000642,1.201642,0.07989231,-0.001855254,-0.9592097,-0.1571297,0.1499936,1.558364,-0.6164225,0,0,0,0,-0.7071068,0,0,0,0,0,-0.7071068,0,0,0,0,0,-0.7071068,0,0,0,0,0,-0.7071068,0,0,0,0,0,-0.7071068,0
20.80852,24,3,1,0.1095231,1.530406,-0.5505725,0.05813523,-0.9034577,-0.4210021,0.4618651,0.645467,0.2404979,-0.08065555,0.6385163,0.08201487,-0.05174319,1.202001,0.08036497,-0.0006818175,-0.9589336,-0.1595031,0.1482568,1.565378,-0.6090845,0,0,0,0,-0.7071068,0,0,0,0,0,-0.7071068,0,0,0,0,0,-0.7071068,0,0,0,0,0,-0.7071068,0,0,0,0,0,-0.7071068,0
20.8268,24,3,1,0.109398,1.536494,-0.5431448,0.05486201,-0.9020365,-0.4240838,0.4618352,0.6454227,0.2402746,-0.08100809,0.6385778,0.08143096,-0.05343774,1.202314,0.08083133,0.001124077,-0.9587595,-0.1615842,0.1465623,1.573114,-0.6007579,0,0,0,0,-0.7071068,0,0,0,0,0,-0.7071068,0,0,0,0,0,-0.7071068,0,0,0,0,0,-0.7071068,0,0,0,0,0,-0.7071068,0
20.84348,24,3,1,0.1086047,1.542634,-0.5361201,0.05128798,-0.9004069,-0.4280254,0.4618471,0.6455561,0.2401133,-0.08119438,0.6388198,0.08119438,-0.05428763,1.202442,0.08107593,0.002209812,-0.9586782,-0.1623909,0.1457124,1.579979,-0.5931862,0,0,0,0,-0.7071068,0,0,0,0,0,-0.7071068,0,0,0,0,0,-0.7071068,0,0,0,0,0,-0.7071068,0,0,0,0,0,-0.7071068,0
20.86064,24,3,1,0.108,1.545746,-0.5324544,0.05077381,-0.8994442,-0.4301451,0.4618231,0.6455787,0.2400491,-0.08122751,0.6388698,0.08122751,-0.05600482,1.202679,0.08147082,0.004684798,-0.9585279,-0.1639761,0.1439952,1.586278,-0.5860354,0,0,0,0,-0.7071068,0,0,0,0,0,-0.7071068,0,0,0,0,0,-0.7071068,0,0,0,0,0,-0.7071068,0,0,0,0,0,-0.7071068,0
20.87727,24,3,1,0.1059866,1.552214,-0.5253296,0.05095565,-0.8971725,-0.4350984,0.4617142,0.6456816,0.240054,-0.08167948,0.6385669,0.08150685,-0.05685212,1.202828,0.08161367,0.005625099,-0.9583865,-0.1649755,0.1431479,1.592581,-0.5788687,0,0,0,0,-0.7071068,0,0,0,0,0,-0.7071068,0,0,0,0,0,-0.7071068,0,0,0,0,0,-0.7071068,0,0,0,0,0,-0.7071068,0
20.89671,24,3,1,0.1049623,1.555455,-0.5218132,0.05120432,-0.8959707,-0.4376604,0.4616294,0.6456577,0.2400385,-0.08179669,0.6384915,0.08155255,-0.05848283,1.203143,0.08195669,0.007377841,-0.9581374,-0.1668275,0.1415172,1.598782,-0.5716453,0,0,0,0,-0.7071068,0,0,0,0,0,-0.7071068,0,0,0,0,0,-0.7071068,0,0,0,0,0,-0.7071068,0,0,0,0,0,-0.7071068,0
20.91513,24,3,1,0.1025484,1.562009,-0.5145411,0.05221486,-0.8929468,-0.444014,0.4614992,0.6457905,0.2401786,-0.0817044,0.6381457,0.08153177,-0.06001241,1.203488,0.08220696,0.008920699,-0.957953,-0.1683356,0.1399876,1.605903,-0.5632695,0,0,0,0,-0.7071068,0,0,0,0,0,-0.7071068,0,0,0,0,0,-0.7071068,0,0,0,0,0,-0.7071068,0,0,0,0,0,-0.7071068,0
20.93472,24,3,1,0.1006817,1.56849,-0.5075936,0.05195913,-0.8903785,-0.4491973,0.4615283,0.6457584,0.2402074,-0.08141953,0.6380529,0.08141953,-0.06076511,1.203627,0.0823559,0.009781152,-0.9578395,-0.1691313,0.1392349,1.612357,-0.5553399,0,0,0,0,-0.7071068,0,0,0,0,0,-0.7071068,0,0,0,0,0,-0.7071068,0,0,0,0,0,-0.7071068,0,0,0,0,0,-0.7071068,0
20.95227,24,3,1,0.09959181,1.571595,-0.5041286,0.05110013,-0.8892384,-0.4515997,0.461607,0.6457336,0.2403429,-0.08136902,0.6380328,0.08112488,-0.06211908,1.204051,0.08254849,0.01154055,-0.9576387,-0.1705904,0.1378809,1.61939,-0.5467815,0,0,0,0,-0.7071068,0,0,0,0,0,-0.7071068,0,0,0,0,0,-0.7071068,0,0,0,0,0,-0.7071068,0,0,0,0,0,-0.7071068,0
20.96953,24,3,1,0.09737201,1.577702,-0.4973328,0.04925184,-0.8870336,-0.4562776,0.4616709,0.6456879,0.2403333,-0.08141249,0.6381249,0.08076656,-0.06334608,1.2044,0.08277173,0.01335867,-0.9574836,-0.1718797,0.1366539,1.625565,-0.5389836,0,0,0,0,-0.7071068,0,0,0,0,0,-0.7071068,0,0,0,0,0,-0.7071068,0,0,0,0,0,-0.7071068,0,0,0,0,0,-0.7071068,0
20.98691,24,3,1,0.09502371,1.583822,-0.4904276,0.04786029,-0.8842762,-0.461869,0.4617203,0.645454,0.2402214,-0.08135441,0.6383553,0.08070847,-0.06391558,1.204529,0.08297185,0.01408026,-0.9573998,-0.1726331,0.1360844,1.631331,-0.5312679,0,0,0,0,-0.7071068,0,0,0,0,0,-0.7071068,0,0,0,0,0,-0.7071068,0,0,0,0,0,-0.7071068,0,0,0,0,0,-0.7071068,0
21.00418,24,3,1,0.09375568,1.586825,-0.4869493,0.04714856,-0.882803,-0.4648151,0.4617284,0.6456058,0.2402752,-0.08119657,0.6384016,0.08073982,-0.06498592,1.204736,0.08312579,0.01557841,-0.9571863,-0.1741315,0.1350141,1.63712,-0.5234813,0,0,0,0,-0.7071068,0,0,0,0,0,-0.7071068,0,0,0,0,0,-0.7071068,0,0,0,0,0,-0.7071068,0,0,0,0,0,-0.7071068,0
21.0228,24,3,1,0.09092588,1.592765,-0.4797613,0.04510218,-0.8791851,-0.4720947,0.4618506,0.6456722,0.2402671,-0.08111021,0.6384613,0.08072419,-0.06539109,1.204764,0.08334387,0.0162306,-0.9571162,-0.1747786,0.1346089,1.642605,-0.5156087,0,0,0,0,-0.7071068,0,0,0,0,0,-0.7071068,0,0,0,0,0,-0.7071068,0,0,0,0,0,-0.7071068,0,0,0,0,0,-0.7071068,0
21.03982,24,3,1,0.08942325,1.595554,-0.476283,0.04308452,-0.8771995,-0.4761785,0.4618731,0.6456368,0.2402211,-0.08109359,0.6385164,0.08079458,-0.06628482,1.204977,0.08361552,0.01714882,-0.9570436,-0.1757804,0.1337152,1.648596,-0.5070142,0,0,0,0,-0.7071068,0,0,0,0,0,-0.7071068,0,0,0,0,0,-0.7071068,0,0,0,0,0,-0.7071068,0,0,0,0,0,-0.7071068,0
21.05793,24,3,1,0.08680994,1.601121,-0.4693541,0.03504649,-0.8732171,-0.4845109,0.4618606,0.6455746,0.2401008,-0.08116902,0.638624,0.08078301,-0.06670633,1.205046,0.0837254,0.01737364,-0.9570163,-0.1763197,0.1332937,1.653854,-0.4992279,0,0,0,0,-0.7071068,0,0,0,0,0,-0.7071068,0,0,0,0,0,-0.7071068,0,0,0,0,0,-0.7071068,0,0,0,0,0,-0.7071068,0
21.0745,24,3,1,0.08558638,1.603604,-0.4660742,0.03149661,-0.8714917,-0.48803,0.461863,0.6456,0.2400435,-0.08129936,0.6386881,0.08063076,-0.06761695,1.205201,0.08395506,0.01761792,-0.9569548,-0.1772464,0.132383,1.659429,-0.4907636,0,0,0,0,-0.7071068,0,0,0,0,0,-0.7071068,0,0,0,0,0,-0.7071068,0,0,0,0,0,-0.7071068,0,0,0,0,0,-0.7071068,0
21.09436,24,3,1,0.08278758,1.608176,-0.4595659,0.02988216,-0.8693129,-0.492272,0.46198,0.6457369,0.2400067,-0.08153795,0.6389026,0.08060829,-0.06836422,1.205271,0.08405047,0.01810567,-0.9570025,-0.1779735,0.1316358,1.664365,-0.4830761,0,0,0,0,-0.7071068,0,0,0,0,0,-0.7071068,0,0,0,0,0,-0.7071068,0,0,0,0,0,-0.7071068,0,0,0,0,0,-0.7071068,0
21.11098,24,3,1,0.08018333,1.612021,-0.4538804,0.03354535,-0.8693665,-0.4920025,0.4620791,0.6457201,0.2397904,-0.08178038,0.6389828,0.08058434,-0.06880032,1.205299,0.08415153,0.01829416,-0.9571,-0.1781385,0.1311997,1.670109,-0.4738043,0,0,0,0,-0.7071068,0,0,0,0,0,-0.7071068,0,0,0,0,0,-0.7071068,0,0,0,0,0,-0.7071068,0,0,0,0,0,-0.7071068,0
21.12949,24,3,1,0.07916255,1.613608,-0.4513521,0.0365101,-0.8700215,-0.4905331,0.4620457,0.6458237,0.2397732,-0.0817585,0.638967,0.08069432,-0.06966949,1.205322,0.08435179,0.018967,-0.957311,-0.178947,0.1303305,1.674818,-0.4658661,0,0,0,0,-0.7071068,0,0,0,0,0,-0.7071068,0,0,0,0,0,-0.7071068,0,0,0,0,0,-0.7071068,0,0,0,0,0,-0.7071068,0
21.14587,24,3,1,0.07812364,1.616874,-0.4461355,0.03410946,-0.8697424,-0.4910909,0.461978,0.6457822,0.2397649,-0.08186755,0.638949,0.08072242,-0.07049137,1.205521,0.08455271,0.01949389,-0.9573905,-0.1801275,0.1295086,1.680131,-0.4569839,0,0,0,0,-0.7071068,0,0,0,0,0,-0.7071068,0,0,0,0,0,-0.7071068,0,0,0,0,0,-0.7071068,0,0,0,0,0,-0.7071068,0
21.16218,24,3,1,0.07748491,1.61877,-0.4434007,0.03128964,-0.8692628,-0.4921425,0.4619572,0.6457918,0.2397223,-0.08196088,0.6389549,0.08064613,-0.07088251,1.205632,0.08465286,0.0198703,-0.9574246,-0.1807405,0.1291175,1.684672,-0.4491492,0,0,0,0,-0.7071068,0,0,0,0,0,-0.7071068,0,0,0,0,0,-0.7071068,0,0,0,0,0,-0.7071068,0,0,0,0,0,-0.7071068,0
21.17949,24,3,1,0.07630724,1.622241,-0.4377597,0.02510402,-0.8677495,-0.4953152,0.4618953,0.6458741,0.2397028,-0.08196744,0.6387897,0.08072257,-0.07126558,1.205764,0.08476812,0.02025677,-0.9574036,-0.1814019,0.1287344,1.680393,-0.456736,0,0,0,0,-0.7071068,0,0,0,0,0,-0.7071068,0,0,0,0,0,-0.7071068,0,0,0,0,0,-0.7071068,0,0,0,0,0,-0.7071068,0
21.19769,24,3,1,0.074444,1.626135,-0.432305,0.02482684,-0.8663449,-0.4979543,0.4617641,0.6458508,0.2396629,-0.08210711,0.6386619,0.08066276,-0.07198046,1.206012,0.08487194,0.02107735,-0.9573152,-0.182951,0.1280195,1.675864,-0.4647515,0,0,0,0,-0.7071068,0,0,0,0,0,-0.7071068,0,0,0,0,0,-0.7071068,0,0,0,0,0,-0.7071068,0,0,0,0,0,-0.7071068,0
21.2161,24,3,1,0.07333202,1.628277,-0.4294866,0.02634642,-0.865547,-0.4993232,0.4617276,0.6458601,0.2396899,-0.08218396,0.638563,0.08062069,-0.07280263,1.206256,0.08507861,0.02165943,-0.9572786,-0.1842269,0.1271974,1.670977,-0.4730212,0,0,0,0,-0.7071068,0,0,0,0,0,-0.7071068,0,0,0,0,0,-0.7071068,0,0,0,0,0,-0.7071068,0,0,0,0,0,-0.7071068,0
21.23395,24,3,1,0.07148356,1.632669,-0.4238279,0.02700691,-0.8633387,-0.5032051,0.4616204,0.6458201,0.2397304,-0.08224802,0.6384736,0.08069432,-0.07318984,1.206314,0.08515944,0.02213635,-0.9572906,-0.1845837,0.1268102,1.665737,-0.4814482,0,0,0,0,-0.7071068,0,0,0,0,0,-0.7071068,0,0,0,0,0,-0.7071068,0,0,0,0,0,-0.7071068,0,0,0,0,0,-0.7071068,0
21.25225,24,3,1,0.07067854,1.634941,-0.420787,0.02612643,-0.8619603,-0.5056731,0.4616983,0.6458849,0.2398144,-0.08202009,0.6385093,0.08077522,-0.07383017,1.206586,0.08531239,0.02302215,-0.9572822,-0.1852494,0.1261698,1.660769,-0.4894753,0,0,0,0,-0.7071068,0,0,0,0,0,-0.7071068,0,0,0,0,0,-0.7071068,0,0,0,0,0,-0.7071068,0,0,0,0,0,-0.7071068,0
21.26937,24,3,1,0.069336,1.639409,-0.4146054,0.02401926,-0.8596389,-0.509809,0.4617114,0.6458293,0.2399119,-0.08173056,0.6384906,0.08073886,-0.07439496,1.206954,0.0855621,0.02427924,-0.9569102,-0.1870893,0.125605,1.655661,-0.4975414,0,0,0,0,-0.7071068,0,0,0,0,0,-0.7071068,0,0,0,0,0,-0.7071068,0,0,0,0,0,-0.7071068,0,0,0,0,0,-0.7071068,0
21.28656,24,3,1,0.06778199,1.643922,-0.4078419,0.02442485,-0.8571372,-0.5140169,0.4617793,0.6456643,0.2399448,-0.08174919,0.6385873,0.08032563,-0.0746135,1.207178,0.08563495,0.02498976,-0.9566907,-0.1880561,0.1253865,1.650665,-0.5051879,0,0,0,0,-0.7071068,0,0,0,0,0,-0.7071068,0,0,0,0,0,-0.7071068,0,0,0,0,0,-0.7071068,0,0,0,0,0,-0.7071068,0
21.30396,24,3,1,0.06672663,1.646309,-0.4039622,0.02797477,-0.8555748,-0.5164203,0.4617753,0.6456643,0.23996,-0.08185434,0.6386568,0.08020752,-0.0750455,1.207629,0.08570231,0.02644088,-0.956259,-0.1898247,0.1249545,1.645782,-0.512807,0,0,0,0,-0.7071068,0,0,0,0,0,-0.7071068,0,0,0,0,0,-0.7071068,0,0,0,0,0,-0.7071068,0,0,0,0,0,-0.7071068,0
21.32069,24,3,1,0.06495602,1.651087,-0.396486,0.03236747,-0.852239,-0.5216864,0.4619198,0.645521,0.239801,-0.0819522,0.6389826,0.07977538,-0.07520177,1.207824,0.08572051,0.02765438,-0.955979,-0.1911231,0.1247982,1.640485,-0.5205033,0,0,0,0,-0.7071068,0,0,0,0,0,-0.7071068,0,0,0,0,0,-0.7071068,0,0,0,0,0,-0.7071068,0,0,0,0,0,-0.7071068,0
21.33782,24,3,1,0.06417353,1.653452,-0.3926547,0.03401378,-0.8505316,-0.5244018,0.4619301,0.645512,0.2397672,-0.08204506,0.6391854,0.07971612,-0.07564595,1.20842,0.08580126,0.02903268,-0.9553568,-0.1942549,0.1243541,1.635712,-0.527777,0,0,0,0,-0.7071068,0,0,0,0,0,-0.7071068,0,0,0,0,0,-0.7071068,0,0,0,0,0,-0.7071068,0,0,0,0,0,-0.7071068,0
21.35433,24,3,0,0.06312472,1.658045,-0.384363,0.03741398,-0.8470236,-0.5298202,0.4619332,0.6455059,0.2398089,-0.08221254,0.6393315,0.07961156,-0.07590904,1.208631,0.08583555,0.02956325,-0.9550444,-0.1958593,0.124091,1.630337,-0.5352073,0,0,0,0,-0.7071068,0,0,0,0,0,-0.7071068,0,0,0,0,0,-0.7071068,0,0,0,0,0,-0.7071068,0,0,0,0,0,-0.7071068,0
21.37298,24,3,0,0.06303758,1.660193,-0.3800958,0.03911288,-0.844952,-0.5329673,0.4619178,0.6455587,0.2398374,-0.08228982,0.6392248,0.07962098,-0.07647735,1.208814,0.08589799,0.03051035,-0.954798,-0.1977342,0.1235227,1.625052,-0.542277,0,0,0,0,-0.7071068,0,0,0,0,0,-0.7071068,0,0,0,0,0,-0.7071068,0,0,0,0,0,-0.7071068,0,0,0,0,0,-0.7071068,0
21.3911,24,3,0,0.06309835,1.664421,-0.3716657,0.0402434,-0.8410633,-0.5390139,0.4619625,0.6456723,0.2399269,-0.08238166,0.6390472,0.07966302,-0.07704639,1.208848,0.08595088,0.03076433,-0.9549264,-0.1986146,0.1229536,1.618813,-0.5502005,0,0,0,0,-0.7071068,0,0,0,0,0,-0.7071068,0,0,0,0,0,-0.7071068,0,0,0,0,0,-0.7071068,0,0,0,0,0,-0.7071068,0
21.40814,24,3,0,0.06375173,1.66621,-0.367508,0.039664,-0.8390319,-0.5422361,0.4618972,0.6457561,0.2399882,-0.08245777,0.6389737,0.0800409,-0.07748154,1.208825,0.08597759,0.0302747,-0.9550962,-0.1990204,0.1225185,1.612592,-0.5578489,0,0,0,0,-0.7071068,0,0,0,0,0,-0.7071068,0,0,0,0,0,-0.7071068,0,0,0,0,0,-0.7071068,0,0,0,0,0,-0.7071068,0
21.4273,24,3,0,0.06560592,1.669289,-0.3586459,0.03889892,-0.8342806,-0.5495273,0.4619149,0.6457524,0.2398883,-0.08237457,0.6390848,0.08034658,-0.07844262,1.208704,0.08611292,0.02961873,-0.955556,-0.1994275,0.1215574,1.606558,-0.5648568,0,0,0,0,-0.7071068,0,0,0,0,0,-0.7071068,0,0,0,0,0,-0.7071068,0,0,0,0,0,-0.7071068,0,0,0,0,0,-0.7071068,0
21.44418,24,3,0,0.06957702,1.671274,-0.3503757,0.03958714,-0.8293555,-0.5565206,0.4618798,0.6457931,0.2397307,-0.0818531,0.6392558,0.08100737,-0.07895426,1.208539,0.08622678,0.02970551,-0.955857,-0.1993906,0.1210457,1.599641,-0.5726922,0,0,0,0,-0.7071068,0,0,0,0,0,-0.7071068,0,0,0,0,0,-0.7071068,0,0,0,0,0,-0.7071068,0,0,0,0,0,-0.7071068,0
21.46223,24,3,0,0.07151643,1.672203,-0.3466356,0.0404166,-0.8272368,-0.5593575,0.461815,0.6458384,0.2397047,-0.08148676,0.6392651,0.08148676,-0.07994764,1.208308,0.0865772,0.03046215,-0.956354,-0.1996841,0.1200524,1.593377,-0.5792658,0,0,0,0,-0.7071068,0,0,0,0,0,-0.7071068,0,0,0,0,0,-0.7071068,0,0,0,0,0,-0.7071068,0,0,0,0,0,-0.7071068,0
21.47921,24,3,0,0.07623152,1.673294,-0.3403805,0.04084331,-0.8245361,-0.5626172,0.4615922,0.645834,0.2398568,-0.08117376,0.6386109,0.08239447,-0.08043741,1.208287,0.08683466,0.03105247,-0.9565524,-0.199827,0.1195626,1.586813,-0.5863358,0,0,0,0,-0.7071068,0,0,0,0,0,-0.7071068,0,0,0,0,0,-0.7071068,0,0,0,0,0,-0.7071068,0,0,0,0,0,-0.7071068,0
21.49696,24,3,0,0.07842103,1.673661,-0.3376411,0.04139972,-0.8232611,-0.5641207,0.4614561,0.6458807,0.2399478,-0.08113473,0.6381897,0.08289526,-0.08115994,1.208331,0.0875428,0.03240994,-0.9567157,-0.2007394,0.1188401,1.580616,-0.5924473,0,0,0,0,-0.7071068,0,0,0,0,0,-0.7071068,0,0,0,0,0,-0.7071068,0,0,0,0,0,-0.7071068,0,0,0,0,0,-0.7071068,0
21.5147,24,3,0,0.0821443,1.674252,-0.3328868,0.04459789,-0.821492,-0.5657041,0.4612097,0.6461741,0.2401207,-0.0814031,0.6373081,0.08425025,-0.08183415,1.208178,0.08844572,0.03372893,-0.9567348,-0.2014348,0.1181659,1.573856,-0.5985905,0,0,0,0,-0.7071068,0,0,0,0,0,-0.7071068,0,0,0,0,0,-0.7071068,0,0,0,0,0,-0.7071068,0,0,0,0,0,-0.7071068,0
21.53316,24,3,0,0.08593229,1.673729,-0.3310572,0.04940882,-0.8201723,-0.5665866,0.4610133,0.6463547,0.2402788,-0.08133128,0.6369145,0.08561246,-0.08206928,1.208075,0.08895085,0.03425642,-0.956773,-0.2015194,0.1179307,1.56706,-0.6050484,0,0,0,0,-0.7071068,0,0,0,0,0,-0.7071068,0,0,0,0,0,-0.7071068,0,0,0,0,0,-0.7071068,0,0,0,0,0,-0.7071068,0
21.55084,24,3,0,0.08764092,1.673259,-0.3309276,0.0512841,-0.8197171,-0.5668465,0.4609642,0.646443,0.2403325,-0.08115637,0.6367662,0.0861776,-0.0823717,1.207987,0.09006904,0.03541122,-0.9567041,-0.2016455,0.1176283,1.559919,-0.6110852,0,0,0,0,-0.7071068,0,0,0,0,0,-0.7071068,0,0,0,0,0,-0.7071068,0,0,0,0,0,-0.7071068,0,0,0,0,0,-0.7071068,0
21.56867,24,3,0,0.09072784,1.671844,-0.3316609,0.05420095,-0.8190138,-0.5673596,0.4608932,0.6463567,0.2404931,-0.08065668,0.6365108,0.086943,-0.08240633,1.20798,0.09070202,0.03581467,-0.9566387,-0.2017595,0.1175937,1.553071,-0.6172188,0,0,0,0,-0.7071068,0,0,0,0,0,-0.7071068,0,0,0,0,0,-0.7071068,0,0,0,0,0,-0.7071068,0,0,0,0,0,-0.7071068,0
21.5861,24,3,0,0.09239344,1.670423,-0.3322769,0.0558672,-0.8195146,-0.5663672,0.4609143,0.6462942,0.2406125,-0.08024336,0.6364706,0.08724726,-0.08236073,1.207955,0.09197199,0.03686942,-0.9564643,-0.2017722,0.1176393,1.546062,-0.6226875,0,0,0,0,-0.7071068,0,0,0,0,0,-0.7071068,0,0,0,0,0,-0.7071068,0,0,0,0,0,-0.7071068,0,0,0,0,0,-0.7071068,0
21.60357,24,3,0,0.09457116,1.668114,-0.3353044,0.06004283,-0.8215086,-0.5628191,0.4609331,0.6461723,0.240992,-0.07880157,0.6363978,0.08862197,-0.08207589,1.207897,0.09344942,0.03783476,-0.9562266,-0.2020613,0.1179241,1.5391,-0.6277108,0,0,0,0,-0.7071068,0,0,0,0,0,-0.7071068,0,0,0,0,0,-0.7071068,0,0,0,0,0,-0.7071068,0,0,0,0,0,-0.7071068,0
21.61987,24,3,0,0.09680288,1.664225,-0.3422972,0.06024373,-0.8271571,-0.5546799,0.4607455,0.6461016,0.2415138,-0.07724838,0.6362565,0.09024873,-0.08174273,1.207884,0.09414738,0.0383123,-0.9560885,-0.2024058,0.1182573,1.532083,-0.6334473,0,0,0,0,-0.7071068,0,0,0,0,0,-0.7071068,0,0,0,0,0,-0.7071068,0,0,0,0,0,-0.7071068,0,0,0,0,0,-0.7071068,0
21.63694,24,3,0,0.09803312,1.661966,-0.3458968,0.0597465,-0.830055,-0.5505565,0.4606749,0.6461058,0.241816,-0.07678724,0.6360862,0.09083011,-0.08098509,1.207954,0.09549784,0.03844898,-0.9557933,-0.2033232,0.1190149,1.52555,-0.6380209,0,0,0,0,-0.7071068,0,0,0,0,0,-0.7071068,0,0,0,0,0,-0.7071068,0,0,0,0,0,-0.7071068,0,0,0,0,0,-0.7071068,0
21.65428,24,3,0,0.09994511,1.656465,-0.35581,0.05871318,-0.8374802,-0.5398347,0.4605143,0.6460336,0.242182,-0.07620703,0.6360276,0.09174596,-0.08055144,1.207988,0.09617747,0.03842514,-0.955709,-0.2034798,0.1194486,1.518596,-0.6434655,0,0,0,0,-0.7071068,0,0,0,0,0,-0.7071068,0,0,0,0,0,-0.7071068,0,0,0,0,0,-0.7071068,0,0,0,0,0,-0.7071068,0
21.67036,24,3,0,0.1007207,1.653543,-0.3610159,0.06013627,-0.840629,-0.5349158,0.4605469,0.646064,0.2423057,-0.07588878,0.6361647,0.09213561,-0.0793926,1.207794,0.09737835,0.03782796,-0.9557844,-0.2030475,0.1206074,1.511235,-0.6483964,0,0,0,0,-0.7071068,0,0,0,0,0,-0.7071068,0,0,0,0,0,-0.7071068,0,0,0,0,0,-0.7071068,0,0,0,0,0,-0.7071068,0
21.68756,24,3,0,0.1025993,1.647505,-0.3715662,0.06046854,-0.846267,-0.5261489,0.4604105,0.6460345,0.2427044,-0.07508969,0.6362903,0.09348144,-0.07872582,1.207603,0.09797172,0.03703992,-0.9559016,-0.2025403,0.1212742,1.504323,-0.6534171,0,0,0,0,-0.7071068,0,0,0,0,0,-0.7071068,0,0,0,0,0,-0.7071068,0,0,0,0,0,-0.7071068,0,0,0,0,0,-0.7071068,0
21.70499,24,3,0,0.1032475,1.64428,-0.3766959,0.05821356,-0.8488798,-0.5223712,0.4603715,0.6459454,0.2429145,-0.07492442,0.6362687,0.09412558,-0.07714955,1.207271,0.09914807,0.03498939,-0.9560993,-0.2014746,0.1228505,1.496742,-0.6581557,0,0,0,0,-0.7071068,0,0,0,0,0,-0.7071068,0,0,0,0,0,-0.7071068,0,0,0,0,0,-0.7071068,0,0,0,0,0,-0.7071068,0
21.72151,24,3,0,0.1049907,1.636963,-0.3883161,0.05373064,-0.854068,-0.5147201,0.4602707,0.6457708,0.2433127,-0.0741543,0.6362823,0.09511133,-0.07624315,1.207071,0.09969135,0.03365659,-0.9561417,-0.20109,0.1237568,1.489118,-0.6635218,0,0,0,0,-0.7071068,0,0,0,0,0,-0.7071068,0,0,0,0,0,-0.7071068,0,0,0,0,0,-0.7071068,0,0,0,0,0,-0.7071068,0
21.73902,24,3,0,0.1057273,1.633069,-0.3946701,0.05206996,-0.8566828,-0.5106887,0.4602185,0.6456687,0.2434969,-0.07353127,0.6362754,0.09569368,-0.07439309,1.206752,0.1008025,0.03114102,-0.9562183,-0.2003023,0.1256069,1.481701,-0.667925,0,0,0,0,-0.7071068,0,0,0,0,0,-0.7071068,0,0,0,0,0,-0.7071068,0,0,0,0,0,-0.7071068,0,0,0,0,0,-0.7071068,0
21.75586,24,3,0,0.106895,1.624573,-0.40776,0.05080204,-0.8622295,-0.501546,0.460047,0.6456629,0.2438274,-0.07229383,0.6364096,0.09678894,-0.07345798,1.206559,0.101313,0.02995032,-0.9561992,-0.2000628,0.126542,1.47391,-0.6731735,0,0,0,0,-0.7071068,0,0,0,0,0,-0.7071068,0,0,0,0,0,-0.7071068,0,0,0,0,0,-0.7071068,0,0,0,0,0,-0.7071068,0
21.77419,24,3,0,0.107454,1.619963,-0.4146007,0.05052313,-0.86518,-0.4964708,0.4599586,0.6456399,0.2439333,-0.07187176,0.6364592,0.09737247,-0.07150993,1.206211,0.1023442,0.02736808,-0.9561523,-0.1996596,0.1284901,1.466194,-0.6775888,0,0,0,0,-0.7071068,0,0,0,0,0,-0.7071068,0,0,0,0,0,-0.7071068,0,0,0,0,0,-0.7071068,0,0,0,0,0,-0.7071068,0
21.79256,24,3,0,0.1085559,1.610281,-0.4284009,0.04710665,-0.870955,-0.4868236,0.459933,0.645723,0.2442218,-0.07139145,0.6365642,0.0982336,-0.06951655,1.205969,0.1032564,0.02432229,-0.9561338,-0.1993515,0.1304834,1.457855,-0.68251,0,0,0,0,-0.7071068,0,0,0,0,0,-0.7071068,0,0,0,0,0,-0.7071068,0,0,0,0,0,-0.7071068,0,0,0,0,0,-0.7071068,0
21.8091,24,3,0,0.1095609,1.5995,-0.4430446,0.03932911,-0.8770936,-0.4768111,0.4598712,0.6457382,0.2443169,-0.07128127,0.6367224,0.09890909,-0.06856218,1.205842,0.1036425,0.02263711,-0.9561334,-0.1992407,0.1314378,1.449542,-0.6878635,0,0,0,0,-0.7071068,0,0,0,0,0,-0.7071068,0,0,0,0,0,-0.7071068,0,0,0,0,0,-0.7071068,0,0,0,0,0,-0.7071068,0
21.82601,24,3,0,0.110005,1.594051,-0.450271,0.03540926,-0.880324,-0.4713538,0.4598041,0.6458408,0.2441653,-0.07151777,0.6367911,0.0988479,-0.06668235,1.205621,0.1042668,0.01914059,-0.9559842,-0.1994541,0.1333176,1.441892,-0.692315,0,0,0,0,-0.7071068,0,0,0,0,0,-0.7071068,0,0,0,0,0,-0.7071068,0,0,0,0,0,-0.7071068,0,0,0,0,0,-0.7071068,0
21.84362,24,3,0,0.109946,1.582299,-0.4653404,0.0301166,-0.8872558,-0.4590089,0.4598459,0.6459546,0.2438751,-0.07208343,0.6370487,0.09872274,-0.06575895,1.205558,0.1044462,0.01741752,-0.9558485,-0.199647,0.134241,1.434166,-0.6972402,0,0,0,0,-0.7071068,0,0,0,0,0,-0.7071068,0,0,0,0,0,-0.7071068,0,0,0,0,0,-0.7071068,0,0,0,0,0,-0.7071068,0
21.86288,24,3,0,0.1100899,1.57667,-0.47259,0.02815363,-0.8903849,-0.4532013,0.459824,0.6461114,0.2437852,-0.07233308,0.6372443,0.09853757,-0.06398248,1.205275,0.1047174,0.01461395,-0.955736,-0.1993108,0.1360175,1.425843,-0.702186,0,0,0,0,-0.7071068,0,0,0,0,0,-0.7071068,0,0,0,0,0,-0.7071068,0,0,0,0,0,-0.7071068,0,0,0,0,0,-0.7071068,0
21.88141,24,3,0,0.1103965,1.564712,-0.4873255,0.02763845,-0.8962778,-0.4416234,0.4598924,0.6463006,0.2433952,-0.07294311,0.6376921,0.09845727,-0.06241117,1.204901,0.1047705,0.01219997,-0.9557755,-0.1985414,0.1375888,1.416605,-0.7077247,0,0,0,0,-0.7071068,0,0,0,0,0,-0.7071068,0,0,0,0,0,-0.7071068,0,0,0,0,0,-0.7071068,0,0,0,0,0,-0.7071068,0
21.89871,24,3,0,0.1114252,1.551826,-0.5022436,0.02557391,-0.9022073,-0.4295815,0.4599965,0.6463557,0.2430985,-0.0734542,0.6379644,0.09811181,-0.06169476,1.204735,0.1046945,0.01094306,-0.9557556,-0.1982483,0.1383052,1.407837,-0.7130696,0,0,0,0,-0.7071068,0,0,0,0,0,-0.7071068,0,0,0,0,0,-0.7071068,0,0,0,0,0,-0.7071068,0,0,0,0,0,-0.7071068,0
21.91691,24,3,0,0.1120857,1.545331,-0.5096161,0.02404913,-0.9051193,-0.4235141,0.4600518,0.6463451,0.2429523,-0.07361812,0.6379156,0.09783485,-0.06025687,1.204462,0.1045504,0.008441456,-0.9556386,-0.1978305,0.1397431,1.399476,-0.7180297,0,0,0,0,-0.7071068,0,0,0,0,0,-0.7071068,0,0,0,0,0,-0.7071068,0,0,0,0,0,-0.7071068,0,0,0,0,0,-0.7071068,0
21.93465,24,3,0,0.1131508,1.532501,-0.5239611,0.02147609,-0.9101242,-0.4127487,0.4601213,0.6464432,0.24275,-0.07387187,0.6377661,0.09761698,-0.05957637,1.204271,0.1043972,0.007503562,-0.955592,-0.1972873,0.1404236,1.390709,-0.723147,0,0,0,0,-0.7071068,0,0,0,0,0,-0.7071068,0,0,0,0,0,-0.7071068,0,0,0,0,0,-0.7071068,0,0,0,0,0,-0.7071068,0
21.95191,24,3,0,0.1136997,1.525948,-0.5308126,0.01851961,-0.9123267,-0.4080102,0.4601295,0.6464852,0.2426784,-0.07390416,0.6377463,0.0976298,-0.05808518,1.20397,0.1039384,0.005804479,-0.955617,-0.195803,0.1419148,1.38199,-0.7283373,0,0,0,0,-0.7071068,0,0,0,0,0,-0.7071068,0,0,0,0,0,-0.7071068,0,0,0,0,0,-0.7071068,0,0,0,0,0,-0.7071068,0
21.9698,24,3,0,0.1144667,1.512576,-0.5443227,0.01195934,-0.9168161,-0.3982961,0.4601375,0.6466372,0.242621,-0.07390527,0.6374609,0.097688,-0.05674469,1.203754,0.1034992,0.004352987,-0.9553114,-0.1952656,0.1432553,1.373534,-0.7332779,0,0,0,0,-0.7071068,0,0,0,0,0,-0.7071068,0,0,0,0,0,-0.7071068,0,0,0,0,0,-0.7071068,0,0,0,0,0,-0.7071068,0
21.98586,24,3,0,0.1146539,1.506073,-0.5515581,0.01035991,-0.9191206,-0.3930644,0.460132,0.6466217,0.2425952,-0.07406619,0.6373069,0.09718685,-0.05611679,1.20364,0.1031581,0.003486134,-0.9551866,-0.1947808,0.1438832,1.364818,-0.7381816,0,0,0,0,-0.7071068,0,0,0,0,0,-0.7071068,0,0,0,0,0,-0.7071068,0,0,0,0,0,-0.7071068,0,0,0,0,0,-0.7071068,0
22.00314,24,3,0,0.1152491,1.492039,-0.5650861,0.00739485,-0.9239829,-0.3816646,0.4601204,0.6466287,0.2426072,-0.07450137,0.6370345,0.09672018,-0.05493178,1.203478,0.1023085,0.002279878,-0.9549914,-0.1933183,0.1450682,1.356886,-0.7430352,0,0,0,0,-0.7071068,0,0,0,0,0,-0.7071068,0,0,0,0,0,-0.7071068,0,0,0,0,0,-0.7071068,0,0,0,0,0,-0.7071068,0
22.02033,24,3,0,0.1159974,1.477903,-0.5780748,0.002214938,-0.9292216,-0.3689413,0.4600756,0.6466429,0.2425908,-0.07511836,0.6368035,0.09606045,-0.05437966,1.203429,0.1018437,0.001425594,-0.9549229,-0.192433,0.1456203,1.348426,-0.7477114,0,0,0,0,-0.7071068,0,0,0,0,0,-0.7071068,0,0,0,0,0,-0.7071068,0,0,0,0,0,-0.7071068,0,0,0,0,0,-0.7071068,0
22.03836,24,3,0,0.1164243,1.470894,-0.5846516,-0.0002125204,-0.9316069,-0.3629532,0.4600469,0.6467131,0.2425576,-0.07547466,0.6368074,0.09583224,-0.05328956,1.203199,0.1007112,-6.172806E-05,-0.9548858,-0.1904492,0.1467105,1.339783,-0.7529302,0,0,0,0,-0.7071068,0,0,0,0,0,-0.7071068,0,0,0,0,0,-0.7071068,0,0,0,0,0,-0.7071068,0,0,0,0,0,-0.7071068,0
22.05486,24,3,0,0.11734,1.457056,-0.5961202,-0.004189625,-0.9361073,-0.3512096,0.4600677,0.6467649,0.2426141,-0.0760003,0.6368147,0.09537374,-0.05280491,1.203076,0.1000986,-0.0007070303,-0.9549676,-0.1891046,0.1471951,1.330778,-0.7577229,0,0,0,0,-0.7071068,0,0,0,0,0,-0.7071068,0,0,0,0,0,-0.7071068,0,0,0,0,0,-0.7071068,0,0,0,0,0,-0.7071068,0
22.07238,24,3,0,0.1180366,1.450251,-0.6015888,-0.006525517,-0.9383661,-0.3450778,0.4600905,0.6467642,0.242591,-0.07638504,0.6368016,0.09478489,-0.05196029,1.202826,0.09869805,-0.002143644,-0.9550906,-0.1865693,0.1480397,1.322358,-0.762849,0,0,0,0,-0.7071068,0,0,0,0,0,-0.7071068,0,0,0,0,0,-0.7071068,0,0,0,0,0,-0.7071068,0,0,0,0,0,-0.7071068,0
22.09009,24,3,0,0.1192865,1.437235,-0.6123393,-0.01054478,-0.9425142,-0.3334866,0.46014,0.6467347,0.2425046,-0.07694981,0.6370935,0.09350013,-0.05152604,1.202688,0.09792122,-0.002769165,-0.9551755,-0.1853113,0.148474,1.313496,-0.7674795,0,0,0,0,-0.7071068,0,0,0,0,0,-0.7071068,0,0,0,0,0,-0.7071068,0,0,0,0,0,-0.7071068,0,0,0,0,0,-0.7071068,0
22.10756,24,3,0,0.1202822,1.43071,-0.6178403,-0.009854123,-0.9441702,-0.3287651,0.4601522,0.6466582,0.2424648,-0.07723257,0.6372535,0.09296875,-0.05079061,1.202326,0.09613685,-0.003757596,-0.9556392,-0.1816401,0.1492094,1.304273,-0.7730483,0,0,0,0,-0.7071068,0,0,0,0,0,-0.7071068,0,0,0,0,0,-0.7071068,0,0,0,0,0,-0.7071068,0,0,0,0,0,-0.7071068,0
22.12496,24,3,0,0.1219993,1.418843,-0.6267219,-0.007662997,-0.9463326,-0.3224065,0.4602672,0.6466953,0.2422151,-0.07806516,0.6378756,0.09197796,-0.0502565,1.201723,0.09434956,-0.004897892,-0.9563739,-0.1772915,0.1497435,1.294882,-0.7784629,0,0,0,0,-0.7071068,0,0,0,0,0,-0.7071068,0,0,0,0,0,-0.7071068,0,0,0,0,0,-0.7071068,0,0,0,0,0,-0.7071068,0
22.14299,24,3,1,0.1239582,1.406832,-0.6351004,-0.01007564,-0.9484218,-0.3160303,0.4603221,0.6467136,0.241973,-0.078763,0.6384021,0.0912058,-0.05000545,1.201482,0.09335756,-0.005517155,-0.9567664,-0.1750561,0.1499946,1.285841,-0.7829621,0,0,0,0,-0.7071068,0,0,0,0,0,-0.7071068,0,0,0,0,0,-0.7071068,0,0,0,0,0,-0.7071068,0,0,0,0,0,-0.7071068,0
22.16048,24,3,1,0.12498,1.400816,-0.6391366,-0.01159516,-0.9495137,-0.3126234,0.4603291,0.6466962,0.2419836,-0.07908234,0.6386634,0.09076798,-0.04967327,1.200991,0.09146699,-0.006649308,-0.9576391,-0.1704925,0.1503267,1.276191,-0.7883718,0,0,0,0,-0.7071068,0,0,0,0,0,-0.7071068,0,0,0,0,0,-0.7071068,0,0,0,0,0,-0.7071068,0,0,0,0,0,-0.7071068,0
22.17886,24,3,1,0.1270818,1.38864,-0.6469591,-0.01345055,-0.9520103,-0.3046877,0.4603834,0.6467334,0.241839,-0.07963671,0.638867,0.0900521,-0.04959023,1.200721,0.09051276,-0.007010043,-0.9580975,-0.1679475,0.1504098,1.266993,-0.7926307,0,0,0,0,-0.7071068,0,0,0,0,0,-0.7071068,0,0,0,0,0,-0.7071068,0,0,0,0,0,-0.7071068,0,0,0,0,0,-0.7071068,0
22.19704,24,3,1,0.1293556,1.37596,-0.6548646,-0.01672038,-0.9541984,-0.2974575,0.4603972,0.6468014,0.2416935,-0.08015382,0.6390636,0.08946964,-0.04941974,1.200184,0.08868882,-0.007283054,-0.958988,-0.1632454,0.1505803,1.257034,-0.7978083,0,0,0,0,-0.7071068,0,0,0,0,0,-0.7071068,0,0,0,0,0,-0.7071068,0,0,0,0,0,-0.7071068,0,0,0,0,0,-0.7071068,0
22.217,24,3,1,0.1303974,1.369617,-0.6584683,-0.01908742,-0.9551511,-0.2942275,0.4603511,0.6469057,0.2416062,-0.08042928,0.6391547,0.08942612,-0.04935386,1.199647,0.08707945,-0.007406488,-0.959794,-0.1587296,0.1506462,1.247131,-0.8026174,0,0,0,0,-0.7071068,0,0,0,0,0,-0.7071068,0,0,0,0,0,-0.7071068,0,0,0,0,0,-0.7071068,0,0,0,0,0,-0.7071068,0
22.23424,24,3,1,0.1325339,1.356779,-0.6659814,-0.02452672,-0.9573537,-0.2864828,0.4603761,0.646951,0.2413878,-0.08082483,0.6393839,0.08902628,-0.04931488,1.199338,0.08628441,-0.007696033,-0.9601554,-0.1566594,0.1506851,1.236498,-0.8067871,0,0,0,0,-0.7071068,0,0,0,0,0,-0.7071068,0,0,0,0,0,-0.7071068,0,0,0,0,0,-0.7071068,0,0,0,0,0,-0.7071068,0
22.25323,24,3,1,0.1340884,1.343417,-0.6732967,-0.02427718,-0.9603579,-0.276133,0.4602514,0.646914,0.2412076,-0.08124903,0.6393837,0.08849141,-0.04930586,1.198795,0.08477692,-0.008535504,-0.960788,-0.1524766,0.1506941,1.226999,-0.8110937,0,0,0,0,-0.7071068,0,0,0,0,0,-0.7071068,0,0,0,0,0,-0.7071068,0,0,0,0,0,-0.7071068,0,0,0,0,0,-0.7071068,0
22.26968,24,3,1,0.1347773,1.33669,-0.6767252,-0.02426957,-0.9618093,-0.2710442,0.4602669,0.6468865,0.2411282,-0.08130166,0.6393797,0.08822209,-0.04915141,1.198446,0.08339777,-0.009157769,-0.9612739,-0.1485472,0.1508486,1.216748,-0.8154308,0,0,0,0,-0.7071068,0,0,0,0,0,-0.7071068,0,0,0,0,0,-0.7071068,0,0,0,0,0,-0.7071068,0,0,0,0,0,-0.7071068,0
22.28572,24,3,1,0.1355449,1.330014,-0.6801363,-0.02530967,-0.9631416,-0.2661841,0.4603252,0.6468408,0.2411114,-0.08163612,0.6393548,0.08787724,-0.04907259,1.198357,0.08280045,-0.009013392,-0.9613939,-0.1469721,0.1509274,1.208047,-0.8184851,0,0,0,0,-0.7071068,0,0,0,0,0,-0.7071068,0,0,0,0,0,-0.7071068,0,0,0,0,0,-0.7071068,0,0,0,0,0,-0.7071068,0
22.3027,24,3,1,0.1377372,1.317243,-0.6865817,-0.02891271,-0.9655339,-0.2569684,0.4603099,0.6468545,0.2410139,-0.08187319,0.6393337,0.08738126,-0.04877371,1.198263,0.08164269,-0.008345626,-0.9614351,-0.1446253,0.1512263,1.19953,-0.8219431,0,0,0,0,-0.7071068,0,0,0,0,0,-0.7071068,0,0,0,0,0,-0.7071068,0,0,0,0,0,-0.7071068,0,0,0,0,0,-0.7071068,0
22.31977,24,3,1,0.1397609,1.30488,-0.692236,-0.02977785,-0.9675482,-0.248983,0.4602629,0.6468844,0.2409258,-0.08219666,0.6392999,0.08698083,-0.04858112,1.198237,0.081055,-0.007969901,-0.961358,-0.1436386,0.1514189,1.190563,-0.824862,0,0,0,0,-0.7071068,0,0,0,0,0,-0.7071068,0,0,0,0,0,-0.7071068,0,0,0,0,0,-0.7071068,0,0,0,0,0,-0.7071068,0
22.33648,24,3,1,0.1408399,1.298762,-0.6953076,-0.03034421,-0.9685012,-0.2450427,0.4602764,0.6468667,0.2408806,-0.08232624,0.6392756,0.08665586,-0.0483113,1.198208,0.08012082,-0.007148862,-0.9611526,-0.1418035,0.1516887,1.181516,-0.8280337,0,0,0,0,-0.7071068,0,0,0,0,0,-0.7071068,0,0,0,0,0,-0.7071068,0,0,0,0,0,-0.7071068,0,0,0,0,0,-0.7071068,0
22.35412,24,3,1,0.1429525,1.286966,-0.7004681,-0.0331976,-0.9700528,-0.2381623,0.460297,0.6468159,0.2410727,-0.08271379,0.6391752,0.0860479,-0.0481876,1.198186,0.07962086,-0.006811418,-0.9610929,-0.1407777,0.1518124,1.172645,-0.8306186,0,0,0,0,-0.7071068,0,0,0,0,0,-0.7071068,0,0,0,0,0,-0.7071068,0,0,0,0,0,-0.7071068,0,0,0,0,0,-0.7071068,0
22.3713,24,3,1,0.1439247,1.281203,-0.702874,-0.03565573,-0.9707862,-0.23473,0.4603279,0.6468245,0.2410236,-0.082928,0.6392486,0.08580638,-0.04801507,1.198123,0.07875055,-0.006222278,-0.9610541,-0.1387746,0.1519849,1.16321,-0.8335788,0,0,0,0,-0.7071068,0,0,0,0,0,-0.7071068,0,0,0,0,0,-0.7071068,0,0,0,0,0,-0.7071068,0,0,0,0,0,-0.7071068,0
22.38882,24,3,1,0.1455398,1.26962,-0.7079583,-0.03654297,-0.9724282,-0.2275845,0.4605651,0.6467085,0.2408899,-0.08309696,0.6395064,0.08506528,-0.04787953,1.198074,0.07834065,-0.005928047,-0.9610241,-0.137848,0.1521205,1.154009,-0.8359134,0,0,0,0,-0.7071068,0,0,0,0,0,-0.7071068,0,0,0,0,0,-0.7071068,0,0,0,0,0,-0.7071068,0,0,0,0,0,-0.7071068,0
22.408,24,3,1,0.1463161,1.264033,-0.7102936,-0.03592905,-0.9732511,-0.2240666,0.4605722,0.6467038,0.2408482,-0.08327248,0.639781,0.08474746,-0.04765117,1.197972,0.07753135,-0.005511113,-0.9609749,-0.1362832,0.1523488,1.14455,-0.8385723,0,0,0,0,-0.7071068,0,0,0,0,0,-0.7071068,0,0,0,0,0,-0.7071068,0,0,0,0,0,-0.7071068,0,0,0,0,0,-0.7071068,0
22.42581,24,3,1,0.1477571,1.252922,-0.714645,-0.0332601,-0.9750565,-0.2164401,0.4607019,0.6465629,0.2406881,-0.08315921,0.6403054,0.08400494,-0.0473666,1.197841,0.07666315,-0.005410969,-0.9610665,-0.1342554,0.1526334,1.134158,-0.8413327,0,0,0,0,-0.7071068,0,0,0,0,0,-0.7071068,0,0,0,0,0,-0.7071068,0,0,0,0,0,-0.7071068,0,0,0,0,0,-0.7071068,0
22.44414,24,3,1,0.1495293,1.241398,-0.7186335,-0.03299505,-0.97647,-0.2099001,0.4608174,0.6466002,0.2405245,-0.08329365,0.640677,0.08329365,-0.04716861,1.197775,0.07621108,-0.00568261,-0.9611619,-0.133218,0.1528314,1.124533,-0.8434203,0,0,0,0,-0.7071068,0,0,0,0,0,-0.7071068,0,0,0,0,0,-0.7071068,0,0,0,0,0,-0.7071068,0,0,0,0,0,-0.7071068,0
22.46151,24,3,1,0.1508882,1.235564,-0.7206896,-0.03452363,-0.9771,-0.2063309,0.4608139,0.6466646,0.2404804,-0.08345404,0.640697,0.08328141,-0.04675008,1.197529,0.07538386,-0.007270388,-0.961289,-0.1314039,0.1532499,1.114434,-0.8458055,0,0,0,0,-0.7071068,0,0,0,0,0,-0.7071068,0,0,0,0,0,-0.7071068,0,0,0,0,0,-0.7071068,0,0,0,0,0,-0.7071068,0
22.47781,24,3,1,0.1536343,1.223865,-0.7244392,-0.03914754,-0.9781234,-0.1995495,0.4605656,0.6466447,0.2406763,-0.0837407,0.6406682,0.08356807,-0.04656445,1.197413,0.07501163,-0.008147188,-0.9613181,-0.1304424,0.1534356,1.104962,-0.8475382,0,0,0,0,-0.7071068,0,0,0,0,0,-0.7071068,0,0,0,0,0,-0.7071068,0,0,0,0,0,-0.7071068,0,0,0,0,0,-0.7071068,0
22.49517,24,3,1,0.1547157,1.218073,-0.7261012,-0.04144989,-0.9786563,-0.1963284,0.4605094,0.6466409,0.2406439,-0.08384645,0.6405935,0.08354744,-0.04615256,1.197093,0.07423791,-0.009038433,-0.9614024,-0.1281999,0.1538474,1.095851,-0.8494847,0,0,0,0,-0.7071068,0,0,0,0,0,-0.7071068,0,0,0,0,0,-0.7071068,0,0,0,0,0,-0.7071068,0,0,0,0,0,-0.7071068,0
22.5134,24,3,1,0.1563568,1.206639,-0.7294779,-0.04359875,-0.9799562,-0.1893828,0.4604864,0.6466196,0.2405947,-0.08408604,0.6405794,0.08348802,-0.04567853,1.19681,0.07354778,-0.009070959,-0.9616205,-0.1256261,0.1543215,1.086188,-0.8513145,0,0,0,0,-0.7071068,0,0,0,0,0,-0.7071068,0,0,0,0,0,-0.7071068,0,0,0,0,0,-0.7071068,0,0,0,0,0,-0.7071068,0
22.53293,24,3,1,0.1582446,1.195256,-0.7326735,-0.04644781,-0.9811874,-0.1820145,0.460521,0.646704,0.2405029,-0.08424729,0.6406407,0.08327073,-0.04539948,1.196661,0.07321566,-0.00924195,-0.9617139,-0.1244616,0.1546005,1.076172,-0.8527212,0,0,0,0,-0.7071068,0,0,0,0,0,-0.7071068,0,0,0,0,0,-0.7071068,0,0,0,0,0,-0.7071068,0,0,0,0,0,-0.7071068,0
22.54949,24,3,1,0.1592247,1.189704,-0.7340849,-0.04701952,-0.9817713,-0.1785198,0.4605208,0.6467288,0.2404262,-0.08436432,0.6407166,0.08310753,-0.04478221,1.196205,0.07255404,-0.01010604,-0.9617463,-0.1220086,0.1552178,1.065138,-0.854394,0,0,0,0,-0.7071068,0,0,0,0,0,-0.7071068,0,0,0,0,0,-0.7071068,0,0,0,0,0,-0.7071068,0,0,0,0,0,-0.7071068,0
22.56764,24,3,1,0.1614897,1.178908,-0.7368599,-0.04820249,-0.9827076,-0.172317,0.4604997,0.64661,0.240362,-0.08463566,0.6407106,0.08315061,-0.04446039,1.195978,0.07219447,-0.0107242,-0.9617103,-0.1207968,0.1555396,1.055928,-0.8554983,0,0,0,0,-0.7071068,0,0,0,0,0,-0.7071068,0,0,0,0,0,-0.7071068,0,0,0,0,0,-0.7071068,0,0,0,0,0,-0.7071068,0
22.58457,24,3,1,0.162705,1.173571,-0.7382112,-0.04974957,-0.9830574,-0.1695687,0.4605022,0.6466658,0.240424,-0.08463201,0.6406142,0.0832727,-0.04372871,1.195502,0.07149608,-0.01230774,-0.9617088,-0.1177823,0.1562713,1.045598,-0.8568935,0,0,0,0,-0.7071068,0,0,0,0,0,-0.7071068,0,0,0,0,0,-0.7071068,0,0,0,0,0,-0.7071068,0,0,0,0,0,-0.7071068,0
22.60425,24,3,1,0.1648966,1.163026,-0.7405105,-0.05481255,-0.9834762,-0.1650833,0.4604895,0.6466612,0.2405712,-0.08453561,0.6402059,0.08344379,-0.04294223,1.195045,0.07084762,-0.01346524,-0.961729,-0.1145896,0.1570578,1.035941,-0.8580795,0,0,0,0,-0.7071068,0,0,0,0,0,-0.7071068,0,0,0,0,0,-0.7071068,0,0,0,0,0,-0.7071068,0,0,0,0,0,-0.7071068,0
22.62197,24,3,1,0.1667453,1.152699,-0.742786,-0.05519907,-0.984075,-0.1606468,0.4605241,0.6466421,0.2406107,-0.08424079,0.6400685,0.08350836,-0.04245409,1.19483,0.07050623,-0.01398339,-0.9617263,-0.1127982,0.1575459,1.025025,-0.8589091,0,0,0,0,-0.7071068,0,0,0,0,0,-0.7071068,0,0,0,0,0,-0.7071068,0,0,0,0,0,-0.7071068,0,0,0,0,0,-0.7071068,0
22.63931,24,3,1,0.1675132,1.147487,-0.7440551,-0.05340029,-0.9845932,-0.157672,0.4604152,0.6465635,0.2405412,-0.08412562,0.6400613,0.08370275,-0.04130128,1.194334,0.06977303,-0.01482807,-0.9616113,-0.1088947,0.1586987,1.014889,-0.859956,0,0,0,0,-0.7071068,0,0,0,0,0,-0.7071068,0,0,0,0,0,-0.7071068,0,0,0,0,0,-0.7071068,0,0,0,0,0,-0.7071068,0
22.65548,24,3,1,0.1687716,1.136527,-0.7462509,-0.05233146,-0.9854694,-0.1517376,0.4603956,0.6465241,0.2406565,-0.08384555,0.6402394,0.08408969,-0.04061775,1.194041,0.06948765,-0.01533177,-0.9614567,-0.1069411,0.1593823,1.00516,-0.860433,0,0,0,0,-0.7071068,0,0,0,0,0,-0.7071068,0,0,0,0,0,-0.7071068,0,0,0,0,0,-0.7071068,0,0,0,0,0,-0.7071068,0
22.6732,24,3,1,0.1690623,1.130718,-0.7473064,-0.05342616,-0.9858566,-0.1485995,0.4603658,0.646522,0.2406841,-0.08395426,0.6402037,0.0841984,-0.03892047,1.193462,0.06867565,0.01722956,0.9608303,0.1035115,0.1610795,0.9957858,-0.8613209,0,0,0,0,-0.7071068,0,0,0,0,0,-0.7071068,0,0,0,0,0,-0.7071068,0,0,0,0,0,-0.7071068,0,0,0,0,0,-0.7071068,0
22.69435,24,3,1,0.1696811,1.119162,-0.7498501,-0.05546971,-0.9866527,-0.1423406,0.4603758,0.6465288,0.2408585,-0.0837252,0.6399441,0.08402421,-0.03682591,1.192849,0.06760973,0.02092647,0.9598495,0.09962533,0.1631741,0.9855264,-0.8623559,0,0,0,0,-0.7071068,0,0,0,0,0,-0.7071068,0,0,0,0,0,-0.7071068,0,0,0,0,0,-0.7071068,0,0,0,0,0,-0.7071068,0
22.71169,24,3,1,0.1695336,1.107065,-0.7520214,-0.055153,-0.9877071,-0.1356196,0.4603665,0.6465393,0.2409764,-0.08354715,0.6397894,0.08403543,-0.0356644,1.1923,0.06695607,0.02328181,0.9592997,0.09698728,0.1643356,0.9734698,-0.8628166,0,0,0,0,-0.7071068,0,0,0,0,0,-0.7071068,0,0,0,0,0,-0.7071068,0,0,0,0,0,-0.7071068,0,0,0,0,0,-0.7071068,0
22.72962,24,3,1,0.1694955,1.100631,-0.7529632,-0.05551718,-0.9882426,-0.1317381,0.4603627,0.6465313,0.2410222,-0.08344641,0.6397212,0.08406885,-0.03313271,1.19092,0.06548579,0.02947003,0.9584196,0.08948617,0.1668673,0.9626536,-0.8640019,0,0,0,0,-0.7071068,0,0,0,0,0,-0.7071068,0,0,0,0,0,-0.7071068,0,0,0,0,0,-0.7071068,0,0,0,0,0,-0.7071068,0
22.74646,24,3,1,0.1696841,1.087865,-0.7545816,-0.05885555,-0.9890902,-0.1242102,0.4603732,0.6464835,0.2409012,-0.08304465,0.6401572,0.08450949,-0.03023534,1.189077,0.06355242,0.03532767,0.9574534,0.08082704,0.1697647,0.9510587,-0.8655205,0,0,0,0,-0.7071068,0,0,0,0,0,-0.7071068,0,0,0,0,0,-0.7071068,0,0,0,0,0,-0.7071068,0,0,0,0,0,-0.7071068,0
22.76326,24,3,1,0.1696879,1.081547,-0.755356,-0.05985976,-0.9894853,-0.1205957,0.460449,0.6464802,0.2409979,-0.08290701,0.6402773,0.08446071,-0.02857568,1.187947,0.0625505,0.03803124,0.956925,0.07584119,0.1714243,0.9407793,-0.8660221,0,0,0,0,-0.7071068,0,0,0,0,0,-0.7071068,0,0,0,0,0,-0.7071068,0,0,0,0,0,-0.7071068,0,0,0,0,0,-0.7071068,0
22.78048,24,3,1,0.170481,1.068425,-0.7563788,-0.05968802,-0.9903405,-0.1128961,0.4605234,0.6464987,0.2409572,-0.0824962,0.6407589,0.08389869,-0.0251368,1.185522,0.06023476,0.04319424,0.9559228,0.06492473,0.1748632,0.929231,-0.8677313,0,0,0,0,-0.7071068,0,0,0,0,0,-0.7071068,0,0,0,0,0,-0.7071068,0,0,0,0,0,-0.7071068,0,0,0,0,0,-0.7071068,0
22.79689,24,3,1,0.1715461,1.055116,-0.7575523,-0.05931333,-0.9910901,-0.1051209,0.4605518,0.6461829,0.240962,-0.08247717,0.6411071,0.08322967,-0.02343357,1.184322,0.05897567,0.04549651,0.9554709,0.0590969,0.1765664,0.9186893,-0.8682581,0,0,0,0,-0.7071068,0,0,0,0,0,-0.7071068,0,0,0,0,0,-0.7071068,0,0,0,0,0,-0.7071068,0,0,0,0,0,-0.7071068,0
22.81391,24,3,1,0.1722354,1.048236,-0.7579809,-0.06042328,-0.9913828,-0.1008226,0.4605305,0.6462059,0.2409016,-0.08275671,0.6412534,0.08310197,-0.02000572,1.18183,0.05625654,0.04997443,0.9548067,0.04699812,0.1799943,0.9072998,-0.8701745,0,0,0,0,-0.7071068,0,0,0,0,0,-0.7071068,0,0,0,0,0,-0.7071068,0,0,0,0,0,-0.7071068,0,0,0,0,0,-0.7071068,0
22.83012,25,3,1,0.1732863,1.034662,-0.7590755,-0.06293587,-0.9918689,-0.09277576,0.4604355,0.646295,0.2406662,-0.0835008,0.6412331,0.08315554,-0.01834165,1.18063,0.05483674,0.05245985,0.9544795,0.04098278,0.1816584,0.8968844,-0.8706545,0,0,0,0,-0.7071068,0,0,0,0,0,-0.7071068,0,0,0,0,0,-0.7071068,0,0,0,0,0,-0.7071068,0,0,0,0,0,-0.7071068,0
22.84964,25,3,1,0.1737623,1.027826,-0.7596759,-0.06289112,-0.9921077,-0.08923457,0.4603669,0.6462675,0.2406336,-0.08381495,0.6412592,0.08312441,-0.0152031,1.178207,0.05161048,0.05792239,0.9538766,0.0290428,0.1847969,0.8856942,-0.8728838,0,0,0,0,-0.7071068,0,0,0,0,0,-0.7071068,0,0,0,0,0,-0.7071068,0,0,0,0,0,-0.7071068,0,0,0,0,0,-0.7071068,0
22.86728,25,3,1,0.1742698,1.014057,-0.7608596,-0.06595173,-0.9924114,-0.08172764,0.4602981,0.6462219,0.2406928,-0.08410123,0.6411004,0.08322097,-0.0137109,1.176945,0.04988883,0.06036688,0.9536161,0.02321741,0.1862891,0.8738945,-0.8732738,0,0,0,0,-0.7071068,0,0,0,0,0,-0.7071068,0,0,0,0,0,-0.7071068,0,0,0,0,0,-0.7071068,0,0,0,0,0,-0.7071068,0
22.88572,25,3,1,0.174747,1.000131,-0.7623307,-0.07082523,-0.9926994,-0.0730225,0.4601958,0.6462724,0.240915,-0.08376022,0.6409764,0.08327194,-0.01066007,1.174689,0.04642947,0.0653699,0.9531441,0.01060638,0.1893399,0.8621265,-0.8754058,0,0,0,0,-0.7071068,0,0,0,0,0,-0.7071068,0,0,0,0,0,-0.7071068,0,0,0,0,0,-0.7071068,0,0,0,0,0,-0.7071068,0
22.90263,25,3,1,0.1748809,0.9932652,-0.7630247,-0.07325171,-0.9928309,-0.0687006,0.4603226,0.6463226,0.2410074,-0.08347216,0.6409137,0.08322801,-0.007910368,1.172421,0.04292196,0.06856501,0.9528211,-0.0003716014,0.1920896,0.8499397,-0.8774016,0,0,0,0,-0.7071068,0,0,0,0,0,-0.7071068,0,0,0,0,0,-0.7071068,0,0,0,0,0,-0.7071068,0,0,0,0,0,-0.7071068,0
22.92052,25,3,1,0.1742443,0.9800301,-0.7645596,-0.07625963,-0.9932941,-0.06085698,0.4603528,0.6462123,0.2411742,-0.08319807,0.6407024,0.08319807,-0.006603562,1.171378,0.04111681,0.06916437,0.9528911,-0.006193578,0.1933964,0.8398135,-0.8777074,0,0,0,0,-0.7071068,0,0,0,0,0,-0.7071068,0,0,0,0,0,-0.7071068,0,0,0,0,0,-0.7071068,0,0,0,0,0,-0.7071068,0
22.93868,25,3,1,0.174433,0.9730791,-0.7654208,-0.07685969,-0.9934914,-0.05740374,0.4604034,0.6461794,0.2411986,-0.08324699,0.6406673,0.08286098,-0.004152867,1.169442,0.03741207,0.06982575,0.9532856,-0.01716584,0.1958471,0.828293,-0.8797105,0,0,0,0,-0.7071068,0,0,0,0,0,-0.7071068,0,0,0,0,0,-0.7071068,0,0,0,0,0,-0.7071068,0,0,0,0,0,-0.7071068,0
22.95548,25,3,1,0.174443,0.9600472,-0.7667235,-0.08000439,-0.9936453,-0.051253,0.4605294,0.6461058,0.2411431,-0.08332657,0.6407673,0.08210587,-0.002909721,1.168591,0.03552601,0.07031504,0.9534551,-0.02230948,0.1970903,0.8177317,-0.8797461,0,0,0,0,-0.7071068,0,0,0,0,0,-0.7071068,0,0,0,0,0,-0.7071068,0,0,0,0,0,-0.7071068,0,0,0,0,0,-0.7071068,0
22.97293,25,3,1,0.1746093,0.9534614,-0.7671491,-0.0826497,-0.993588,-0.04795659,0.4605904,0.6460472,0.2410196,-0.08339255,0.6410262,0.08166622,-0.0004929659,1.16696,0.03166931,0.07138559,0.9537625,-0.03102022,0.199507,0.8071417,-0.8817821,0,0,0,0,-0.7071068,0,0,0,0,0,-0.7071068,0,0,0,0,0,-0.7071068,0,0,0,0,0,-0.7071068,0,0,0,0,0,-0.7071068,0
22.99026,25,3,1,0.1748623,0.9402472,-0.7681068,-0.08564503,-0.9936044,-0.04196586,0.4605873,0.6460125,0.2407859,-0.08373532,0.6414944,0.08084662,0.001870989,1.16545,0.02779022,0.07262073,0.954098,-0.03891512,0.201871,0.796347,-0.8836585,0,0,0,0,-0.7071068,0,0,0,0,0,-0.7071068,0,0,0,0,0,-0.7071068,0,0,0,0,0,-0.7071068,0,0,0,0,0,-0.7071068,0
23.00667,25,3,1,0.1751779,0.9337651,-0.7683955,-0.08570516,-0.9936133,-0.04025367,0.4606167,0.6460944,0.2406572,-0.08399007,0.6416565,0.08053309,0.003078647,1.164645,0.02592185,0.07310711,0.9543439,-0.04271719,0.2030787,0.7863489,-0.8834267,0,0,0,0,-0.7071068,0,0,0,0,0,-0.7071068,0,0,0,0,0,-0.7071068,0,0,0,0,0,-0.7071068,0,0,0,0,0,-0.7071068,0
23.02512,25,3,1,0.1760698,0.9199443,-0.7692739,-0.09068845,-0.9932352,-0.03440569,0.4604308,0.6459725,0.240575,-0.08485457,0.6415225,0.07990809,0.005399161,1.162967,0.02228803,0.07447857,0.9547735,-0.05090722,0.2053992,0.7759862,-0.8849689,0,0,0,0,-0.7071068,0,0,0,0,0,-0.7071068,0,0,0,0,0,-0.7071068,0,0,0,0,0,-0.7071068,0,0,0,0,0,-0.7071068,0
23.04386,25,3,1,0.1768111,0.9056368,-0.7698964,-0.0984775,-0.9926654,-0.02646605,0.4602582,0.6460148,0.2404662,-0.08563422,0.6414064,0.07952094,0.006524623,1.162084,0.02045886,0.07528006,0.9550036,-0.05497305,0.2065246,0.7653706,-0.8843283,0,0,0,0,-0.7071068,0,0,0,0,0,-0.7071068,0,0,0,0,0,-0.7071068,0,0,0,0,0,-0.7071068,0,0,0,0,0,-0.7071068,0
23.06287,25,3,1,0.1769668,0.8984985,-0.7700995,-0.1000003,-0.9926277,-0.02230109,0.4602223,0.646072,0.2404147,-0.08604053,0.6414311,0.07950321,0.008827734,1.16052,0.01662644,0.07715561,0.9555659,-0.06326138,0.2088277,0.7539548,-0.8855243,0,0,0,0,-0.7071068,0,0,0,0,0,-0.7071068,0,0,0,0,0,-0.7071068,0,0,0,0,0,-0.7071068,0,0,0,0,0,-0.7071068,0
23.0806,25,3,1,0.1772854,0.8843218,-0.7706212,-0.1010614,-0.9926406,-0.01446518,0.4601194,0.6461504,0.2402057,-0.08737547,0.641793,0.07829127,0.01125147,1.159107,0.01282035,0.07929052,0.956063,-0.07066896,0.2112515,0.7425792,-0.8865232,0,0,0,0,-0.7071068,0,0,0,0,0,-0.7071068,0,0,0,0,0,-0.7071068,0,0,0,0,0,-0.7071068,0,0,0,0,0,-0.7071068,0
23.09747,25,3,1,0.1777243,0.8700446,-0.7708458,-0.1046315,-0.9923172,-0.00633942,0.4600503,0.6461096,0.2399755,-0.08842794,0.6422334,0.07706556,0.01255003,1.158366,0.01086476,0.08022377,0.9563122,-0.07444131,0.21255,0.7325846,-0.8857428,0,0,0,0,-0.7071068,0,0,0,0,0,-0.7071068,0,0,0,0,0,-0.7071068,0,0,0,0,0,-0.7071068,0,0,0,0,0,-0.7071068,0
23.11439,25,3,1,0.1779322,0.8630581,-0.7709495,-0.107292,-0.992043,-0.00281914,0.4601528,0.6461883,0.2399462,-0.08815194,0.6424225,0.0765482,0.01518454,1.156729,0.007059623,0.08152029,0.9567575,-0.08156058,0.2151845,0.722177,-0.8868392,0,0,0,0,-0.7071068,0,0,0,0,0,-0.7071068,0,0,0,0,0,-0.7071068,0,0,0,0,0,-0.7071068,0,0,0,0,0,-0.7071068,0
23.13207,25,3,1,0.1785659,0.8494942,-0.7708777,-0.1105784,-0.9916699,0.002312418,0.4601373,0.6459507,0.2399219,-0.0879548,0.6426814,0.075512,0.01662868,1.155889,0.005214788,0.0826522,0.9569249,-0.08553282,0.2166287,0.7125685,-0.8858623,0,0,0,0,-0.7071068,0,0,0,0,0,-0.7071068,0,0,0,0,0,-0.7071068,0,0,0,0,0,-0.7071068,0,0,0,0,0,-0.7071068,0
23.15052,25,3,1,0.1789115,0.8426841,-0.7707268,-0.1114246,-0.9915309,0.004534155,0.4600597,0.6458819,0.2400529,-0.08791128,0.6426296,0.07485375,0.01993222,1.153745,0.00160113,0.08521056,0.9571249,-0.09293495,0.2199322,0.7013026,-0.8864185,0,0,0,0,-0.7071068,0,0,0,0,0,-0.7071068,0,0,0,0,0,-0.7071068,0,0,0,0,0,-0.7071068,0,0,0,0,0,-0.7071068,0
23.16859,25,3,1,0.1798068,0.8286384,-0.7703382,-0.1163182,-0.9908227,0.01085001,0.4598893,0.6457465,0.2401648,-0.08809223,0.6426679,0.0738911,0.02189869,1.152572,-0.0001677945,0.08743724,0.9571342,-0.09633432,0.2218987,0.6906476,-0.8848755,0,0,0,0,-0.7071068,0,0,0,0,0,-0.7071068,0,0,0,0,0,-0.7071068,0,0,0,0,0,-0.7071068,0,0,0,0,0,-0.7071068,0
23.18726,25,3,1,0.180668,0.8145348,-0.7696921,-0.1199675,-0.9901494,0.01874628,0.4597467,0.6456401,0.2403071,-0.08817292,0.6429347,0.07305097,0.02633173,1.150014,-0.003857221,0.0938311,0.9564722,-0.1027686,0.2263317,0.6788483,-0.8852047,0,0,0,0,-0.7071068,0,0,0,0,0,-0.7071068,0,0,0,0,0,-0.7071068,0,0,0,0,0,-0.7071068,0,0,0,0,0,-0.7071068,0
23.20437,25,3,1,0.1809193,0.8075171,-0.7692593,-0.1200552,-0.9899957,0.02350149,0.4598512,0.6456198,0.2403689,-0.08814454,0.6430162,0.07240267,0.03122623,1.14712,-0.007524893,0.1017578,0.9552046,-0.1105961,0.2312262,0.6664491,-0.8852775,0,0,0,0,-0.7071068,0,0,0,0,0,-0.7071068,0,0,0,0,0,-0.7071068,0,0,0,0,0,-0.7071068,0,0,0,0,0,-0.7071068,0
23.22178,25,3,1,0.1812076,0.7939404,-0.7685052,-0.117673,-0.9899849,0.03257284,0.4597568,0.645172,0.2408774,-0.08786167,0.6428103,0.071261,0.0337406,1.145589,-0.009367753,0.1058534,0.9544846,-0.1147137,0.2337406,0.6562495,-0.8837177,0,0,0,0,-0.7071068,0,0,0,0,0,-0.7071068,0,0,0,0,0,-0.7071068,0,0,0,0,0,-0.7071068,0,0,0,0,0,-0.7071068,0
23.23869,25,3,1,0.1813519,0.7873693,-0.768073,-0.1175841,-0.9898707,0.03619001,0.4596393,0.6449484,0.2410485,-0.08778513,0.6427101,0.07059357,0.03878841,1.142303,-0.01286458,0.115086,0.9528286,-0.123266,0.2387884,0.6441857,-0.8836461,0,0,0,0,-0.7071068,0,0,0,0,0,-0.7071068,0,0,0,0,0,-0.7071068,0,0,0,0,0,-0.7071068,0,0,0,0,0,-0.7071068,0
23.25533,25,3,1,0.1814023,0.7746043,-0.7674185,-0.1202962,-0.9893748,0.04239997,0.4596117,0.6447002,0.2414267,-0.08733246,0.6426198,0.06942761,0.04109789,1.1406,-0.01461468,0.1194879,0.9519969,-0.1276782,0.2410979,0.6339977,-0.8818281,0,0,0,0,-0.7071068,0,0,0,0,0,-0.7071068,0,0,0,0,0,-0.7071068,0,0,0,0,0,-0.7071068,0,0,0,0,0,-0.7071068,0
23.27262,25,3,1,0.1813579,0.7683991,-0.7670394,-0.1226182,-0.9890032,0.04516223,0.4595597,0.6446139,0.2416395,-0.08723711,0.6427027,0.06911882,0.04570237,1.137112,-0.01795335,0.1280214,0.95035,-0.137195,0.2457024,0.6222062,-0.88156,0,0,0,0,-0.7071068,0,0,0,0,0,-0.7071068,0,0,0,0,0,-0.7071068,0,0,0,0,0,-0.7071068,0,0,0,0,0,-0.7071068,0
23.28881,25,3,1,0.1814542,0.7559483,-0.7665061,-0.1276261,-0.9880226,0.05167916,0.4596259,0.6446916,0.2420557,-0.08681034,0.6428787,0.06890383,0.04785805,1.135379,-0.01962236,0.1319348,0.949604,-0.1420407,0.247858,0.6118857,-0.8793772,0,0,0,0,-0.7071068,0,0,0,0,0,-0.7071068,0,0,0,0,0,-0.7071068,0,0,0,0,0,-0.7071068,0,0,0,0,0,-0.7071068,0
23.30743,25,3,1,0.1815002,0.749884,-0.7664193,-0.1302335,-0.9874808,0.05563437,0.4595312,0.6446023,0.2421229,-0.0863251,0.6429284,0.06916738,0.05176052,1.132129,-0.02306737,0.1393638,0.9482723,-0.1514671,0.2517605,0.6006398,-0.8791233,0,0,0,0,-0.7071068,0,0,0,0,0,-0.7071068,0,0,0,0,0,-0.7071068,0,0,0,0,0,-0.7071068,0,0,0,0,0,-0.7071068,0
23.32504,25,3,1,0.1814916,0.7381914,-0.7659925,-0.1345714,-0.9866171,0.06093722,0.4594255,0.6444809,0.2425735,-0.08519518,0.6427723,0.06989688,0.0550973,1.128809,-0.02662408,-0.1457224,-0.9473373,0.1610716,0.2550973,0.588174,-0.8783132,0,0,0,0,-0.7071068,0,0,0,0,0,-0.7071068,0,0,0,0,0,-0.7071068,0,0,0,0,0,-0.7071068,0,0,0,0,0,-0.7071068,0
23.34368,25,3,1,0.1821343,0.7272953,-0.7656289,-0.140766,-0.9855368,0.06267263,0.4593665,0.6442499,0.2428515,-0.08392251,0.6426517,0.06989133,0.05650878,1.127125,-0.02838112,-0.1485033,-0.9470205,0.1659762,0.2565088,0.5778911,-0.8758305,0,0,0,0,-0.7071068,0,0,0,0,0,-0.7071068,0,0,0,0,0,-0.7071068,0,0,0,0,0,-0.7071068,0,0,0,0,0,-0.7071068,0
23.36174,25,3,1,0.1825628,0.721871,-0.7653633,-0.1447421,-0.9848123,0.06377247,0.4593004,0.6442487,0.2428547,-0.08324505,0.6427926,0.07006146,0.06073429,1.122091,-0.03365189,-0.1560069,-0.9461191,0.1811731,0.2607343,0.5638164,-0.8765008,0,0,0,0,-0.7071068,0,0,0,0,0,-0.7071068,0,0,0,0,0,-0.7071068,0,0,0,0,0,-0.7071068,0,0,0,0,0,-0.7071068,0
23.37987,25,3,1,0.1831401,0.7111831,-0.7645708,-0.1515366,-0.9835183,0.06565535,0.4591217,0.6441555,0.2429893,-0.0821989,0.6428908,0.07055669,0.06349407,1.1187,-0.03736428,-0.1604066,-0.9455265,0.191271,0.2634941,0.5517257,-0.8756447,0,0,0,0,-0.7071068,0,0,0,0,0,-0.7071068,0,0,0,0,0,-0.7071068,0,0,0,0,0,-0.7071068,0,0,0,0,0,-0.7071068,0
23.39631,25,3,1,0.1835169,0.7008963,-0.7634712,-0.1530199,-0.9831033,0.06790355,0.4587401,0.6440396,0.2430204,-0.0813858,0.6429604,0.07136413,0.06576867,1.115746,-0.04121353,-0.1626749,-0.9456436,0.2006864,0.2657687,0.5400928,-0.8747955,0,0,0,0,-0.7071068,0,0,0,0,0,-0.7071068,0,0,0,0,0,-0.7071068,0,0,0,0,0,-0.7071068,0,0,0,0,0,-0.7071068,0
23.41264,25,3,1,0.1833744,0.6905199,-0.7621261,-0.1496907,-0.9833082,0.07377538,0.4582511,0.643699,0.2429363,-0.08051281,0.6431513,0.07127248,0.0682103,1.11289,-0.04497115,-0.1652871,-0.9452109,0.2103476,0.2682103,0.5294216,-0.8742003,0,0,0,0,-0.7071068,0,0,0,0,0,-0.7071068,0,0,0,0,0,-0.7071068,0,0,0,0,0,-0.7071068,0,0,0,0,0,-0.7071068,0
23.43048,25,3,1,0.1833954,0.6794732,-0.7603027,-0.1524166,-0.9822641,0.08118634,0.457871,0.6432788,0.2425075,-0.07999614,0.6434608,0.06982687,0.0702521,1.10994,-0.04842012,-0.1686257,-0.944413,0.2206084,0.2702521,0.5187548,-0.8732343,0,0,0,0,-0.7071068,0,0,0,0,0,-0.7071068,0,0,0,0,0,-0.7071068,0,0,0,0,0,-0.7071068,0,0,0,0,0,-0.7071068,0
23.45213,25,3,1,0.1834637,0.6691761,-0.7580653,-0.1547811,-0.981424,0.08659313,0.4575152,0.6431959,0.2423118,-0.08019559,0.6435558,0.06901699,0.07232425,1.1072,-0.05166582,-0.1731328,-0.9430665,0.231101,0.2723243,0.5076476,-0.8715595,0,0,0,0,-0.7071068,0,0,0,0,0,-0.7071068,0,0,0,0,0,-0.7071068,0,0,0,0,0,-0.7071068,0,0,0,0,0,-0.7071068,0
23.4751,25,3,1,0.1834338,0.6592,-0.7557241,-0.1555628,-0.9808874,0.09097952,0.4572181,0.6431866,0.2423467,-0.08060043,0.6433769,0.0688284,0.07427101,1.104622,-0.05478171,-0.1763165,-0.9418291,0.2403181,0.274271,0.4949957,-0.8685634,0,0,0,0,-0.7071068,0,0,0,0,0,-0.7071068,0,0,0,0,0,-0.7071068,0,0,0,0,0,-0.7071068,0,0,0,0,0,-0.7071068,0
23.49659,25,3,1,0.1838567,0.6491952,-0.7537488,-0.1604581,-0.9795926,0.09508857,0.4572,0.6431303,0.2426519,-0.08049604,0.643147,0.06856558,0.07605375,1.102339,-0.05761849,-0.177722,-0.9407508,0.2494012,0.2760538,0.4821261,-0.8647496,0,0,0,0,-0.7071068,0,0,0,0,0,-0.7071068,0,0,0,0,0,-0.7071068,0,0,0,0,0,-0.7071068,0,0,0,0,0,-0.7071068,0
23.51877,25,3,1,0.1840543,0.6402061,-0.7518483,-0.164228,-0.9785029,0.1001145,0.4573026,0.6428655,0.2429595,-0.07939677,0.6432807,0.06841451,0.07752552,1.100574,-0.06044964,-0.178169,-0.9400693,0.2570475,0.2775255,0.4705538,-0.861205,0,0,0,0,-0.7071068,0,0,0,0,0,-0.7071068,0,0,0,0,0,-0.7071068,0,0,0,0,0,-0.7071068,0,0,0,0,0,-0.7071068,0
23.54134,25,3,1,0.184341,0.6311508,-0.7500631,-0.1641314,-0.9781122,0.1052565,0.4576063,0.6420609,0.243223,-0.07668032,0.6444327,0.06843177,0.07885903,1.0993,-0.0627419,-0.1778796,-0.9394883,0.2636697,0.278859,0.4592609,-0.8567649,0,0,0,0,-0.7071068,0,0,0,0,0,-0.7071068,0,0,0,0,0,-0.7071068,0,0,0,0,0,-0.7071068,0,0,0,0,0,-0.7071068,0
23.56322,25,3,1,0.1852827,0.6222972,-0.7477444,-0.1659511,-0.9774042,0.1083103,0.4580797,0.641342,0.2434808,-0.07338418,0.6459699,0.06888908,0.08060427,1.098518,-0.06501382,-0.1767058,-0.9392357,0.2687422,0.2806043,0.4483907,-0.8520268,0,0,0,0,-0.7071068,0,0,0,0,0,-0.7071068,0,0,0,0,0,-0.7071068,0,0,0,0,0,-0.7071068,0,0,0,0,0,-0.7071068,0
23.58535,25,3,1,0.186666,0.6132759,-0.7454589,-0.1711883,-0.9759401,0.1111988,0.4587329,0.6406039,0.243538,-0.0696397,0.6478214,0.0696397,0.08231241,1.098109,-0.06702045,-0.1740395,-0.9394078,0.2724442,0.2823124,0.4383099,-0.8470876,0,0,0,0,-0.7071068,0,0,0,0,0,-0.7071068,0,0,0,0,0,-0.7071068,0,0,0,0,0,-0.7071068,0,0,0,0,0,-0.7071068,0
23.60818,25,3,1,0.1887251,0.6038045,-0.7429559,-0.1782155,-0.9739605,0.1148768,0.4594707,0.6397922,0.2433726,-0.06594048,0.6497946,0.07014793,0.08400118,1.098094,-0.06873696,-0.1703452,-0.9398055,0.2754676,0.2840012,0.4286212,-0.8416294,0,0,0,0,-0.7071068,0,0,0,0,0,-0.7071068,0,0,0,0,0,-0.7071068,0,0,0,0,0,-0.7071068,0,0,0,0,0,-0.7071068,0
23.62975,25,3,1,0.1903909,0.5948378,-0.7407398,-0.1799289,-0.973217,0.1182808,0.4602547,0.63945,0.2427156,-0.06429761,0.6519714,0.06978942,0.08574136,1.098142,-0.07001908,-0.1671849,-0.9400958,0.2781499,0.2857414,0.4188055,-0.8353532,0,0,0,0,-0.7071068,0,0,0,0,0,-0.7071068,0,0,0,0,0,-0.7071068,0,0,0,0,0,-0.7071068,0,0,0,0,0,-0.7071068,0
23.65219,25,3,1,0.1924933,0.5859128,-0.7383492,-0.1809939,-0.9726053,0.1203694,0.4609511,0.6393627,0.2419262,-0.06503318,0.6540053,0.0686213,0.08755688,1.098266,-0.07108212,-0.1661048,-0.9404618,0.2788751,0.2875569,0.4097247,-0.8291345,0,0,0,0,-0.7071068,0,0,0,0,0,-0.7071068,0,0,0,0,0,-0.7071068,0,0,0,0,0,-0.7071068,0,0,0,0,0,-0.7071068,0
23.6747,25,3,1,0.1950369,0.5768557,-0.7352929,-0.1835282,-0.9715086,0.1227859,0.461649,0.6395198,0.2408294,-0.06699276,0.6565254,0.06744951,0.08989102,1.098586,-0.07228467,-0.1672378,-0.9413489,0.275973,0.289891,0.4005837,-0.8226125,0,0,0,0,-0.7071068,0,0,0,0,0,-0.7071068,0,0,0,0,0,-0.7071068,0,0,0,0,0,-0.7071068,0,0,0,0,0,-0.7071068,0
23.69644,25,3,1,0.1978631,0.5674953,-0.7317045,-0.1883722,-0.9699478,0.1257181,0.4622673,0.6398593,0.2396849,-0.06852544,0.6592498,0.06689682,0.09277566,1.098434,-0.07331524,-0.1695893,-0.9415487,0.273516,0.2927757,0.3910641,-0.8157471,0,0,0,0,-0.7071068,0,0,0,0,0,-0.7071068,0,0,0,0,0,-0.7071068,0,0,0,0,0,-0.7071068,0,0,0,0,0,-0.7071068,0
23.71868,25,3,1,0.2006613,0.5582097,-0.7275343,-0.1851445,-0.9695567,0.1317686,0.4628872,0.6398224,0.2382821,-0.06994344,0.6620616,0.06490443,0.0958857,1.098064,-0.07441017,-0.1719101,-0.9412839,0.2710946,0.2958857,0.3817642,-0.8090761,0,0,0,0,-0.7071068,0,0,0,0,0,-0.7071068,0,0,0,0,0,-0.7071068,0,0,0,0,0,-0.7071068,0,0,0,0,0,-0.7071068,0
23.74125,25,3,1,0.2034501,0.5489169,-0.7235088,-0.1790126,-0.9693363,0.1388797,0.4633608,0.6396217,0.2367142,-0.07048887,0.6648261,0.06299768,0.09912427,1.097235,-0.07513257,-0.1740208,-0.9403256,0.2700094,0.2991243,0.3719265,-0.801718,0,0,0,0,-0.7071068,0,0,0,0,0,-0.7071068,0,0,0,0,0,-0.7071068,0,0,0,0,0,-0.7071068,0,0,0,0,0,-0.7071068,0
23.76311,25,3,1,0.206864,0.5400152,-0.719476,-0.1826055,-0.9670557,0.1439146,0.4636103,0.6392508,0.2356955,-0.06912765,0.6662284,0.0626269,0.1023636,1.095493,-0.07537958,-0.176767,-0.9383389,0.271262,0.3023636,0.3611687,-0.7936205,0,0,0,0,-0.7071068,0,0,0,0,0,-0.7071068,0,0,0,0,0,-0.7071068,0,0,0,0,0,-0.7071068,0,0,0,0,0,-0.7071068,0
23.78568,26,3,1,0.2101469,0.532142,-0.71576,-0.1902037,-0.9645617,0.1460498,0.4635282,0.6393387,0.2352706,-0.07025362,0.6659596,0.06184227,0.1054703,1.093168,-0.07536544,-0.1811379,-0.9350529,0.2745498,0.3054703,0.3502378,-0.7853895,0,0,0,0,-0.7071068,0,0,0,0,0,-0.7071068,0,0,0,0,0,-0.7071068,0,0,0,0,0,-0.7071068,0,0,0,0,0,-0.7071068,0
23.80799,26,3,1,0.2124487,0.5252438,-0.7125635,-0.1906473,-0.963907,0.1481463,0.463331,0.6398641,0.23529,-0.07265285,0.6641163,0.06171138,0.1083823,1.09057,-0.07515051,-0.184235,-0.9311161,0.2795277,0.3083823,0.3388864,-0.7765534,0,0,0,0,-0.7071068,0,0,0,0,0,-0.7071068,0,0,0,0,0,-0.7071068,0,0,0,0,0,-0.7071068,0,0,0,0,0,-0.7071068,0
23.82983,26,3,0,0.21485,0.5186564,-0.7096179,-0.1896097,-0.9634011,0.1507581,0.4629077,0.6406529,0.2356469,-0.07563035,0.6613817,0.06248865,0.1109849,1.087873,-0.07494389,-0.1846814,-0.9272223,0.2851823,0.3109849,0.3276747,-0.7676941,0,0,0,0,-0.7071068,0,0,0,0,0,-0.7071068,0,0,0,0,0,-0.7071068,0,0,0,0,0,-0.7071068,0,0,0,0,0,-0.7071068,0
23.85198,26,3,0,0.2178137,0.511969,-0.7067089,-0.1932897,-0.9616176,0.152823,0.4622488,0.6416259,0.2359153,-0.0798046,0.6584145,0.06370983,0.1130966,1.085369,-0.07458405,-0.1820637,-0.9238004,0.2907188,0.3130966,0.316965,-0.7587351,0,0,0,0,-0.7071068,0,0,0,0,0,-0.7071068,0,0,0,0,0,-0.7071068,0,0,0,0,0,-0.7071068,0,0,0,0,0,-0.7071068,0
23.87515,26,3,0,0.2204989,0.505298,-0.7036884,-0.1971952,-0.9599385,0.1545409,0.4616255,0.6423533,0.2365622,-0.08250098,0.655542,0.06544605,0.1148595,1.083051,-0.07434862,-0.1826223,-0.9202228,0.2944829,0.3148595,0.30646,-0.7496515,0,0,0,0,-0.7071068,0,0,0,0,0,-0.7071068,0,0,0,0,0,-0.7071068,0,0,0,0,0,-0.7071068,0,0,0,0,0,-0.7071068,0
23.89644,26,3,0,0.2230833,0.4991573,-0.7003176,-0.2008111,-0.9585259,0.1546677,0.4610561,0.6427958,0.2373478,-0.08382063,0.6526745,0.06707428,0.115877,1.080535,-0.07410881,-0.184276,-0.9172316,0.295064,0.3158771,0.2955269,-0.7400206,0,0,0,0,-0.7071068,0,0,0,0,0,-0.7071068,0,0,0,0,0,-0.7071068,0,0,0,0,0,-0.7071068,0,0,0,0,0,-0.7071068,0
23.91878,26,3,0,0.2257548,0.4924951,-0.696193,-0.2061566,-0.9563024,0.1557487,0.4605182,0.6432233,0.238121,-0.08441355,0.6494841,0.06859332,0.1162624,1.07899,-0.07382694,-0.1841587,-0.9132884,0.3028008,0.3162625,0.2863809,-0.7309898,0,0,0,0,-0.7071068,0,0,0,0,0,-0.7071068,0,0,0,0,0,-0.7071068,0,0,0,0,0,-0.7071068,0,0,0,0,0,-0.7071068,0
23.94144,26,3,0,0.2278512,0.4860644,-0.6919353,-0.2041359,-0.9557899,0.1589424,0.459975,0.643575,0.239219,-0.0845281,0.6463261,0.06962752,0.1162429,1.077477,-0.07360903,0.1848539,0.9103823,-0.3079572,0.3162429,0.2770348,-0.7214733,0,0,0,0,-0.7071068,0,0,0,0,0,-0.7071068,0,0,0,0,0,-0.7071068,0,0,0,0,0,-0.7071068,0,0,0,0,0,-0.7071068,0
23.96313,26,3,0,0.2299646,0.4799831,-0.6876655,-0.2011994,-0.9553105,0.1625347,0.4595015,0.6438189,0.2404254,-0.08440956,0.6433835,0.07104968,0.1159756,1.076491,-0.07364502,0.1859841,0.9078335,-0.3124271,0.3159756,0.268253,-0.7119547,0,0,0,0,-0.7071068,0,0,0,0,0,-0.7071068,0,0,0,0,0,-0.7071068,0,0,0,0,0,-0.7071068,0,0,0,0,0,-0.7071068,0
23.98532,26,3,0,0.2323355,0.4737974,-0.6830261,-0.1979172,-0.9545914,0.1675521,0.4591258,0.6440319,0.2415,-0.08467473,0.6406124,0.0718556,0.1152248,1.076168,-0.07400721,0.1864143,0.9064962,-0.3144417,0.3152248,0.2606072,-0.7030528,0,0,0,0,-0.7071068,0,0,0,0,0,-0.7071068,0,0,0,0,0,-0.7071068,0,0,0,0,0,-0.7071068,0,0,0,0,0,-0.7071068,0
24.00812,26,3,0,0.2347041,0.4671593,-0.6777391,-0.1969584,-0.9532185,0.1733723,0.4588696,0.6441777,0.242373,-0.08436957,0.6385474,0.0730295,0.1143615,1.076449,-0.07450713,0.1863033,0.9062086,-0.3151141,0.3143615,0.2535459,-0.6939662,0,0,0,0,-0.7071068,0,0,0,0,0,-0.7071068,0,0,0,0,0,-0.7071068,0,0,0,0,0,-0.7071068,0,0,0,0,0,-0.7071068,0
24.02968,26,3,0,0.2371801,0.4609599,-0.6718297,-0.1972598,-0.9512955,0.1804588,0.4586773,0.6441317,0.2431189,-0.08451929,0.6373258,0.07321344,0.1138087,1.076811,-0.07503733,0.185122,0.9058131,-0.3156555,0.3138087,0.2465202,-0.6845301,0,0,0,0,-0.7071068,0,0,0,0,0,-0.7071068,0,0,0,0,0,-0.7071068,0,0,0,0,0,-0.7071068,0,0,0,0,0,-0.7071068,0
24.05183,26,3,0,0.2398613,0.4556581,-0.6663268,-0.1962126,-0.9497665,0.1850902,0.458794,0.6438869,0.2433635,-0.08412562,0.6372294,0.07333638,0.1128811,1.077383,-0.07540254,0.1819305,0.9052079,-0.3169188,0.3128811,0.2402498,-0.6753598,0,0,0,0,-0.7071068,0,0,0,0,0,-0.7071068,0,0,0,0,0,-0.7071068,0,0,0,0,0,-0.7071068,0,0,0,0,0,-0.7071068,0
24.07467,26,3,0,0.2426153,0.4508806,-0.6615341,-0.190775,-0.9494994,0.1895543,0.4591517,0.6437149,0.2429334,-0.08407321,0.6383851,0.0719975,0.1116352,1.078201,-0.07591393,0.1783139,0.9057195,-0.3172666,0.3116352,0.2341886,-0.6659685,0,0,0,0,-0.7071068,0,0,0,0,0,-0.7071068,0,0,0,0,0,-0.7071068,0,0,0,0,0,-0.7071068,0,0,0,0,0,-0.7071068,0
24.09637,26,3,0,0.2453626,0.446228,-0.6569147,-0.1870626,-0.949217,0.1930739,0.4597287,0.6436001,0.2425381,-0.08415172,0.6396608,0.0704537,0.1106305,1.07887,-0.07607959,0.1770419,0.9068549,-0.3162631,0.3106305,0.2279263,-0.6558146,0,0,0,0,-0.7071068,0,0,0,0,0,-0.7071068,0,0,0,0,0,-0.7071068,0,0,0,0,0,-0.7071068,0,0,0,0,0,-0.7071068,0
24.11857,26,3,0,0.2466124,0.4441011,-0.6547611,-0.1860009,-0.9489307,0.1945919,0.459919,0.6435604,0.2418805,-0.08474826,0.6411772,0.06902818,0.1097815,1.079396,-0.07630142,0.1756471,0.9075317,-0.3157714,0.3097815,0.2220225,-0.6461344,0,0,0,0,-0.7071068,0,0,0,0,0,-0.7071068,0,0,0,0,0,-0.7071068,0,0,0,0,0,-0.7071068,0,0,0,0,0,-0.7071068,0
24.13663,26,3,0,0.2479452,0.4417218,-0.6523578,-0.1854193,-0.9484524,0.1962602,0.4600764,0.643407,0.2415701,-0.08487683,0.6418229,0.06831301,0.1091511,1.079718,-0.07654335,0.1743424,0.9079424,-0.3154644,0.3091511,0.2159192,-0.6361424,0,0,0,0,-0.7071068,0,0,0,0,0,-0.7071068,0,0,0,0,0,-0.7071068,0,0,0,0,0,-0.7071068,0,0,0,0,0,-0.7071068,0
24.15313,26,3,0,0.2506226,0.4370164,-0.6475344,-0.1841535,-0.9476246,0.1993839,0.460271,0.6432016,0.2408265,-0.08538136,0.6437408,0.06709605,0.1084302,1.080132,-0.07681586,0.1731375,0.9083366,-0.3151417,0.3084302,0.2112252,-0.6280189,0,0,0,0,-0.7071068,0,0,0,0,0,-0.7071068,0,0,0,0,0,-0.7071068,0,0,0,0,0,-0.7071068,0,0,0,0,0,-0.7071068,0
24.17075,26,3,0,0.2518514,0.4345541,-0.6448581,-0.1829255,-0.9472893,0.2013326,0.4603365,0.6432986,0.2403282,-0.08588408,0.6446971,0.06678484,0.1072874,1.080728,-0.07738322,0.1714014,0.9091878,-0.3143609,0.3072874,0.2072469,-0.6208585,0,0,0,0,-0.7071068,0,0,0,0,0,-0.7071068,0,0,0,0,0,-0.7071068,0,0,0,0,0,-0.7071068,0,0,0,0,0,-0.7071068,0
24.18857,26,4,0,0.2547023,0.4298124,-0.6392894,-0.1798584,-0.946388,0.2057808,0.460387,0.6433084,0.2395619,-0.08702783,0.6463822,0.06601896,0.1067191,1.080976,-0.07763799,0.1708421,0.9096051,-0.3139608,0.3067191,0.2027075,-0.6128027,0,0,0,0,-0.7071068,0,0,0,0,0,-0.7071068,0,0,0,0,0,-0.7071068,0,0,0,0,0,-0.7071068,0,0,0,0,0,-0.7071068,0
24.20698,26,4,0,0.2560848,0.4272692,-0.636323,-0.1777757,-0.9459262,0.2082784,0.4604444,0.6433996,0.2392572,-0.08742089,0.6471807,0.06570678,0.1056253,1.081401,-0.07819571,0.1698605,0.9101479,-0.313769,0.3056253,0.2061087,-0.6185542,0,0,0,0,-0.7071068,0,0,0,0,0,-0.7071068,0,0,0,0,0,-0.7071068,0,0,0,0,0,-0.7071068,0,0,0,0,0,-0.7071068,0
24.22392,26,4,0,0.258783,0.4221301,-0.6298037,-0.1746871,-0.9447586,0.213166,0.4606679,0.6434102,0.238657,-0.08839647,0.6487594,0.06511141,0.1045259,1.081495,-0.07828196,0.1693859,0.9103793,-0.3139803,0.3045259,0.2112728,-0.627283,0,0,0,0,-0.7071068,0,0,0,0,0,-0.7071068,0,0,0,0,0,-0.7071068,0,0,0,0,0,-0.7071068,0,0,0,0,0,-0.7071068,0
24.24138,26,4,0,0.2615168,0.4170837,-0.6230898,-0.1728076,-0.9426738,0.218888,0.4607927,0.6434823,0.2381016,-0.08910579,0.6501062,0.06466001,0.1040554,1.081571,-0.07835473,0.1693302,0.9103996,-0.3141432,0.3040554,0.2161102,-0.6352469,0,0,0,0,-0.7071068,0,0,0,0,0,-0.7071068,0,0,0,0,0,-0.7071068,0,0,0,0,0,-0.7071068,0,0,0,0,0,-0.7071068,0
24.25961,26,4,0,0.2627164,0.414561,-0.6199048,-0.1724754,-0.9417055,0.2210162,0.4608925,0.6435624,0.2378795,-0.08945477,0.6506926,0.06430946,0.1032622,1.081844,-0.07842301,0.1693723,0.9104425,-0.3140712,0.3032622,0.2213897,-0.6433927,0,0,0,0,-0.7071068,0,0,0,0,0,-0.7071068,0,0,0,0,0,-0.7071068,0,0,0,0,0,-0.7071068,0,0,0,0,0,-0.7071068,0
24.27781,26,4,1,0.2645095,0.4097407,-0.6140711,-0.1702883,-0.9405429,0.2253951,0.4608989,0.643571,0.2376191,-0.08984778,0.6512861,0.06391423,0.1029458,1.08209,-0.07852175,0.1693104,0.9103682,-0.3141714,0.3029458,0.2269674,-0.6518584,0,0,0,0,-0.7071068,0,0,0,0,0,-0.7071068,0,0,0,0,0,-0.7071068,0,0,0,0,0,-0.7071068,0,0,0,0,0,-0.7071068,0
24.2959,26,4,1,0.2651967,0.407445,-0.6112726,-0.1695283,-0.9400209,0.2272895,0.4608872,0.6435839,0.2375643,-0.08996296,0.6514592,0.06380457,0.1023729,1.082316,-0.07840873,0.1691145,0.9101604,-0.3142193,0.3023729,0.2326237,-0.6600335,0,0,0,0,-0.7071068,0,0,0,0,0,-0.7071068,0,0,0,0,0,-0.7071068,0,0,0,0,0,-0.7071068,0,0,0,0,0,-0.7071068,0
24.31277,26,4,1,0.266649,0.4029341,-0.6056705,-0.1697401,-0.9387708,0.2304676,0.4607425,0.6435934,0.2378695,-0.09000897,0.650993,0.06410934,0.1019734,1.082575,-0.07813737,0.1687318,0.9098698,-0.3141885,0.3019734,0.2383827,-0.6679288,0,0,0,0,-0.7071068,0,0,0,0,0,-0.7071068,0,0,0,0,0,-0.7071068,0,0,0,0,0,-0.7071068,0,0,0,0,0,-0.7071068,0
24.33062,26,4,1,0.2676093,0.3986173,-0.6004429,-0.1700577,-0.9381055,0.2332642,0.4605685,0.6436592,0.2383548,-0.08960663,0.650013,0.06487963,0.1017958,1.082752,-0.07793881,0.1682279,0.9097917,-0.3141251,0.3017958,0.2437801,-0.6752809,0,0,0,0,-0.7071068,0,0,0,0,0,-0.7071068,0,0,0,0,0,-0.7071068,0,0,0,0,0,-0.7071068,0,0,0,0,0,-0.7071068,0
24.34794,26,4,1,0.2679176,0.3964853,-0.5977901,-0.1672318,-0.9384258,0.2354937,0.4604135,0.6437007,0.2387528,-0.08926558,0.6491714,0.0657019,0.1015122,1.082994,-0.07736823,0.1668375,0.9097277,-0.3143493,0.3015122,0.249644,-0.6826343,0,0,0,0,-0.7071068,0,0,0,0,0,-0.7071068,0,0,0,0,0,-0.7071068,0,0,0,0,0,-0.7071068,0,0,0,0,0,-0.7071068,0
24.36405,26,4,1,0.2686193,0.3921485,-0.5917773,-0.1598836,-0.9389469,0.2410208,0.4603426,0.6437163,0.2392355,-0.08871686,0.6479113,0.06725816,0.101428,1.083085,-0.0770373,0.1662942,0.9096634,-0.3145661,0.301428,0.2552832,-0.6899245,0,0,0,0,-0.7071068,0,0,0,0,0,-0.7071068,0,0,0,0,0,-0.7071068,0,0,0,0,0,-0.7071068,0,0,0,0,0,-0.7071068,0
24.38203,26,4,1,0.2690814,0.3897879,-0.5884552,-0.1561332,-0.9386994,0.2443454,0.4602114,0.6437792,0.2395683,-0.08847114,0.6472244,0.06813113,0.1012741,1.083407,-0.07632856,0.1658682,0.9094908,-0.3144848,0.3012741,0.260848,-0.6962431,0,0,0,0,-0.7071068,0,0,0,0,0,-0.7071068,0,0,0,0,0,-0.7071068,0,0,0,0,0,-0.7071068,0,0,0,0,0,-0.7071068,0
24.39845,26,4,1,0.270921,0.3846676,-0.5815212,-0.1541713,-0.9360778,0.2502927,0.459906,0.6440172,0.2401259,-0.08801648,0.6458656,0.0700684,0.1012507,1.083478,-0.07601772,0.1660461,0.9093567,-0.3140535,0.3012507,0.2668636,-0.7037066,0,0,0,0,-0.7071068,0,0,0,0,0,-0.7071068,0,0,0,0,0,-0.7071068,0,0,0,0,0,-0.7071068,0,0,0,0,0,-0.7071068,0
24.41581,26,4,1,0.2720711,0.3819904,-0.5777825,-0.1592813,-0.9335291,0.2512077,0.4598329,0.6441836,0.2403747,-0.08767293,0.6452289,0.07081309,0.1011513,1.083844,-0.07511504,0.1664446,0.9091357,-0.3127887,0.3011513,0.272743,-0.7098374,0,0,0,0,-0.7071068,0,0,0,0,0,-0.7071068,0,0,0,0,0,-0.7071068,0,0,0,0,0,-0.7071068,0,0,0,0,0,-0.7071068,0
24.43326,26,4,1,0.2731076,0.3776512,-0.5718304,-0.1655059,-0.9308039,0.2528229,0.4596482,0.6442993,0.2408721,-0.08705277,0.6440985,0.07197127,0.1011022,1.083957,-0.07456094,0.1665799,0.9090174,-0.3122843,0.3011023,0.27877,-0.7166474,0,0,0,0,-0.7071068,0,0,0,0,0,-0.7071068,0,0,0,0,0,-0.7071068,0,0,0,0,0,-0.7071068,0,0,0,0,0,-0.7071068,0
24.45037,26,4,0,0.2729928,0.3758268,-0.5696411,-0.167417,-0.930043,0.2538682,0.4595949,0.6443299,0.2410793,-0.08670442,0.6436282,0.07236545,0.1012155,1.084232,-0.07342473,0.166747,0.9087095,-0.3115726,0.3012155,0.2850848,-0.7228466,0,0,0,0,-0.7071068,0,0,0,0,0,-0.7071068,0,0,0,0,0,-0.7071068,0,0,0,0,0,-0.7071068,0,0,0,0,0,-0.7071068,0
24.46761,26,4,0,0.2729226,0.3728762,-0.5656335,-0.1700603,-0.9289733,0.2553127,0.4594564,0.6445411,0.2412975,-0.08625048,0.6428505,0.07285497,0.1015479,1.084614,-0.0723073,0.1674119,0.9083834,-0.3102946,0.3015479,0.2914714,-0.7288464,0,0,0,0,-0.7071068,0,0,0,0,0,-0.7071068,0,0,0,0,0,-0.7071068,0,0,0,0,0,-0.7071068,0,0,0,0,0,-0.7071068,0
24.48398,26,4,0,0.2727167,0.372088,-0.5642886,-0.1715992,-0.9286564,0.2553777,0.4592965,0.6445603,0.2414319,-0.08612908,0.642598,0.07306699,0.1017643,1.084876,-0.07176404,0.1678175,0.9081448,-0.3095317,0.3017643,0.2978681,-0.7354003,0,0,0,0,-0.7071068,0,0,0,0,0,-0.7071068,0,0,0,0,0,-0.7071068,0,0,0,0,0,-0.7071068,0,0,0,0,0,-0.7071068,0
24.5001,26,4,0,0.2723654,0.3714967,-0.5631872,-0.1769994,-0.9278348,0.2541448,0.4592408,0.6445187,0.2417266,-0.0858179,0.6421959,0.07309093,0.1021986,1.085417,-0.07055589,0.1680557,0.907855,-0.3079021,0.3021986,0.3043157,-0.7408651,0,0,0,0,-0.7071068,0,0,0,0,0,-0.7071068,0,0,0,0,0,-0.7071068,0,0,0,0,0,-0.7071068,0,0,0,0,0,-0.7071068,0
24.51841,26,4,0,0.2722174,0.3726761,-0.5637012,-0.1816401,-0.9274783,0.2519567,0.4592235,0.6446583,0.2420366,-0.08557048,0.6418918,0.07322146,0.1023809,1.085795,-0.06982153,0.1681607,0.9077005,-0.3070795,0.3023809,0.3105819,-0.7466323,0,0,0,0,-0.7071068,0,0,0,0,0,-0.7071068,0,0,0,0,0,-0.7071068,0,0,0,0,0,-0.7071068,0,0,0,0,0,-0.7071068,0
24.53638,26,4,0,0.2723198,0.374176,-0.5648819,-0.1842722,-0.9274672,0.2500667,0.4591772,0.6446253,0.2422738,-0.08535584,0.6418285,0.07338797,0.1028124,1.086525,-0.06849948,0.168355,0.9073536,-0.3054302,0.3028125,0.3180904,-0.752618,0,0,0,0,-0.7071068,0,0,0,0,0,-0.7071068,0,0,0,0,0,-0.7071068,0,0,0,0,0,-0.7071068,0,0,0,0,0,-0.7071068,0
24.5542,26,4,0,0.2726414,0.3783226,-0.5686218,-0.1884279,-0.9280605,0.2447794,0.4592991,0.6445537,0.2424825,-0.08509393,0.641991,0.07335486,0.1030849,1.087039,-0.06784578,0.1682871,0.9072801,-0.304412,0.3030849,0.3253474,-0.759051,0,0,0,0,-0.7071068,0,0,0,0,0,-0.7071068,0,0,0,0,0,-0.7071068,0,0,0,0,0,-0.7071068,0,0,0,0,0,-0.7071068,0
24.5745,26,4,0,0.2733028,0.3854842,-0.5753601,-0.1869848,-0.930841,0.2376381,0.4593606,0.6443461,0.2425935,-0.08473505,0.6425028,0.07306728,0.1035553,1.088036,-0.06664223,0.1674899,0.9073777,-0.3022341,0.3035553,0.3331138,-0.7647858,0,0,0,0,-0.7071068,0,0,0,0,0,-0.7071068,0,0,0,0,0,-0.7071068,0,0,0,0,0,-0.7071068,0,0,0,0,0,-0.7071068,0
24.59327,26,4,0,0.2735123,0.3892682,-0.5789022,-0.1856909,-0.9324145,0.2339077,0.4591756,0.6440372,0.2428871,-0.08431575,0.6427994,0.07297044,0.1040572,1.089029,-0.06540504,0.1658591,0.9077785,-0.3003239,0.3040572,0.3419281,-0.7713551,0,0,0,0,-0.7071068,0,0,0,0,0,-0.7071068,0,0,0,0,0,-0.7071068,0,0,0,0,0,-0.7071068,0,0,0,0,0,-0.7071068,0
24.61233,26,4,0,0.2745851,0.3993914,-0.5878149,-0.1822878,-0.9362562,0.2237036,0.4593216,0.6439832,0.2428498,-0.08389088,0.643629,0.07305615,0.1042968,1.089483,-0.06477996,0.1650437,0.9080486,-0.2993804,0.3042968,0.3497086,-0.7778461,0,0,0,0,-0.7071068,0,0,0,0,0,-0.7071068,0,0,0,0,0,-0.7071068,0,0,0,0,0,-0.7071068,0,0,0,0,0,-0.7071068,0
24.63045,26,4,0,0.2752417,0.4100561,-0.5971979,-0.1793461,-0.9400377,0.2128134,0.4592679,0.6440122,0.242855,-0.08346618,0.6443446,0.07401381,0.1046124,1.090333,-0.06349828,0.1638353,0.9085265,-0.2972544,0.3046125,0.3580955,-0.7836943,0,0,0,0,-0.7071068,0,0,0,0,0,-0.7071068,0,0,0,0,0,-0.7071068,0,0,0,0,0,-0.7071068,0,0,0,0,0,-0.7071068,0
24.64838,26,4,0,0.2755826,0.4159434,-0.6021883,-0.1778542,-0.9418833,0.2072445,0.4592459,0.6440411,0.242848,-0.08343004,0.6446663,0.07463081,0.1047887,1.091092,-0.06226144,0.1632284,0.9090935,-0.294953,0.3047887,0.3661061,-0.7891405,0,0,0,0,-0.7071068,0,0,0,0,0,-0.7071068,0,0,0,0,0,-0.7071068,0,0,0,0,0,-0.7071068,0,0,0,0,0,-0.7071068,0
24.66567,26,4,0,0.2760852,0.4276919,-0.6120369,-0.1760627,-0.9446179,0.1977826,0.4593013,0.644166,0.2427942,-0.08301082,0.6453908,0.07599841,0.1049543,1.091484,-0.06162439,0.1631919,0.9094254,-0.2936871,0.3049543,0.3737591,-0.7950293,0,0,0,0,-0.7071068,0,0,0,0,0,-0.7071068,0,0,0,0,0,-0.7071068,0,0,0,0,0,-0.7071068,0,0,0,0,0,-0.7071068,0
24.68327,26,4,0,0.2764213,0.4332588,-0.6167431,-0.1761087,-0.9455925,0.1933046,0.4593656,0.6441698,0.2427181,-0.0828981,0.6456831,0.0764688,0.1049295,1.092138,-0.06038971,0.162818,0.9104102,-0.2908343,0.3049295,0.3814862,-0.7999952,0,0,0,0,-0.7071068,0,0,0,0,0,-0.7071068,0,0,0,0,0,-0.7071068,0,0,0,0,0,-0.7071068,0,0,0,0,0,-0.7071068,0
24.70127,26,4,0,0.276838,0.4450752,-0.6259491,-0.1772408,-0.9470848,0.1842362,0.4594605,0.6443217,0.2423013,-0.08253159,0.6463163,0.07773498,0.1049143,1.092492,-0.05974942,0.1624271,0.9109319,-0.2894236,0.3049143,0.3891184,-0.8055811,0,0,0,0,-0.7071068,0,0,0,0,0,-0.7071068,0,0,0,0,0,-0.7071068,0,0,0,0,0,-0.7071068,0,0,0,0,0,-0.7071068,0
24.7177,26,4,0,0.276877,0.4509379,-0.6304691,-0.1767814,-0.9481678,0.179749,0.4594765,0.6443982,0.2421781,-0.0824183,0.6465853,0.07835133,0.1048186,1.093141,-0.05834515,0.161998,0.9119737,-0.2865458,0.3048186,0.397294,-0.8104547,0,0,0,0,-0.7071068,0,0,0,0,0,-0.7071068,0,0,0,0,0,-0.7071068,0,0,0,0,0,-0.7071068,0,0,0,0,0,-0.7071068,0
24.73455,26,4,0,0.2762052,0.4625543,-0.6394696,-0.1770689,-0.9499301,0.1712799,0.4594521,0.6446685,0.2417091,-0.08269633,0.6466566,0.07954133,0.1044924,1.093989,-0.05689953,0.1624078,0.9130325,-0.2830575,0.3044924,0.4050756,-0.8146526,0,0,0,0,-0.7071068,0,0,0,0,0,-0.7071068,0,0,0,0,0,-0.7071068,0,0,0,0,0,-0.7071068,0,0,0,0,0,-0.7071068,0
24.7528,26,4,0,0.2752008,0.4744092,-0.6483278,-0.1807704,-0.9514141,0.1618046,0.4593988,0.6450789,0.2413619,-0.08351758,0.6463439,0.08039582,0.1042426,1.094468,-0.05617301,0.1627459,0.9135758,-0.2811113,0.3042426,0.4127369,-0.8196343,0,0,0,0,-0.7071068,0,0,0,0,0,-0.7071068,0,0,0,0,0,-0.7071068,0,0,0,0,0,-0.7071068,0,0,0,0,0,-0.7071068,0
24.77063,26,4,0,0.2746812,0.480369,-0.6526194,-0.1822816,-0.9522224,0.1571099,0.4593946,0.6452153,0.2411712,-0.08381186,0.6462752,0.08077724,0.1037935,1.095549,-0.05473026,0.1635909,0.9146067,-0.2771482,0.3037935,0.4216654,-0.8242738,0,0,0,0,-0.7071068,0,0,0,0,0,-0.7071068,0,0,0,0,0,-0.7071068,0,0,0,0,0,-0.7071068,0,0,0,0,0,-0.7071068,0
24.78983,26,4,0,0.2690588,0.4870583,-0.6585121,-0.1823721,-0.9542013,0.1493623,0.4592052,0.64537,0.2410328,-0.08448549,0.6455562,0.08130696,0.1035689,1.096162,-0.05400214,0.1638002,0.9151056,-0.2749772,0.3035689,0.4300231,-0.8293939,0,0,0,0,-0.7071068,0,0,0,0,0,-0.7071068,0,0,0,0,0,-0.7071068,0,0,0,0,0,-0.7071068,0,0,0,0,0,-0.7071068,0
24.8077,26,4,0,0.2676971,0.4985477,-0.6664367,-0.1832599,-0.9556934,0.1426114,0.4592099,0.6455317,0.2409875,-0.08432785,0.6447048,0.08186821,0.1031538,1.097421,-0.05242712,0.1635975,0.9162337,-0.2704184,0.3031538,0.4397038,-0.8340085,0,0,0,0,-0.7071068,0,0,0,0,0,-0.7071068,0,0,0,0,0,-0.7071068,0,0,0,0,0,-0.7071068,0,0,0,0,0,-0.7071068,0
24.82652,26,4,0,0.2666954,0.5042976,-0.6700802,-0.1835227,-0.9564287,0.1394682,0.459189,0.6455619,0.2411161,-0.08411722,0.6442037,0.08226593,0.10274,1.098938,-0.0507089,0.1627821,0.9173572,-0.2657917,0.3027399,0.4491309,-0.8379477,0,0,0,0,-0.7071068,0,0,0,0,0,-0.7071068,0,0,0,0,0,-0.7071068,0,0,0,0,0,-0.7071068,0,0,0,0,0,-0.7071068,0
24.84374,26,4,0,0.2655832,0.5163928,-0.6773741,-0.1854098,-0.9574057,0.1320284,0.4591967,0.6455672,0.2414546,-0.08339246,0.6430791,0.08281989,0.1024938,1.09975,-0.04989345,0.1622756,0.9179112,-0.263308,0.3024938,0.4583479,-0.8429829,0,0,0,0,-0.7071068,0,0,0,0,0,-0.7071068,0,0,0,0,0,-0.7071068,0,0,0,0,0,-0.7071068,0,0,0,0,0,-0.7071068,0
24.86081,26,4,0,0.2652592,0.5233363,-0.6815825,-0.1856591,-0.9581268,0.1282388,0.459172,0.6455455,0.2416019,-0.08289751,0.6424749,0.08314165,0.1019849,1.101413,-0.04830111,0.1614149,0.9189146,-0.2583015,0.3019848,0.467772,-0.8466493,0,0,0,0,-0.7071068,0,0,0,0,0,-0.7071068,0,0,0,0,0,-0.7071068,0,0,0,0,0,-0.7071068,0,0,0,0,0,-0.7071068,0
24.87818,26,4,0,0.2634492,0.5363069,-0.6891181,-0.1831132,-0.9605322,0.1208863,0.4590426,0.6455621,0.242192,-0.08216126,0.641212,0.08384388,0.1016837,1.102222,-0.04741916,0.1609189,0.919456,-0.2557858,0.3016837,0.4763312,-0.8508847,0,0,0,0,-0.7071068,0,0,0,0,0,-0.7071068,0,0,0,0,0,-0.7071068,0,0,0,0,0,-0.7071068,0,0,0,0,0,-0.7071068,0
24.8957,26,4,0,0.2628307,0.5428469,-0.6928482,-0.181734,-0.9616572,0.1172031,0.4589708,0.6455667,0.2425267,-0.08173546,0.6406289,0.08433644,0.1008767,1.103864,-0.04568921,0.1599863,0.920316,-0.2513691,0.3008767,0.4859272,-0.8542703,0,0,0,0,-0.7071068,0,0,0,0,0,-0.7071068,0,0,0,0,0,-0.7071068,0,0,0,0,0,-0.7071068,0,0,0,0,0,-0.7071068,0
24.91312,26,4,0,0.2617883,0.5563207,-0.6998031,-0.1786174,-0.9638644,0.1089064,0.4588187,0.6455246,0.2433786,-0.08093538,0.6394614,0.08532313,0.0999165,1.10549,-0.04401378,0.1585,0.9212969,-0.2470399,0.2999165,0.4956363,-0.8576551,0,0,0,0,-0.7071068,0,0,0,0,0,-0.7071068,0,0,0,0,0,-0.7071068,0,0,0,0,0,-0.7071068,0,0,0,0,0,-0.7071068,0
24.93191,26,4,0,0.2611965,0.5700914,-0.706425,-0.1771304,-0.9656504,0.09963777,0.4586484,0.645565,0.2440599,-0.08015493,0.6386263,0.08651197,0.09942192,1.106301,-0.04323516,0.1575572,0.9218587,-0.2448534,0.2994219,0.5045442,-0.8618093,0,0,0,0,-0.7071068,0,0,0,0,0,-0.7071068,0,0,0,0,0,-0.7071068,0,0,0,0,0,-0.7071068,0,0,0,0,0,-0.7071068,0
24.94937,26,4,0,0.2608943,0.5769976,-0.7095041,-0.176399,-0.9664071,0.09536245,0.458557,0.6455246,0.2443994,-0.07959084,0.6383419,0.08718671,0.09826049,1.107919,-0.04165275,0.1554487,0.923046,-0.2404101,0.2982605,0.5149629,-0.865437,0,0,0,0,-0.7071068,0,0,0,0,0,-0.7071068,0,0,0,0,0,-0.7071068,0,0,0,0,0,-0.7071068,0,0,0,0,0,-0.7071068,0
24.96615,26,4,0,0.2604545,0.5905973,-0.7155323,-0.1729083,-0.9681698,0.08751723,0.4584478,0.6455321,0.2448914,-0.07838525,0.6380624,0.0883368,0.09764706,1.108714,-0.0408858,0.1541568,0.9237028,-0.2380386,0.2976471,0.5239941,-0.8694066,0,0,0,0,-0.7071068,0,0,0,0,0,-0.7071068,0,0,0,0,0,-0.7071068,0,0,0,0,0,-0.7071068,0,0,0,0,0,-0.7071068,0
24.98295,26,4,0,0.260405,0.5971379,-0.7180831,-0.1712538,-0.9689379,0.08386545,0.4583869,0.6455096,0.2450336,-0.07803989,0.6380657,0.08871111,0.09637278,1.110278,-0.03935485,0.1515799,0.9250458,-0.2335401,0.2963728,0.5335285,-0.8723333,0,0,0,0,-0.7071068,0,0,0,0,0,-0.7071068,0,0,0,0,0,-0.7071068,0,0,0,0,0,-0.7071068,0,0,0,0,0,-0.7071068,0
24.99859,26,4,0,0.2599685,0.6102219,-0.7233212,-0.1698349,-0.9702514,0.07622039,0.4582907,0.6455125,0.2451669,-0.07768519,0.6381723,0.08941539,0.09563632,1.11107,-0.0384981,0.1503168,0.9257434,-0.231332,0.2956363,0.5423524,-0.875846,0,0,0,0,-0.7071068,0,0,0,0,0,-0.7071068,0,0,0,0,0,-0.7071068,0,0,0,0,0,-0.7071068,0,0,0,0,0,-0.7071068,0
25.01564,26,4,0,0.2598116,0.6165802,-0.7255809,-0.1696284,-0.970739,0.07276956,0.4582281,0.6456103,0.2451244,-0.07782397,0.6383951,0.08976068,0.09404568,1.11256,-0.03691918,0.1483843,0.9270092,-0.2271419,0.2940457,0.5513638,-0.8782495,0,0,0,0,-0.7071068,0,0,0,0,0,-0.7071068,0,0,0,0,0,-0.7071068,0,0,0,0,0,-0.7071068,0,0,0,0,0,-0.7071068,0
25.03222,26,4,0,0.2594365,0.6294665,-0.7300708,-0.1658006,-0.9723699,0.06594397,0.4582374,0.6456685,0.2449819,-0.0783769,0.6390211,0.08996908,0.09321554,1.113297,-0.03616239,0.1475859,0.9276048,-0.2249647,0.2932155,0.5603518,-0.8817412,0,0,0,0,-0.7071068,0,0,0,0,0,-0.7071068,0,0,0,0,0,-0.7071068,0,0,0,0,0,-0.7071068,0,0,0,0,0,-0.7071068,0
25.049,26,4,0,0.2593443,0.6357574,-0.7320333,-0.1624807,-0.973381,0.0625618,0.4582572,0.6457343,0.2446935,-0.07884829,0.6394797,0.08989953,0.09151991,1.114781,-0.03465434,0.1460673,0.9288455,-0.2205942,0.2915199,0.5699081,-0.8842705,0,0,0,0,-0.7071068,0,0,0,0,0,-0.7071068,0,0,0,0,0,-0.7071068,0,0,0,0,0,-0.7071068,0,0,0,0,0,-0.7071068,0
25.06572,26,4,0,0.2592256,0.647707,-0.7356024,-0.1562687,-0.97508,0.0570141,0.4582464,0.6458173,0.2441771,-0.07973713,0.6403651,0.08954083,0.09059489,1.115526,-0.03391962,0.1450106,0.9295677,-0.2182851,0.2905949,0.5788681,-0.8875256,0,0,0,0,-0.7071068,0,0,0,0,0,-0.7071068,0,0,0,0,0,-0.7071068,0,0,0,0,0,-0.7071068,0,0,0,0,0,-0.7071068,0
25.08426,26,4,0,0.2590627,0.6536958,-0.7373104,-0.1547397,-0.975589,0.05425961,0.4583227,0.6458489,0.2438867,-0.08031829,0.6408886,0.08907679,0.08882472,1.117131,-0.03246494,0.14262,0.9310341,-0.2138921,0.2888247,0.5887062,-0.8899513,0,0,0,0,-0.7071068,0,0,0,0,0,-0.7071068,0,0,0,0,0,-0.7071068,0,0,0,0,0,-0.7071068,0,0,0,0,0,-0.7071068,0
25.10388,26,4,0,0.259076,0.6649516,-0.7401714,-0.1526296,-0.9763663,0.04897093,0.458484,0.646026,0.2433079,-0.08105783,0.6417145,0.0884891,0.08699243,1.118796,-0.03093,0.1401687,0.9325854,-0.2090389,0.2869924,0.5995507,-0.8926058,0,0,0,0,-0.7071068,0,0,0,0,0,-0.7071068,0,0,0,0,0,-0.7071068,0,0,0,0,0,-0.7071068,0,0,0,0,0,-0.7071068,0
25.12124,26,4,0,0.2589297,0.6761508,-0.7430156,-0.1493894,-0.9773297,0.04352827,0.4586076,0.646142,0.2428603,-0.08169584,0.6422698,0.08805522,0.086328,1.119732,-0.03021991,0.1389362,0.9332973,-0.2066057,0.286328,0.6102565,-0.8961981,0,0,0,0,-0.7071068,0,0,0,0,0,-0.7071068,0,0,0,0,0,-0.7071068,0,0,0,0,0,-0.7071068,0,0,0,0,0,-0.7071068,0
25.13936,26,4,0,0.2587541,0.6816685,-0.7441702,-0.1483518,-0.977735,0.04077112,0.4585657,0.646197,0.2427097,-0.08175122,0.6424803,0.087942,0.08449174,1.121358,-0.02869195,0.1365535,0.9345284,-0.2019825,0.2844917,0.62058,-0.8983674,0,0,0,0,-0.7071068,0,0,0,0,0,-0.7071068,0,0,0,0,0,-0.7071068,0,0,0,0,0,-0.7071068,0,0,0,0,0,-0.7071068,0
25.15696,26,4,0,0.2584146,0.6926329,-0.746968,-0.1444572,-0.9787853,0.03528773,0.4586371,0.6462083,0.2427603,-0.08163641,0.6424693,0.08801217,0.08262673,1.123035,-0.02712931,0.1342064,0.9357291,-0.1974342,0.2826267,0.6313787,-0.9005495,0,0,0,0,-0.7071068,0,0,0,0,0,-0.7071068,0,0,0,0,0,-0.7071068,0,0,0,0,0,-0.7071068,0,0,0,0,0,-0.7071068,0
25.17422,26,4,0,0.257865,0.7033488,-0.7495892,-0.1425793,-0.9794921,0.03010363,0.4586531,0.6460778,0.2427981,-0.08107192,0.6422889,0.0881267,0.08165662,1.12387,-0.02630661,0.1327092,0.9364274,-0.1950383,0.2816566,0.6411201,-0.9032538,0,0,0,0,-0.7071068,0,0,0,0,0,-0.7071068,0,0,0,0,0,-0.7071068,0,0,0,0,0,-0.7071068,0,0,0,0,0,-0.7071068,0
25.19217,26,4,0,0.2575652,0.7087282,-0.751011,-0.1420553,-0.9797672,0.02770757,0.4586135,0.6460403,0.2429166,-0.0807249,0.6420888,0.08833057,0.07977611,1.125622,-0.02473177,0.1301936,0.9377507,-0.1900305,0.2797761,0.6516512,-0.9050331,0,0,0,0,-0.7071068,0,0,0,0,0,-0.7071068,0,0,0,0,0,-0.7071068,0,0,0,0,0,-0.7071068,0,0,0,0,0,-0.7071068,0
25.20968,26,4,0,0.2567963,0.7194666,-0.7532531,-0.142943,-0.9799778,0.02273975,0.4585891,0.6459368,0.2431867,-0.080029,0.641793,0.08868826,0.07883276,1.126529,-0.02397262,0.1289662,0.9384016,-0.1874003,0.2788328,0.6617269,-0.9076481,0,0,0,0,-0.7071068,0,0,0,0,0,-0.7071068,0,0,0,0,0,-0.7071068,0,0,0,0,0,-0.7071068,0,0,0,0,0,-0.7071068,0
25.22686,26,4,0,0.2564756,0.7249423,-0.7546314,-0.1431108,-0.9801757,0.01976687,0.458555,0.6458991,0.2433517,-0.07975928,0.6416072,0.0889056,0.07689166,1.128392,-0.02235991,0.1263634,0.939833,-0.1817758,0.2768916,0.6725722,-0.9092153,0,0,0,0,-0.7071068,0,0,0,0,0,-0.7071068,0,0,0,0,0,-0.7071068,0,0,0,0,0,-0.7071068,0,0,0,0,0,-0.7071068,0
25.24515,26,4,0,0.2557808,0.7364223,-0.7571641,-0.1418351,-0.9808485,0.01214135,0.4585281,0.6458662,0.2436258,-0.07922812,0.6412228,0.08927651,0.07592908,1.129354,-0.02162965,0.1249622,0.9406264,-0.1788391,0.2759291,0.6823845,-0.9114986,0,0,0,0,-0.7071068,0,0,0,0,0,-0.7071068,0,0,0,0,0,-0.7071068,0,0,0,0,0,-0.7071068,0,0,0,0,0,-0.7071068,0
25.26175,26,4,0,0.2555889,0.7421587,-0.7582411,-0.1400603,-0.9812378,0.008738697,0.4586149,0.6459088,0.2438011,-0.07892313,0.6409879,0.08964171,0.07402288,1.131338,-0.02015478,0.1221804,0.9423086,-0.1727622,0.2740229,0.693831,-0.9131153,0,0,0,0,-0.7071068,0,0,0,0,0,-0.7071068,0,0,0,0,0,-0.7071068,0,0,0,0,0,-0.7071068,0,0,0,0,0,-0.7071068,0
25.27858,26,4,0,0.2549658,0.7536299,-0.7605585,-0.1359112,-0.9820504,0.00217776,0.4585867,0.6459219,0.2441505,-0.07848631,0.6406281,0.09007721,0.07211266,1.133402,-0.01857572,0.1190519,0.9440824,-0.1663805,0.2721127,0.7045177,-0.9142379,0,0,0,0,-0.7071068,0,0,0,0,0,-0.7071068,0,0,0,0,0,-0.7071068,0,0,0,0,0,-0.7071068,0,0,0,0,0,-0.7071068,0
25.29574,26,4,0,0.2543123,0.7647642,-0.7626101,-0.1353718,-0.9822592,-0.004404023,0.4584695,0.6458662,0.2443716,-0.07816073,0.640346,0.09051458,0.07114301,1.134425,-0.01782314,0.1175048,0.9449136,-0.1632671,0.271143,0.7143121,-0.9161215,0,0,0,0,-0.7071068,0,0,0,0,0,-0.7071068,0,0,0,0,0,-0.7071068,0,0,0,0,0,-0.7071068,0,0,0,0,0,-0.7071068,0
25.31233,26,4,0,0.2540013,0.7703345,-0.7635747,-0.1354529,-0.9822847,-0.007937327,0.4583744,0.6458837,0.2445247,-0.07813612,0.6402817,0.09073836,0.06922229,1.136418,-0.01631774,0.1145311,0.9464281,-0.1568274,0.2692223,0.7252836,-0.9171986,0,0,0,0,-0.7071068,0,0,0,0,0,-0.7071068,0,0,0,0,0,-0.7071068,0,0,0,0,0,-0.7071068,0,0,0,0,0,-0.7071068,0
25.32933,26,4,0,0.2533933,0.7813048,-0.7654394,-0.1358733,-0.9822742,-0.01433545,0.4582426,0.6459476,0.2446501,-0.07817304,0.6401717,0.09100147,0.06827267,1.137422,-0.01553351,0.1131145,0.9471011,-0.1536151,0.2682727,0.7349924,-0.9188078,0,0,0,0,-0.7071068,0,0,0,0,0,-0.7071068,0,0,0,0,0,-0.7071068,0,0,0,0,0,-0.7071068,0,0,0,0,0,-0.7071068,0
25.34653,26,4,0,0.2527889,0.7868387,-0.7661656,-0.1349081,-0.9825429,-0.01738548,0.4582106,0.6459836,0.2446307,-0.07832485,0.6401565,0.09115211,0.06647403,1.139372,-0.01397496,0.1104876,0.9483023,-0.1473514,0.266474,0.7458915,-0.9195974,0,0,0,0,-0.7071068,0,0,0,0,0,-0.7071068,0,0,0,0,0,-0.7071068,0,0,0,0,0,-0.7071068,0,0,0,0,0,-0.7071068,0
25.36385,26,4,0,0.2513694,0.7978761,-0.7677459,-0.1291787,-0.9836246,-0.02130722,0.4581787,0.645997,0.2446893,-0.07854336,0.6400663,0.09120341,0.0655505,1.14031,-0.01319478,0.1092731,0.94888,-0.1442287,0.2655505,0.7559122,-0.9210849,0,0,0,0,-0.7071068,0,0,0,0,0,-0.7071068,0,0,0,0,0,-0.7071068,0,0,0,0,0,-0.7071068,0,0,0,0,0,-0.7071068,0
25.38103,26,4,0,0.2507202,0.8033544,-0.768566,-0.126607,-0.9841037,-0.02320452,0.458213,0.6460575,0.2447005,-0.0785009,0.6400025,0.09138959,0.06373727,1.142171,-0.01157533,0.1067108,0.9499873,-0.138144,0.2637373,0.7669432,-0.9216379,0,0,0,0,-0.7071068,0,0,0,0,0,-0.7071068,0,0,0,0,0,-0.7071068,0,0,0,0,0,-0.7071068,0,0,0,0,0,-0.7071068,0
25.39784,26,4,0,0.2494234,0.8143617,-0.7700068,-0.1205195,-0.9850961,-0.02776255,0.458247,0.6461483,0.2446134,-0.07836896,0.640085,0.09154916,0.06277015,1.143053,-0.0107487,0.1053186,0.9504758,-0.135185,0.2627701,0.7769475,-0.9228569,0,0,0,0,-0.7071068,0,0,0,0,0,-0.7071068,0,0,0,0,0,-0.7071068,0,0,0,0,0,-0.7071068,0,0,0,0,0,-0.7071068,0
25.41495,26,4,0,0.2489405,0.8198496,-0.7707151,-0.1191753,-0.9852545,-0.03034716,0.4582932,0.6461642,0.2444702,-0.07836086,0.6401429,0.09167044,0.06078017,1.144795,-0.009204328,0.1024365,0.9514656,-0.1296297,0.2607802,0.7876433,-0.9232091,0,0,0,0,-0.7071068,0,0,0,0,0,-0.7071068,0,0,0,0,0,-0.7071068,0,0,0,0,0,-0.7071068,0,0,0,0,0,-0.7071068,0
25.43352,26,4,0,0.2480221,0.8310124,-0.7719797,-0.1181439,-0.9852429,-0.03484062,0.4584229,0.6461136,0.2442271,-0.07827341,0.6402987,0.09171002,0.05971313,1.145601,-0.008327223,0.1011216,0.9519042,-0.1267205,0.2597131,0.7975804,-0.9241535,0,0,0,0,-0.7071068,0,0,0,0,0,-0.7071068,0,0,0,0,0,-0.7071068,0,0,0,0,0,-0.7071068,0,0,0,0,0,-0.7071068,0
25.45085,26,4,0,0.2474398,0.8368328,-0.7726144,-0.1166135,-0.9854313,-0.03747433,0.4584772,0.64609,0.2440906,-0.07819124,0.6404274,0.09155335,0.05776402,1.147255,-0.006820358,0.09832348,0.952726,-0.1213448,0.257764,0.8091683,-0.9245,0,0,0,0,-0.7071068,0,0,0,0,0,-0.7071068,0,0,0,0,0,-0.7071068,0,0,0,0,0,-0.7071068,0,0,0,0,0,-0.7071068,0
25.46795,26,4,0,0.2459102,0.848817,-0.7737185,-0.1118129,-0.9860899,-0.04421482,0.4585877,0.6461729,0.2438993,-0.07819919,0.640699,0.09118577,0.0557189,1.148902,-0.005198248,0.09528449,0.9534501,-0.1165799,0.2557189,0.820111,-0.9244919,0,0,0,0,-0.7071068,0,0,0,0,0,-0.7071068,0,0,0,0,0,-0.7071068,0,0,0,0,0,-0.7071068,0,0,0,0,0,-0.7071068,0
25.48466,26,4,0,0.2442551,0.8609716,-0.774798,-0.1051315,-0.9868726,-0.05163186,0.4586677,0.6461953,0.2436033,-0.07846123,0.6407773,0.09088124,0.05463598,1.149635,-0.004413873,0.09369568,0.9538363,-0.1145481,0.254636,0.8300336,-0.9251897,0,0,0,0,-0.7071068,0,0,0,0,0,-0.7071068,0,0,0,0,0,-0.7071068,0,0,0,0,0,-0.7071068,0,0,0,0,0,-0.7071068,0
25.50194,26,4,1,0.2433697,0.8669776,-0.7751366,-0.1003107,-0.9873754,-0.05533611,0.4586777,0.6462283,0.2435021,-0.07849769,0.6408389,0.09099544,0.05248499,1.151018,-0.002814714,0.09101138,0.9545452,-0.1102645,0.252485,0.8404086,-0.9249322,0,0,0,0,-0.7071068,0,0,0,0,0,-0.7071068,0,0,0,0,0,-0.7071068,0,0,0,0,0,-0.7071068,0,0,0,0,0,-0.7071068,0
25.51845,26,4,1,0.2420632,0.8781242,-0.7757956,-0.09353463,-0.9878268,-0.06054356,0.4586726,0.6462821,0.2435758,-0.07855791,0.6407564,0.09144543,0.05138444,1.15161,-0.002000142,0.08998275,0.9548241,-0.1081399,0.2513844,0.8503181,-0.9253951,0,0,0,0,-0.7071068,0,0,0,0,0,-0.7071068,0,0,0,0,0,-0.7071068,0,0,0,0,0,-0.7071068,0,0,0,0,0,-0.7071068,0
25.53639,26,4,1,0.2418424,0.883127,-0.7757725,-0.09282899,-0.9876797,-0.06249286,0.4586233,0.646329,0.2436433,-0.07849666,0.6405967,0.09187993,0.04992198,1.153006,-0.0002628937,0.08771949,0.9551846,-0.1040153,0.249922,0.8606328,-0.9247738,0,0,0,0,-0.7071068,0,0,0,0,0,-0.7071068,0,0,0,0,0,-0.7071068,0,0,0,0,0,-0.7071068,0,0,0,0,0,-0.7071068,0
25.5524,26,4,1,0.24043,0.8932955,-0.7760478,-0.09348169,-0.9873605,-0.06704733,0.45858,0.6463404,0.2437612,-0.07810257,0.6401976,0.09249445,0.04889412,1.153696,0.0006419905,0.08637423,0.9553045,-0.1021277,0.2488941,0.8710225,-0.9249642,0,0,0,0,-0.7071068,0,0,0,0,0,-0.7071068,0,0,0,0,0,-0.7071068,0,0,0,0,0,-0.7071068,0,0,0,0,0,-0.7071068,0
25.56965,26,4,1,0.2394874,0.898524,-0.7762154,-0.09163413,-0.9874313,-0.06980368,0.4586093,0.646376,0.243893,-0.07781392,0.6400208,0.09269048,0.04682051,1.154932,0.002365898,0.08345505,0.9556226,-0.09830818,0.2468205,0.8809294,-0.9241157,0,0,0,0,-0.7071068,0,0,0,0,0,-0.7071068,0,0,0,0,0,-0.7071068,0,0,0,0,0,-0.7071068,0,0,0,0,0,-0.7071068,0
25.58785,26,4,1,0.2379153,0.9093794,-0.7765595,-0.08641797,-0.9876282,-0.07540455,0.4585734,0.6464792,0.2440269,-0.07760033,0.6397168,0.09328435,0.04576057,1.155575,0.003209546,0.08197144,0.9557344,-0.09640774,0.2457606,0.8909232,-0.9241064,0,0,0,0,-0.7071068,0,0,0,0,0,-0.7071068,0,0,0,0,0,-0.7071068,0,0,0,0,0,-0.7071068,0,0,0,0,0,-0.7071068,0
25.60495,26,4,1,0.2369093,0.9145989,-0.7767855,-0.08480386,-0.9876554,-0.07808889,0.4585558,0.6464993,0.2440401,-0.07751361,0.6397218,0.09327913,0.04357648,1.156719,0.004933584,0.07908352,0.9559742,-0.09239201,0.2435765,0.9019435,-0.9231406,0,0,0,0,-0.7071068,0,0,0,0,0,-0.7071068,0,0,0,0,0,-0.7071068,0,0,0,0,0,-0.7071068,0,0,0,0,0,-0.7071068,0
25.62174,26,4,1,0.2347495,0.9250287,-0.7773453,-0.08190933,-0.9877721,-0.08314821,0.4585532,0.6464709,0.244101,-0.07751741,0.6397849,0.09322611,0.04239698,1.157372,0.005787518,0.07757845,0.9560566,-0.09042113,0.242397,0.9118842,-0.922885,0,0,0,0,-0.7071068,0,0,0,0,0,-0.7071068,0,0,0,0,0,-0.7071068,0,0,0,0,0,-0.7071068,0,0,0,0,0,-0.7071068,0
25.63914,26,4,1,0.2334003,0.9303085,-0.7775062,-0.07939725,-0.9879518,-0.0854542,0.4585892,0.6464263,0.2441388,-0.07745155,0.639758,0.09318111,0.04012483,1.158635,0.007515281,0.07481422,0.9562759,-0.08631261,0.2401248,0.9222757,-0.9216368,0,0,0,0,-0.7071068,0,0,0,0,0,-0.7071068,0,0,0,0,0,-0.7071068,0,0,0,0,0,-0.7071068,0,0,0,0,0,-0.7071068,0
25.65764,26,4,1,0.23085,0.9403728,-0.7776247,-0.0738904,-0.9881626,-0.09013996,0.458642,0.6463567,0.24415,-0.0773269,0.6397996,0.09313206,0.03805527,1.159776,0.009087939,0.07255188,0.9565674,-0.08181165,0.2380553,0.9328801,-0.9204482,0,0,0,0,-0.7071068,0,0,0,0,0,-0.7071068,0,0,0,0,0,-0.7071068,0,0,0,0,0,-0.7071068,0,0,0,0,0,-0.7071068,0
25.67738,26,4,1,0.2286151,0.9505441,-0.7778574,-0.07115272,-0.9879707,-0.09487082,0.4586953,0.6464108,0.2442354,-0.07691304,0.639877,0.09289912,0.03699421,1.160291,0.009905405,0.07173826,0.9567479,-0.07935761,0.2369942,0.9434571,-0.9199129,0,0,0,0,-0.7071068,0,0,0,0,0,-0.7071068,0,0,0,0,0,-0.7071068,0,0,0,0,0,-0.7071068,0,0,0,0,0,-0.7071068,0
25.69539,26,4,1,0.2271051,0.9556042,-0.7779523,-0.06934938,-0.9879354,-0.09717847,0.4587436,0.6464436,0.2442269,-0.07669985,0.6399784,0.09295859,0.03470779,1.16135,0.01152405,0.07061229,0.9570917,-0.07515769,0.2347078,0.9552569,-0.9184521,0,0,0,0,-0.7071068,0,0,0,0,0,-0.7071068,0,0,0,0,0,-0.7071068,0,0,0,0,0,-0.7071068,0,0,0,0,0,-0.7071068,0
25.71215,26,4,1,0.2239551,0.9661061,-0.7782713,-0.0667118,-0.9879678,-0.1014988,0.4587255,0.6465379,0.2441441,-0.07646051,0.640119,0.09284341,0.03265931,1.162749,0.01280219,0.06964899,0.9574482,-0.07115192,0.2326593,0.9664609,-0.9171889,0,0,0,0,-0.7071068,0,0,0,0,0,-0.7071068,0,0,0,0,0,-0.7071068,0,0,0,0,0,-0.7071068,0,0,0,0,0,-0.7071068,0
25.72945,26,4,1,0.2207792,0.9768518,-0.778196,-0.06549129,-0.9878418,-0.1062913,0.4587815,0.646592,0.2439382,-0.07696809,0.6403238,0.09250799,0.03151184,1.163344,0.01352213,0.06882951,0.9576616,-0.06895881,0.2315118,0.9761738,-0.9163723,0,0,0,0,-0.7071068,0,0,0,0,0,-0.7071068,0,0,0,0,0,-0.7071068,0,0,0,0,0,-0.7071068,0,0,0,0,0,-0.7071068,0
25.74832,26,4,1,0.2190943,0.982448,-0.7782785,-0.06394954,-0.9878069,-0.1087813,0.4588372,0.64662,0.2437792,-0.07727565,0.6404496,0.09217124,0.02928919,1.164542,0.01496546,0.06685483,0.9581677,-0.06473356,0.2292892,0.9867859,-0.9147173,0,0,0,0,-0.7071068,0,0,0,0,0,-0.7071068,0,0,0,0,0,-0.7071068,0,0,0,0,0,-0.7071068,0,0,0,0,0,-0.7071068,0
25.76516,26,4,1,0.2160985,0.9937521,-0.778309,-0.06181263,-0.9875549,-0.1138498,0.4589659,0.646541,0.2435218,-0.07760502,0.6409793,0.09169979,0.02815928,1.164956,0.01588216,0.06570767,0.9584457,-0.06247479,0.2281593,0.997466,-0.91344,0,0,0,0,-0.7071068,0,0,0,0,0,-0.7071068,0,0,0,0,0,-0.7071068,0,0,0,0,0,-0.7071068,0,0,0,0,0,-0.7071068,0
25.78233,27,4,1,0.2147426,0.9996343,-0.7780911,-0.06213176,-0.9872288,-0.1170231,0.4590162,0.6465409,0.2433996,-0.07751761,0.6412141,0.09174705,0.0259121,1.166051,0.01753399,0.06363516,0.9589513,-0.05713234,0.2259121,1.007714,-0.9113525,0,0,0,0,-0.7071068,0,0,0,0,0,-0.7071068,0,0,0,0,0,-0.7071068,0,0,0,0,0,-0.7071068,0,0,0,0,0,-0.7071068,0
25.79887,27,4,1,0.2117936,1.011658,-0.7775024,-0.06237252,-0.9865346,-0.1243465,0.4591211,0.6465552,0.2432681,-0.07745831,0.6414006,0.09166994,0.02486757,1.166659,0.01821739,0.0626898,0.9592078,-0.0541134,0.2248676,1.017649,-0.9101142,0,0,0,0,-0.7071068,0,0,0,0,0,-0.7071068,0,0,0,0,0,-0.7071068,0,0,0,0,0,-0.7071068,0,0,0,0,0,-0.7071068,0
25.81702,27,4,1,0.2102557,1.018257,-0.7773367,-0.0612202,-0.9861548,-0.1286339,0.4590926,0.6465443,0.2431717,-0.07757369,0.6414843,0.0915282,0.02263851,1.168037,0.01976835,0.06081007,0.9597293,-0.04768085,0.2226385,1.028011,-0.9079225,0,0,0,0,-0.7071068,0,0,0,0,0,-0.7071068,0,0,0,0,0,-0.7071068,0,0,0,0,0,-0.7071068,0,0,0,0,0,-0.7071068,0
25.83386,27,4,1,0.2074596,1.031001,-0.7763726,-0.05631385,-0.9853148,-0.1375918,0.4592117,0.6466084,0.2429806,-0.07762222,0.6416011,0.09148674,0.02049671,1.169553,0.02127208,0.05863757,0.9603822,-0.0405982,0.2204967,1.039371,-0.9055969,0,0,0,0,-0.7071068,0,0,0,0,0,-0.7071068,0,0,0,0,0,-0.7071068,0,0,0,0,0,-0.7071068,0,0,0,0,0,-0.7071068,0
25.85057,27,4,1,0.2060198,1.037226,-0.7758776,-0.05490912,-0.9848568,-0.1416634,0.4593112,0.6466154,0.2428938,-0.07754051,0.6416699,0.09142651,0.01949724,1.170532,0.0221428,0.05737063,0.9607735,-0.03564332,0.2194972,1.049474,-0.9038521,0,0,0,0,-0.7071068,0,0,0,0,0,-0.7071068,0,0,0,0,0,-0.7071068,0,0,0,0,0,-0.7071068,0,0,0,0,0,-0.7071068,0
25.8679,27,4,1,0.203402,1.04934,-0.7749034,-0.05683979,-0.9837049,-0.1489074,0.4593759,0.6468091,0.2427665,-0.07766376,0.6418173,0.09141497,0.01738357,1.173125,0.02375796,0.05477658,0.9614931,-0.023843,0.2173836,1.061106,-0.9012641,0,0,0,0,-0.7071068,0,0,0,0,0,-0.7071068,0,0,0,0,0,-0.7071068,0,0,0,0,0,-0.7071068,0,0,0,0,0,-0.7071068,0
25.88544,27,4,1,0.200809,1.061393,-0.7738601,-0.05904617,-0.9825484,-0.1557746,0.4594608,0.6468506,0.2425581,-0.07800489,0.641809,0.09137145,0.01628596,1.174458,0.02458687,0.05282774,0.9619025,-0.0169711,0.216286,1.071807,-0.8993144,0,0,0,0,-0.7071068,0,0,0,0,0,-0.7071068,0,0,0,0,0,-0.7071068,0,0,0,0,0,-0.7071068,0,0,0,0,0,-0.7071068,0
25.90213,27,4,1,0.1994902,1.067457,-0.773199,-0.06039062,-0.981892,-0.159773,0.459513,0.6469514,0.2425022,-0.07811046,0.6417129,0.09134144,0.01395959,1.177363,0.02653304,0.04929322,0.9626015,-0.002640143,0.2139596,1.084176,-0.8961188,0,0,0,0,-0.7071068,0,0,0,0,0,-0.7071068,0,0,0,0,0,-0.7071068,0,0,0,0,0,-0.7071068,0,0,0,0,0,-0.7071068,0
25.91876,27,4,1,0.1966665,1.079888,-0.7717158,-0.06315336,-0.9804726,-0.1686255,0.4596186,0.6470927,0.242326,-0.0782652,0.6415097,0.09143748,0.01278852,1.178879,0.02754089,0.04764409,0.9629309,0.004388843,0.2127885,1.094683,-0.8938146,0,0,0,0,-0.7071068,0,0,0,0,0,-0.7071068,0,0,0,0,0,-0.7071068,0,0,0,0,0,-0.7071068,0,0,0,0,0,-0.7071068,0
25.93707,27,4,1,0.195465,1.086148,-0.7709428,-0.06508541,-0.9796523,-0.173043,0.4596843,0.6471407,0.2422275,-0.07836542,0.6414629,0.09137035,0.01011674,1.181596,0.02987316,0.0449621,0.9634776,0.01787629,0.2101167,1.106344,-0.8900866,0,0,0,0,-0.7071068,0,0,0,0,0,-0.7071068,0,0,0,0,0,-0.7071068,0,0,0,0,0,-0.7071068,0,0,0,0,0,-0.7071068,0
25.95311,27,4,1,0.1939417,1.098744,-0.768726,-0.07608943,-0.9772458,-0.1827629,0.4596581,0.6468931,0.2420652,-0.07854842,0.6414768,0.0910414,0.008761379,1.182795,0.03124033,0.04381475,0.9636803,0.02433348,0.2087614,1.117368,-0.8870631,0,0,0,0,-0.7071068,0,0,0,0,0,-0.7071068,0,0,0,0,0,-0.7071068,0,0,0,0,0,-0.7071068,0,0,0,0,0,-0.7071068,0
25.97085,27,4,1,0.1930713,1.105199,-0.7676424,-0.08042012,-0.9760507,-0.1876659,0.4597099,0.6468637,0.2420336,-0.07862102,0.6415341,0.09077177,0.005879492,1.185143,0.03391504,0.04228898,0.9638331,0.03667909,0.2058795,1.128305,-0.8828342,0,0,0,0,-0.7071068,0,0,0,0,0,-0.7071068,0,0,0,0,0,-0.7071068,0,0,0,0,0,-0.7071068,0,0,0,0,0,-0.7071068,0
25.98771,27,4,1,0.191913,1.118755,-0.7644917,-0.08845678,-0.9732628,-0.1985928,0.4598872,0.646805,0.2417713,-0.07872112,0.6416706,0.09013845,0.00434259,1.186195,0.03528273,0.04159307,0.9638201,0.04254331,0.2043426,1.138839,-0.8796356,0,0,0,0,-0.7071068,0,0,0,0,0,-0.7071068,0,0,0,0,0,-0.7071068,0,0,0,0,0,-0.7071068,0,0,0,0,0,-0.7071068,0
26.00419,27,4,1,0.1915011,1.125761,-0.7626048,-0.09111059,-0.9715834,-0.2053356,0.4599849,0.6467763,0.241602,-0.07879042,0.6417553,0.08987666,0.001448173,1.18812,0.03774806,0.04016766,0.9637709,0.05265716,0.2014482,1.149752,-0.8753214,0,0,0,0,-0.7071068,0,0,0,0,0,-0.7071068,0,0,0,0,0,-0.7071068,0,0,0,0,0,-0.7071068,0,0,0,0,0,-0.7071068,0
26.0204,27,4,1,0.1909461,1.139735,-0.7585889,-0.09774045,-0.9676244,-0.2198846,0.4601401,0.6467466,0.2413252,-0.07871342,0.6419687,0.08939858,0.0001295153,1.188892,0.0388742,0.03937453,0.9637617,0.05732564,0.2001295,1.159291,-0.8722856,0,0,0,0,-0.7071068,0,0,0,0,0,-0.7071068,0,0,0,0,0,-0.7071068,0,0,0,0,0,-0.7071068,0,0,0,0,0,-0.7071068,0
26.03682,27,4,1,0.1906817,1.146483,-0.7567505,-0.1029366,-0.9656208,-0.2262783,0.4602348,0.6467283,0.241206,-0.0784918,0.6421421,0.08922704,-0.002601335,1.190243,0.04116678,-0.03818528,-0.9636067,-0.06538561,0.1973987,1.169241,-0.8680169,0,0,0,0,-0.7071068,0,0,0,0,0,-0.7071068,0,0,0,0,0,-0.7071068,0,0,0,0,0,-0.7071068,0,0,0,0,0,-0.7071068,0
26.0548,27,4,1,0.1893975,1.159562,-0.7527016,-0.1086678,-0.9628415,-0.2355529,0.4602696,0.6467174,0.2411499,-0.07855023,0.6422548,0.08895275,-0.003826653,1.190852,0.04214179,-0.03757747,-0.9634757,-0.06904245,0.1961734,1.178532,-0.8649423,0,0,0,0,-0.7071068,0,0,0,0,0,-0.7071068,0,0,0,0,0,-0.7071068,0,0,0,0,0,-0.7071068,0,0,0,0,0,-0.7071068,0
26.0719,27,4,1,0.1887991,1.166264,-0.7508868,-0.1093744,-0.9618329,-0.239433,0.4602688,0.6467193,0.2410483,-0.0785673,0.6422919,0.08884733,-0.006175632,1.191849,0.0441546,-0.03593796,-0.9630777,-0.07613358,0.1938244,1.189016,-0.8605143,0,0,0,0,-0.7071068,0,0,0,0,0,-0.7071068,0,0,0,0,0,-0.7071068,0,0,0,0,0,-0.7071068,0,0,0,0,0,-0.7071068,0
26.08981,27,4,1,0.1863023,1.179158,-0.747345,-0.1066403,-0.9608943,-0.2451376,0.4601779,0.6467608,0.2409624,-0.07879889,0.6423423,0.08890201,-0.008185762,1.192823,0.04565684,0.0335452,0.9626806,0.08176121,0.1918142,1.19898,-0.8566061,0,0,0,0,-0.7071068,0,0,0,0,0,-0.7071068,0,0,0,0,0,-0.7071068,0,0,0,0,0,-0.7071068,0,0,0,0,0,-0.7071068,0
26.10641,27,4,1,0.1849809,1.18563,-0.745468,-0.1060536,-0.9602772,-0.2483078,0.4601424,0.6467633,0.2409254,-0.07879698,0.6424388,0.08906396,-0.009215971,1.19319,0.04635342,0.03236455,0.9624906,0.08369227,0.190784,1.208728,-0.8532753,0,0,0,0,-0.7071068,0,0,0,0,0,-0.7071068,0,0,0,0,0,-0.7071068,0,0,0,0,0,-0.7071068,0,0,0,0,0,-0.7071068,0
26.12307,27,4,1,0.1819685,1.198347,-0.7416111,-0.1044472,-0.958936,-0.2550976,0.4600396,0.6468611,0.2409465,-0.07882094,0.642379,0.0895256,-0.01112622,1.193812,0.04768822,0.03055787,0.9622753,0.08705179,0.1888738,1.218021,-0.8493932,0,0,0,0,-0.7071068,0,0,0,0,0,-0.7071068,0,0,0,0,0,-0.7071068,0,0,0,0,0,-0.7071068,0,0,0,0,0,-0.7071068,0
26.14189,27,4,1,0.1791802,1.21129,-0.7372184,-0.1011784,-0.957711,-0.2617684,0.4599773,0.6469147,0.241126,-0.07887184,0.6421025,0.08981469,-0.01203414,1.194054,0.04823211,0.02989668,0.9622434,0.08827548,0.1879659,1.226932,-0.8461925,0,0,0,0,-0.7071068,0,0,0,0,0,-0.7071068,0,0,0,0,0,-0.7071068,0,0,0,0,0,-0.7071068,0,0,0,0,0,-0.7071068,0
26.16003,27,4,1,0.1774421,1.217784,-0.7349625,-0.09735817,-0.9573427,-0.2650549,0.4599312,0.6469928,0.2413233,-0.07875318,0.6418831,0.09006693,-0.01381214,1.19456,0.04921824,-0.02920667,-0.962265,-0.09045468,0.1861879,1.237193,-0.842084,0,0,0,0,-0.7071068,0,0,0,0,0,-0.7071068,0,0,0,0,0,-0.7071068,0,0,0,0,0,-0.7071068,0,0,0,0,0,-0.7071068,0
26.17916,27,4,1,0.1741622,1.230778,-0.7307163,-0.08899954,-0.9563608,-0.2721532,0.4597349,0.6469254,0.2417148,-0.07855402,0.6414983,0.09052937,-0.01469093,1.194715,0.04963759,-0.02897823,-0.9624035,-0.09126803,0.1853091,1.246711,-0.8385347,0,0,0,0,-0.7071068,0,0,0,0,0,-0.7071068,0,0,0,0,0,-0.7071068,0,0,0,0,0,-0.7071068,0,0,0,0,0,-0.7071068,0
26.19572,27,4,1,0.1713715,1.24324,-0.725988,-0.08699651,-0.9542493,-0.280538,0.45963,0.6469393,0.2420191,-0.07805835,0.6412473,0.09123404,-0.01631831,1.195048,0.0504657,-0.02832171,-0.9627258,-0.09315957,0.1836817,1.256875,-0.834277,0,0,0,0,-0.7071068,0,0,0,0,0,-0.7071068,0,0,0,0,0,-0.7071068,0,0,0,0,0,-0.7071068,0,0,0,0,0,-0.7071068,0
26.21235,27,4,1,0.1702402,1.249317,-0.7236052,-0.0869291,-0.9529098,-0.2851504,0.4596205,0.6468557,0.2421299,-0.07760891,0.6411412,0.09145193,-0.0178741,1.195334,0.05121714,-0.02765676,-0.9631134,-0.09530202,0.1821259,1.265634,-0.8304506,0,0,0,0,-0.7071068,0,0,0,0,0,-0.7071068,0,0,0,0,0,-0.7071068,0,0,0,0,0,-0.7071068,0,0,0,0,0,-0.7071068,0
26.23014,27,4,1,0.1681152,1.26142,-0.7186866,-0.08588962,-0.9505311,-0.2933601,0.4596969,0.6467426,0.2424086,-0.07677894,0.6411141,0.09193338,-0.0186601,1.195466,0.05167177,-0.02740604,-0.9633142,-0.09617578,0.1813399,1.274239,-0.8268098,0,0,0,0,-0.7071068,0,0,0,0,0,-0.7071068,0,0,0,0,0,-0.7071068,0,0,0,0,0,-0.7071068,0,0,0,0,0,-0.7071068,0
26.24754,27,4,1,0.1670718,1.267383,-0.716316,-0.08483355,-0.9496216,-0.2965975,0.4597491,0.6467042,0.2424999,-0.07636761,0.6410805,0.09217937,-0.02012848,1.195819,0.0524291,-0.02668076,-0.963757,-0.09839021,0.1798715,1.283614,-0.8225357,0,0,0,0,-0.7071068,0,0,0,0,0,-0.7071068,0,0,0,0,0,-0.7071068,0,0,0,0,0,-0.7071068,0,0,0,0,0,-0.7071068,0
26.26481,27,4,1,0.1644245,1.278825,-0.7116442,-0.08193228,-0.9481249,-0.3024583,0.4599259,0.64648,0.2425385,-0.07562303,0.6412042,0.09239515,-0.02087833,1.196044,0.05278091,-0.02640938,-0.9639319,-0.09991215,0.1791217,1.292619,-0.8186367,0,0,0,0,-0.7071068,0,0,0,0,0,-0.7071068,0,0,0,0,0,-0.7071068,0,0,0,0,0,-0.7071068,0,0,0,0,0,-0.7071068,0
26.28236,27,4,1,0.1630289,1.284378,-0.7092786,-0.07982507,-0.9473585,-0.3055256,0.4600796,0.6465315,0.2424864,-0.07535504,0.6412531,0.09258036,-0.0222657,1.196506,0.05353979,-0.02575843,-0.9643184,-0.1027393,0.1777343,1.30175,-0.8142528,0,0,0,0,-0.7071068,0,0,0,0,0,-0.7071068,0,0,0,0,0,-0.7071068,0,0,0,0,0,-0.7071068,0,0,0,0,0,-0.7071068,0
26.29938,27,4,1,0.1604303,1.295505,-0.7044888,-0.07715587,-0.9456295,-0.3118698,0.460174,0.6465278,0.2424471,-0.07519262,0.6415644,0.0927419,-0.02290004,1.196636,0.05389694,-0.02521786,-0.9645118,-0.1039149,0.1771,1.310648,-0.8101037,0,0,0,0,-0.7071068,0,0,0,0,0,-0.7071068,0,0,0,0,0,-0.7071068,0,0,0,0,0,-0.7071068,0,0,0,0,0,-0.7071068,0
26.3156,27,4,1,0.1588443,1.300805,-0.70204,-0.07720374,-0.9446642,-0.3150423,0.4601655,0.6464638,0.2422572,-0.07524638,0.6417015,0.09262672,-0.02426535,1.19692,0.05480624,-0.02446583,-0.9647778,-0.1065512,0.1757347,1.31939,-0.8054143,0,0,0,0,-0.7071068,0,0,0,0,0,-0.7071068,0,0,0,0,0,-0.7071068,0,0,0,0,0,-0.7071068,0,0,0,0,0,-0.7071068,0
26.33224,27,4,1,0.1563701,1.311619,-0.6967667,-0.07690591,-0.9426342,-0.3216127,0.4603128,0.646542,0.2418848,-0.07546262,0.6421267,0.09246241,-0.02491373,1.197101,0.05527674,-0.02442825,-0.9648363,-0.1079043,0.1750863,1.327587,-0.8012494,0,0,0,0,-0.7071068,0,0,0,0,0,-0.7071068,0,0,0,0,0,-0.7071068,0,0,0,0,0,-0.7071068,0,0,0,0,0,-0.7071068,0
26.34966,27,4,1,0.1550773,1.317052,-0.6940253,-0.0742299,-0.9416172,-0.3253432,0.460382,0.6465642,0.2416317,-0.07576155,0.642352,0.09211624,-0.02616046,1.197405,0.05622744,-0.02422184,-0.9648331,-0.1106166,0.1738395,1.336073,-0.7964132,0,0,0,0,-0.7071068,0,0,0,0,0,-0.7071068,0,0,0,0,0,-0.7071068,0,0,0,0,0,-0.7071068,0,0,0,0,0,-0.7071068,0
26.36691,27,4,1,0.1527,1.328016,-0.6882723,-0.07082975,-0.9393574,-0.3327725,0.4606356,0.6467381,0.241284,-0.07619284,0.6427162,0.0916799,-0.02738366,1.197602,0.05726068,-0.02423576,-0.9646649,-0.1130632,0.1726163,1.344787,-0.7912109,0,0,0,0,-0.7071068,0,0,0,0,0,-0.7071068,0,0,0,0,0,-0.7071068,0,0,0,0,0,-0.7071068,0,0,0,0,0,-0.7071068,0
26.38515,27,4,1,0.1512706,1.338456,-0.6826888,-0.07241197,-0.936898,-0.3393758,0.4606891,0.6468871,0.2410204,-0.07642294,0.6430443,0.09140132,-0.02800173,1.197683,0.05779466,-0.02412522,-0.9645654,-0.114243,0.1719983,1.353246,-0.7864499,0,0,0,0,-0.7071068,0,0,0,0,0,-0.7071068,0,0,0,0,0,-0.7071068,0,0,0,0,0,-0.7071068,0,0,0,0,0,-0.7071068,0
26.40329,27,4,1,0.1505068,1.34384,-0.679808,-0.07293414,-0.9355903,-0.3429051,0.4607534,0.6469086,0.2408726,-0.07655491,0.6430898,0.09115852,-0.02927866,1.197863,0.05875863,-0.02390745,-0.964277,-0.1164211,0.1707213,1.362232,-0.7809045,0,0,0,0,-0.7071068,0,0,0,0,0,-0.7071068,0,0,0,0,0,-0.7071068,0,0,0,0,0,-0.7071068,0,0,0,0,0,-0.7071068,0
26.42115,27,4,1,0.1489429,1.355058,-0.6736293,-0.06971592,-0.9330307,-0.3505926,0.460822,0.6469344,0.2406385,-0.07689888,0.6429895,0.09071279,-0.02992454,1.197906,0.05925287,-0.02363803,-0.9641209,-0.1172257,0.1700755,1.370976,-0.7757428,0,0,0,0,-0.7071068,0,0,0,0,0,-0.7071068,0,0,0,0,0,-0.7071068,0,0,0,0,0,-0.7071068,0,0,0,0,0,-0.7071068,0
26.43934,27,4,1,0.1478661,1.360585,-0.6705993,-0.065944,-0.9318875,-0.3544067,0.4608648,0.6469884,0.2405238,-0.07693715,0.6430307,0.09064169,-0.03117714,1.198006,0.06035633,-0.02288325,-0.9638864,-0.1186901,0.1688229,1.379585,-0.7699357,0,0,0,0,-0.7071068,0,0,0,0,0,-0.7071068,0,0,0,0,0,-0.7071068,0,0,0,0,0,-0.7071068,0,0,0,0,0,-0.7071068,0
26.45772,27,4,1,0.1454966,1.37128,-0.6644548,-0.05918191,-0.9297282,-0.3613971,0.4609567,0.6469233,0.2402805,-0.07668182,0.6431224,0.09047091,-0.03242449,1.198111,0.06141952,-0.02234823,-0.9635026,-0.1205652,0.1675755,1.388292,-0.7639757,0,0,0,0,-0.7071068,0,0,0,0,0,-0.7071068,0,0,0,0,0,-0.7071068,0,0,0,0,0,-0.7071068,0,0,0,0,0,-0.7071068,0
26.47647,27,4,1,0.1437231,1.381357,-0.6579219,-0.06015556,-0.9269124,-0.368578,0.4609461,0.646975,0.2402177,-0.07645474,0.6430704,0.09094156,-0.03304127,1.198186,0.06190175,-0.02211362,-0.9632713,-0.1216466,0.1669587,1.397,-0.7584322,0,0,0,0,-0.7071068,0,0,0,0,0,-0.7071068,0,0,0,0,0,-0.7071068,0,0,0,0,0,-0.7071068,0,0,0,0,0,-0.7071068,0
26.49322,27,4,1,0.1424763,1.386186,-0.6545077,-0.05926275,-0.925545,-0.372227,0.4609521,0.6468318,0.2402205,-0.07634399,0.642806,0.09084726,-0.0342818,1.198327,0.06287758,-0.02156083,-0.9628688,-0.1238146,0.1657182,1.405877,-0.7521812,0,0,0,0,-0.7071068,0,0,0,0,0,-0.7071068,0,0,0,0,0,-0.7071068,0,0,0,0,0,-0.7071068,0,0,0,0,0,-0.7071068,0
26.50993,27,4,1,0.1404622,1.396186,-0.6479846,-0.05445434,-0.9229122,-0.3795453,0.4609073,0.6469058,0.2403837,-0.07624675,0.6423191,0.09151092,-0.03496599,1.198391,0.06339849,-0.02120721,-0.9627666,-0.124585,0.165034,1.413683,-0.746853,0,0,0,0,-0.7071068,0,0,0,0,0,-0.7071068,0,0,0,0,0,-0.7071068,0,0,0,0,0,-0.7071068,0,0,0,0,0,-0.7071068,0
26.52836,27,4,1,0.139448,1.401022,-0.6447793,-0.0510834,-0.9215345,-0.3833475,0.4608699,0.6469085,0.2404738,-0.0761046,0.6419783,0.09170574,-0.03631021,1.198476,0.06447376,-0.02015378,-0.9626576,-0.1262052,0.1636898,1.421439,-0.7408904,0,0,0,0,-0.7071068,0,0,0,0,0,-0.7071068,0,0,0,0,0,-0.7071068,0,0,0,0,0,-0.7071068,0,0,0,0,0,-0.7071068,0
26.54611,27,4,1,0.1379022,1.41032,-0.6380759,-0.05143866,-0.918806,-0.3898811,0.4607663,0.6469202,0.2406627,-0.07585847,0.6415957,0.09220404,-0.03769435,1.198749,0.06550166,-0.01975692,-0.9624235,-0.1284439,0.1623057,1.430106,-0.7343686,0,0,0,0,-0.7071068,0,0,0,0,0,-0.7071068,0,0,0,0,0,-0.7071068,0,0,0,0,0,-0.7071068,0,0,0,0,0,-0.7071068,0
26.56312,27,4,1,0.1363602,1.419339,-0.6316183,-0.05323432,-0.9161497,-0.396014,0.4606884,0.6469429,0.2407676,-0.07582152,0.6413101,0.09241052,-0.03833052,1.198854,0.06601185,-0.0196178,-0.9622689,-0.1297862,0.1616695,1.438227,-0.7284656,0,0,0,0,-0.7071068,0,0,0,0,0,-0.7071068,0,0,0,0,0,-0.7071068,0,0,0,0,0,-0.7071068,0,0,0,0,0,-0.7071068,0
26.57873,27,4,1,0.1355105,1.423687,-0.6284462,-0.05220121,-0.9148614,-0.3991893,0.4606761,0.646937,0.2408009,-0.07584528,0.6412307,0.09247195,-0.0396908,1.199085,0.06699014,-0.01936308,-0.9620313,-0.1321719,0.1603092,1.446076,-0.7222275,0,0,0,0,-0.7071068,0,0,0,0,0,-0.7071068,0,0,0,0,0,-0.7071068,0,0,0,0,0,-0.7071068,0,0,0,0,0,-0.7071068,0
26.59697,28,4,1,0.1337455,1.432294,-0.6219383,-0.04753587,-0.9125977,-0.4048889,0.4607324,0.6469672,0.2409664,-0.07561283,0.6411265,0.09263541,-0.04034765,1.199165,0.06743644,-0.01901516,-0.9619287,-0.1333877,0.1596524,1.453092,-0.7168744,0,0,0,0,-0.7071068,0,0,0,0,0,-0.7071068,0,0,0,0,0,-0.7071068,0,0,0,0,0,-0.7071068,0,0,0,0,0,-0.7071068,0
26.61567,28,4,1,0.1329857,1.436485,-0.6187349,-0.0481448,-0.911748,-0.4067251,0.4607038,0.6470454,0.2410531,-0.07551189,0.6410894,0.0926965,-0.04164639,1.199592,0.06837957,-0.01822246,-0.9617012,-0.1360568,0.1583536,1.461552,-0.7101054,0,0,0,0,-0.7071068,0,0,0,0,0,-0.7071068,0,0,0,0,0,-0.7071068,0,0,0,0,0,-0.7071068,0,0,0,0,0,-0.7071068,0
26.63523,28,4,1,0.1312696,1.444936,-0.6121889,-0.05070142,-0.9096869,-0.4111787,0.4607415,0.6469492,0.2410563,-0.0752525,0.6412063,0.09241977,-0.04224143,1.199805,0.06882408,-0.01774734,-0.9614537,-0.1375956,0.1577586,1.469929,-0.7035779,0,0,0,0,-0.7071068,0,0,0,0,0,-0.7071068,0,0,0,0,0,-0.7071068,0,0,0,0,0,-0.7071068,0,0,0,0,0,-0.7071068,0
26.65211,28,4,1,0.1295056,1.454023,-0.6047552,-0.05299658,-0.9063053,-0.4185703,0.4608913,0.6469209,0.2410057,-0.07496598,0.6414395,0.09217313,-0.04332172,1.200262,0.06968112,-0.01689711,-0.9609923,-0.1405108,0.1566783,1.478834,-0.6962478,0,0,0,0,-0.7071068,0,0,0,0,0,-0.7071068,0,0,0,0,0,-0.7071068,0,0,0,0,0,-0.7071068,0,0,0,0,0,-0.7071068,0
26.66949,28,4,1,0.1288729,1.458501,-0.6005262,-0.0549559,-0.904197,-0.4230127,0.4609126,0.6468238,0.2410093,-0.07489102,0.6415506,0.09210423,-0.04430835,1.200748,0.07044536,-0.01665346,-0.9604895,-0.1433598,0.1556917,1.486542,-0.6898039,0,0,0,0,-0.7071068,0,0,0,0,0,-0.7071068,0,0,0,0,0,-0.7071068,0,0,0,0,0,-0.7071068,0,0,0,0,0,-0.7071068,0
26.68677,28,4,1,0.1276539,1.467677,-0.5918055,-0.05844082,-0.8995067,-0.4326926,0.4609218,0.6466649,0.2409018,-0.0749572,0.6417204,0.09180821,-0.04469275,1.20097,0.07076289,-0.01666237,-0.9601865,-0.1451086,0.1553072,1.494128,-0.683551,0,0,0,0,-0.7071068,0,0,0,0,0,-0.7071068,0,0,0,0,0,-0.7071068,0,0,0,0,0,-0.7071068,0,0,0,0,0,-0.7071068,0
26.70499,28,4,1,0.1267404,1.472297,-0.5870966,-0.05390856,-0.8975029,-0.4374532,0.460976,0.6465896,0.240841,-0.07511114,0.6418509,0.09139644,-0.04554303,1.201328,0.07146713,-0.01642406,-0.9595274,-0.1481696,0.154457,1.501739,-0.6768545,0,0,0,0,-0.7071068,0,0,0,0,0,-0.7071068,0,0,0,0,0,-0.7071068,0,0,0,0,0,-0.7071068,0,0,0,0,0,-0.7071068,0
26.72304,28,4,1,0.1252363,1.481239,-0.5786861,-0.03807999,-0.8950461,-0.4438842,0.4610815,0.6464599,0.2405327,-0.0752227,0.642351,0.09074724,-0.04643111,1.201598,0.07212149,-0.01581115,-0.9589952,-0.1504351,0.1535689,1.509576,-0.669789,0,0,0,0,-0.7071068,0,0,0,0,0,-0.7071068,0,0,0,0,0,-0.7071068,0,0,0,0,0,-0.7071068,0,0,0,0,0,-0.7071068,0
26.74304,28,4,1,0.124705,1.489499,-0.571035,-0.03206794,-0.8936312,-0.4469715,0.4611628,0.6464013,0.2402099,-0.07524799,0.642938,0.09017555,-0.04690881,1.201766,0.07240355,-0.01554412,-0.9587741,-0.1514743,0.1530912,1.517156,-0.6630653,0,0,0,0,-0.7071068,0,0,0,0,0,-0.7071068,0,0,0,0,0,-0.7071068,0,0,0,0,0,-0.7071068,0,0,0,0,0,-0.7071068,0
26.76156,28,4,1,0.1243983,1.493338,-0.5673844,-0.03336138,-0.893029,-0.4480492,0.4612127,0.6464063,0.2400883,-0.07541905,0.6431794,0.08970389,-0.04786302,1.202227,0.07305859,-0.01522128,-0.9583604,-0.1538205,0.152137,1.52574,-0.6551578,0,0,0,0,-0.7071068,0,0,0,0,0,-0.7071068,0,0,0,0,0,-0.7071068,0,0,0,0,0,-0.7071068,0,0,0,0,0,-0.7071068,0
26.77928,28,4,1,0.1231516,1.500751,-0.5601215,-0.03881705,-0.8915607,-0.4506734,0.4612783,0.6462975,0.2398472,-0.07604231,0.6434304,0.08890438,-0.04886512,1.202528,0.07363974,-0.01478461,-0.958075,-0.1558617,0.1511349,1.533467,-0.6477653,0,0,0,0,-0.7071068,0,0,0,0,0,-0.7071068,0,0,0,0,0,-0.7071068,0,0,0,0,0,-0.7071068,0,0,0,0,0,-0.7071068,0
26.79635,28,4,1,0.1206291,1.508655,-0.5528436,-0.03780684,-0.8896554,-0.4546631,0.4613115,0.6464558,0.2397736,-0.07642107,0.6435788,0.08851404,-0.04945291,1.202672,0.07388964,-0.01461932,-0.9580283,-0.1565483,0.1505471,1.540638,-0.6409052,0,0,0,0,-0.7071068,0,0,0,0,0,-0.7071068,0,0,0,0,0,-0.7071068,0,0,0,0,0,-0.7071068,0,0,0,0,0,-0.7071068,0
26.81341,28,4,1,0.1187578,1.512661,-0.5489632,-0.03585549,-0.8886945,-0.4567749,0.4613737,0.6464399,0.2397456,-0.07632875,0.6436197,0.0886379,-0.05059683,1.203122,0.07436606,-0.01453758,-0.9579707,-0.1584718,0.1494032,1.547774,-0.6339834,0,0,0,0,-0.7071068,0,0,0,0,0,-0.7071068,0,0,0,0,0,-0.7071068,0,0,0,0,0,-0.7071068,0,0,0,0,0,-0.7071068,0
26.83064,28,4,1,0.1157633,1.520486,-0.5416754,-0.03419332,-0.8868417,-0.46063,0.4613202,0.646338,0.23977,-0.0763097,0.6434701,0.08868404,-0.05120413,1.203344,0.07463531,-0.01445473,-0.9578736,-0.1598933,0.1487959,1.554603,-0.6271924,0,0,0,0,-0.7071068,0,0,0,0,0,-0.7071068,0,0,0,0,0,-0.7071068,0,0,0,0,0,-0.7071068,0,0,0,0,0,-0.7071068,0
26.84711,28,4,1,0.1140055,1.524227,-0.5380985,-0.0330549,-0.8861208,-0.4621654,0.4613359,0.6463099,0.2398288,-0.07606979,0.6433321,0.08874749,-0.05258513,1.203442,0.07514018,-0.01380485,-0.9578295,-0.1617204,0.1474149,1.561295,-0.6200199,0,0,0,0,-0.7071068,0,0,0,0,0,-0.7071068,0,0,0,0,0,-0.7071068,0,0,0,0,0,-0.7071068,0,0,0,0,0,-0.7071068,0
26.86506,28,4,1,0.1104489,1.531574,-0.5309547,-0.02797763,-0.884346,-0.4659391,0.4613846,0.6461202,0.2400564,-0.07518901,0.6431056,0.0890986,-0.05319392,1.203421,0.07540999,-0.01331254,-0.9579059,-0.1621972,0.1468061,1.567502,-0.6133032,0,0,0,0,-0.7071068,0,0,0,0,0,-0.7071068,0,0,0,0,0,-0.7071068,0,0,0,0,0,-0.7071068,0,0,0,0,0,-0.7071068,0
26.88246,28,4,1,0.1088736,1.535273,-0.5273135,-0.02525751,-0.8831078,-0.4684452,0.4612828,0.6461936,0.2402121,-0.07472334,0.6429368,0.08946001,-0.05460455,1.203409,0.07594242,-0.01254961,-0.9580741,-0.1628115,0.1453955,1.574197,-0.6056604,0,0,0,0,-0.7071068,0,0,0,0,0,-0.7071068,0,0,0,0,0,-0.7071068,0,0,0,0,0,-0.7071068,0,0,0,0,0,-0.7071068,0
26.90124,28,4,1,0.1061828,1.542659,-0.5199153,-0.02406166,-0.8802223,-0.4739276,0.4612892,0.6462282,0.2404471,-0.07413366,0.6426588,0.09006186,-0.05532781,1.203479,0.07626729,-0.01226863,-0.9581011,-0.163451,0.1446722,1.580677,-0.5983685,0,0,0,0,-0.7071068,0,0,0,0,0,-0.7071068,0,0,0,0,0,-0.7071068,0,0,0,0,0,-0.7071068,0,0,0,0,0,-0.7071068,0
26.91816,28,4,1,0.1040325,1.549354,-0.5121562,-0.02493572,-0.8763605,-0.4809933,0.4612623,0.6461858,0.2406668,-0.07385869,0.6423357,0.09061303,-0.05674445,1.203763,0.0767137,-0.01171485,-0.9580745,-0.1651792,0.1432556,1.587786,-0.5903144,0,0,0,0,-0.7071068,0,0,0,0,0,-0.7071068,0,0,0,0,0,-0.7071068,0,0,0,0,0,-0.7071068,0,0,0,0,0,-0.7071068,0
26.93674,28,4,1,0.1028392,1.552735,-0.5084186,-0.02414323,-0.8745777,-0.4842678,0.4611936,0.6461693,0.2406861,-0.07372268,0.6421284,0.0908665,-0.05817057,1.204003,0.07738637,-0.01056276,-0.9581348,-0.1665652,0.1418294,1.594089,-0.5827101,0,0,0,0,-0.7071068,0,0,0,0,0,-0.7071068,0,0,0,0,0,-0.7071068,0,0,0,0,0,-0.7071068,0,0,0,0,0,-0.7071068,0
26.95411,28,4,1,0.1012352,1.55888,-0.5015132,-0.02269943,-0.8720921,-0.488777,0.46102,0.6461879,0.2407517,-0.0737487,0.6418439,0.09117613,-0.05883572,1.204158,0.07765368,-0.009833656,-0.9581002,-0.1674432,0.1411643,1.600806,-0.5747512,0,0,0,0,-0.7071068,0,0,0,0,0,-0.7071068,0,0,0,0,0,-0.7071068,0,0,0,0,0,-0.7071068,0,0,0,0,0,-0.7071068,0
26.97052,28,4,1,0.1003177,1.561638,-0.4981632,-0.02239069,-0.8712076,-0.4903554,0.4610849,0.646225,0.2407776,-0.07380291,0.6417617,0.09108955,-0.06001607,1.204524,0.07819871,-0.008543521,-0.957878,-0.1696828,0.1399839,1.607219,-0.5669356,0,0,0,0,-0.7071068,0,0,0,0,0,-0.7071068,0,0,0,0,0,-0.7071068,0,0,0,0,0,-0.7071068,0,0,0,0,0,-0.7071068,0
26.98715,28,4,1,0.09863837,1.567064,-0.4917753,-0.02101031,-0.8693161,-0.4937322,0.4611119,0.6462384,0.2406876,-0.07384808,0.6417217,0.09080927,-0.06060719,1.204676,0.07848985,-0.007713057,-0.9577673,-0.1706974,0.1393928,1.613,-0.5597128,0,0,0,0,-0.7071068,0,0,0,0,0,-0.7071068,0,0,0,0,0,-0.7071068,0,0,0,0,0,-0.7071068,0,0,0,0,0,-0.7071068,0
27.0052,28,4,1,0.09773369,1.56968,-0.4886661,-0.02074374,-0.8683135,-0.4954861,0.4611553,0.6462371,0.24054,-0.07385466,0.6418952,0.09064987,-0.06182169,1.204962,0.07898259,-0.006277762,-0.9576108,-0.1723279,0.1381783,1.618912,-0.5521257,0,0,0,0,-0.7071068,0,0,0,0,0,-0.7071068,0,0,0,0,0,-0.7071068,0,0,0,0,0,-0.7071068,0,0,0,0,0,-0.7071068,0
27.02239,28,4,1,0.09564669,1.574767,-0.4822943,-0.02075505,-0.865712,-0.5000227,0.4611702,0.6463045,0.2404049,-0.07383708,0.642059,0.0905237,-0.06295463,1.205241,0.07952443,-0.005325094,-0.957449,-0.1739655,0.1370454,1.625199,-0.5438169,0,0,0,0,-0.7071068,0,0,0,0,0,-0.7071068,0,0,0,0,0,-0.7071068,0,0,0,0,0,-0.7071068,0,0,0,0,0,-0.7071068,0
27.04297,28,4,1,0.09297187,1.579576,-0.4757602,-0.01985866,-0.8622551,-0.5060515,0.4613924,0.6462387,0.2402382,-0.07385544,0.642211,0.09034263,-0.06354039,1.205315,0.07981138,-0.005015127,-0.9573535,-0.1746698,0.1364596,1.630909,-0.5360559,0,0,0,0,-0.7071068,0,0,0,0,0,-0.7071068,0,0,0,0,0,-0.7071068,0,0,0,0,0,-0.7071068,0,0,0,0,0,-0.7071068,0
27.05961,28,4,1,0.09162814,1.582039,-0.4724252,-0.01886927,-0.8606048,-0.5089027,0.4615212,0.6462209,0.2401758,-0.07374104,0.6423331,0.09042498,-0.06462821,1.205412,0.0803446,-0.004552275,-0.9572287,-0.1757632,0.1353718,1.637629,-0.5264937,0,0,0,0,-0.7071068,0,0,0,0,0,-0.7071068,0,0,0,0,0,-0.7071068,0,0,0,0,0,-0.7071068,0,0,0,0,0,-0.7071068,0
27.07719,28,4,1,0.08965678,1.585647,-0.466197,-0.01978181,-0.857543,-0.5140319,0.4614927,0.6460798,0.2401147,-0.0734084,0.6424391,0.09053047,-0.06514404,1.205539,0.080643,-0.004737124,-0.9572761,-0.1759017,0.134856,1.643018,-0.5188234,0,0,0,0,-0.7071068,0,0,0,0,0,-0.7071068,0,0,0,0,0,-0.7071068,0,0,0,0,0,-0.7071068,0,0,0,0,0,-0.7071068,0
27.09541,28,4,1,0.08846802,1.588657,-0.4602262,-0.02107163,-0.8550425,-0.5181115,0.4615896,0.6459911,0.2401517,-0.0732743,0.6423784,0.09075978,-0.06619762,1.205704,0.08112227,-0.004154488,-0.9570368,-0.1778323,0.1338024,1.64865,-0.510489,0,0,0,0,-0.7071068,0,0,0,0,0,-0.7071068,0,0,0,0,0,-0.7071068,0,0,0,0,0,-0.7071068,0,0,0,0,0,-0.7071068,0
27.11239,28,4,1,0.08811981,1.590169,-0.4572552,-0.02163987,-0.8537491,-0.5202033,0.4616503,0.645937,0.2400777,-0.07312084,0.6424223,0.09065313,-0.06741042,1.205776,0.08157028,-0.004138306,-0.9569335,-0.1793015,0.1325896,1.654284,-0.5018321,0,0,0,0,-0.7071068,0,0,0,0,0,-0.7071068,0,0,0,0,0,-0.7071068,0,0,0,0,0,-0.7071068,0,0,0,0,0,-0.7071068,0
27.13157,28,4,1,0.0887844,1.592258,-0.4515651,-0.02349079,-0.8516222,-0.5236024,0.4615757,0.6461191,0.239908,-0.07298984,0.6426615,0.09052043,-0.06804565,1.205736,0.08175218,-0.004451893,-0.9569714,-0.1797674,0.1319543,1.659331,-0.4939394,0,0,0,0,-0.7071068,0,0,0,0,0,-0.7071068,0,0,0,0,0,-0.7071068,0,0,0,0,0,-0.7071068,0,0,0,0,0,-0.7071068,0
27.14968,28,4,1,0.08932907,1.593379,-0.4489515,-0.02051744,-0.8510089,-0.5247475,0.4616247,0.646089,0.239776,-0.07285263,0.6427889,0.0904019,-0.06938685,1.205643,0.08209986,-0.004555769,-0.9571049,-0.180979,0.1306131,1.664876,-0.4848072,0,0,0,0,-0.7071068,0,0,0,0,0,-0.7071068,0,0,0,0,0,-0.7071068,0,0,0,0,0,-0.7071068,0,0,0,0,0,-0.7071068,0
27.16698,28,4,1,0.09037597,1.595712,-0.4439617,-0.01642561,-0.8500732,-0.5263798,0.4616943,0.6460558,0.2396146,-0.07312103,0.6429961,0.09001179,-0.07081805,1.205918,0.08244189,-0.00378564,-0.9571522,-0.182295,0.129182,1.670367,-0.4761009,0,0,0,0,-0.7071068,0,0,0,0,0,-0.7071068,0,0,0,0,0,-0.7071068,0,0,0,0,0,-0.7071068,0,0,0,0,0,-0.7071068,0
27.18469,28,4,1,0.09103162,1.598333,-0.4392475,-0.01563939,-0.8496726,-0.5270203,0.4617818,0.6461034,0.2392976,-0.07389817,0.6432605,0.08929162,-0.0714938,1.20614,0.08253022,-0.003010057,-0.9570491,-0.1834757,0.1285062,1.675474,-0.4679587,0,0,0,0,-0.7071068,0,0,0,0,0,-0.7071068,0,0,0,0,0,-0.7071068,0,0,0,0,0,-0.7071068,0,0,0,0,0,-0.7071068,0
27.20248,28,4,1,0.09093661,1.59987,-0.4369126,-0.01516294,-0.8492042,-0.5277842,0.4617818,0.6461421,0.2391681,-0.07435553,0.6433534,0.08882999,-0.07283177,1.206544,0.08267593,-0.001002885,-0.9568837,-0.1853184,0.1271682,1.680774,-0.4595146,0,0,0,0,-0.7071068,0,0,0,0,0,-0.7071068,0,0,0,0,0,-0.7071068,0,0,0,0,0,-0.7071068,0,0,0,0,0,-0.7071068,0
27.21831,28,4,1,0.09040792,1.603089,-0.4317318,-0.01131928,-0.8477468,-0.5302036,0.461937,0.6461074,0.2388776,-0.07490759,0.6436458,0.08816557,-0.07348773,1.206692,0.08273134,-0.0002047122,-0.9568568,-0.1860377,0.1265123,1.685739,-0.4510574,0,0,0,0,-0.7071068,0,0,0,0,0,-0.7071068,0,0,0,0,0,-0.7071068,0,0,0,0,0,-0.7071068,0,0,0,0,0,-0.7071068,0
27.23488,28,4,1,0.09000082,1.604872,-0.4289909,-0.008880109,-0.8466495,-0.531996,0.46197,0.6461196,0.2388106,-0.07504354,0.6437774,0.08794609,-0.07468247,1.206792,0.08291367,0.001563661,-0.9569668,-0.1866527,0.1253175,1.68156,-0.4583511,0,0,0,0,-0.7071068,0,0,0,0,0,-0.7071068,0,0,0,0,0,-0.7071068,0,0,0,0,0,-0.7071068,0,0,0,0,0,-0.7071068,0
27.25201,28,4,1,0.08867461,1.608873,-0.423572,-0.006700397,-0.8432174,-0.5374661,0.4619476,0.6460782,0.2388276,-0.0747401,0.6440588,0.08814562,-0.07525087,1.206859,0.082973,0.002496995,-0.95702,-0.1868382,0.1247491,1.677059,-0.4660659,0,0,0,0,-0.7071068,0,0,0,0,0,-0.7071068,0,0,0,0,0,-0.7071068,0,0,0,0,0,-0.7071068,0,0,0,0,0,-0.7071068,0
27.26895,28,4,1,0.088152,1.610943,-0.4209172,-0.007952392,-0.8414465,-0.5402317,0.46189,0.6460601,0.2389291,-0.07431467,0.6441416,0.08826064,-0.0761608,1.207155,0.08315413,0.004139729,-0.9569571,-0.1876143,0.1238392,1.672537,-0.4738666,0,0,0,0,-0.7071068,0,0,0,0,0,-0.7071068,0,0,0,0,0,-0.7071068,0,0,0,0,0,-0.7071068,0,0,0,0,0,-0.7071068,0
27.28658,28,4,1,0.08693416,1.614939,-0.415629,-0.01131147,-0.8385645,-0.5446718,0.4617579,0.645906,0.2392351,-0.07380916,0.6438909,0.08873573,-0.07656754,1.207299,0.08325365,0.004655108,-0.9567134,-0.188636,0.1234325,1.667823,-0.4816063,0,0,0,0,-0.7071068,0,0,0,0,0,-0.7071068,0,0,0,0,0,-0.7071068,0,0,0,0,0,-0.7071068,0,0,0,0,0,-0.7071068,0
27.30455,28,4,1,0.08612973,1.616926,-0.4129339,-0.01084962,-0.8372095,-0.5467696,0.461698,0.6458476,0.2394591,-0.07342386,0.6435465,0.08894648,-0.07717598,1.207577,0.08343813,0.006537326,-0.9560305,-0.1904932,0.122824,1.662948,-0.4895131,0,0,0,0,-0.7071068,0,0,0,0,0,-0.7071068,0,0,0,0,0,-0.7071068,0,0,0,0,0,-0.7071068,0,0,0,0,0,-0.7071068,0
27.32163,28,4,1,0.08383781,1.621056,-0.4074879,-0.006130099,-0.834398,-0.5511274,0.461576,0.6458188,0.2398283,-0.07309137,0.642788,0.08936843,-0.07759762,1.207889,0.0837001,0.008092418,-0.9555021,-0.1914762,0.1224024,1.657906,-0.497436,0,0,0,0,-0.7071068,0,0,0,0,0,-0.7071068,0,0,0,0,0,-0.7071068,0,0,0,0,0,-0.7071068,0,0,0,0,0,-0.7071068,0
27.33828,28,4,1,0.08283264,1.62303,-0.4047304,-0.004947186,-0.8327591,-0.5536134,0.4616027,0.6458052,0.2399763,-0.07299197,0.6425434,0.0895495,-0.07770569,1.208038,0.08377293,0.008685194,-0.9553052,-0.1917112,0.1222943,1.65287,-0.5050796,0,0,0,0,-0.7071068,0,0,0,0,0,-0.7071068,0,0,0,0,0,-0.7071068,0,0,0,0,0,-0.7071068,0,0,0,0,0,-0.7071068,0
27.35571,29,4,1,0.0809154,1.626785,-0.3989907,-0.004910618,-0.828665,-0.5597159,0.4615419,0.6459118,0.2401335,-0.07328548,0.6423518,0.08964837,-0.07807165,1.208174,0.08400399,0.009390317,-0.9548644,-0.1926868,0.1219283,1.647864,-0.51231,0,0,0,0,-0.7071068,0,0,0,0,0,-0.7071068,0,0,0,0,0,-0.7071068,0,0,0,0,0,-0.7071068,0,0,0,0,0,-0.7071068,0
27.37415,29,4,1,0.07935733,1.630144,-0.3933213,-0.006506711,-0.8250443,-0.565009,0.4615444,0.6459814,0.2401527,-0.0736023,0.6424979,0.08955947,-0.07822923,1.208215,0.08410566,0.00928431,-0.9547529,-0.1929528,0.1217708,1.642429,-0.5199568,0,0,0,0,-0.7071068,0,0,0,0,0,-0.7071068,0,0,0,0,0,-0.7071068,0,0,0,0,0,-0.7071068,0,0,0,0,0,-0.7071068,0
27.39339,29,4,1,0.0787558,1.631496,-0.3907147,-0.006686062,-0.8241167,-0.5663586,0.4615183,0.6459333,0.2401286,-0.0736785,0.6425164,0.08954107,-0.07857795,1.208188,0.0842893,0.008891322,-0.9545412,-0.1936814,0.1214221,1.636507,-0.527896,0,0,0,0,-0.7071068,0,0,0,0,0,-0.7071068,0,0,0,0,0,-0.7071068,0,0,0,0,0,-0.7071068,0,0,0,0,0,-0.7071068,0
27.4107,29,4,0,0.0775568,1.634414,-0.3855218,-0.005145311,-0.8217063,-0.5698665,0.4615429,0.6458651,0.2401161,-0.07368281,0.6424665,0.08946344,-0.07891283,1.208026,0.08448331,0.008341208,-0.9546847,-0.1936203,0.1210872,1.630083,-0.5360966,0,0,0,0,-0.7071068,0,0,0,0,0,-0.7071068,0,0,0,0,0,-0.7071068,0,0,0,0,0,-0.7071068,0,0,0,0,0,-0.7071068,0
27.42931,29,4,0,0.07688171,1.636613,-0.3799569,-0.002424836,-0.8179073,-0.5753292,0.4615996,0.6458694,0.2399902,-0.07336254,0.64233,0.08975364,-0.07913861,1.207906,0.08460298,0.008043572,-0.9549012,-0.193184,0.1208614,1.624235,-0.5434532,0,0,0,0,-0.7071068,0,0,0,0,0,-0.7071068,0,0,0,0,0,-0.7071068,0,0,0,0,0,-0.7071068,0,0,0,0,0,-0.7071068,0
27.44623,29,4,0,0.07729907,1.637079,-0.3771188,-0.0023866,-0.8148583,-0.5796461,0.4616087,0.6460011,0.2399543,-0.07316937,0.6423559,0.09030015,-0.07961331,1.207549,0.08496252,0.007788926,-0.9555669,-0.1921892,0.1203867,1.617617,-0.5510592,0,0,0,0,-0.7071068,0,0,0,0,0,-0.7071068,0,0,0,0,0,-0.7071068,0,0,0,0,0,-0.7071068,0,0,0,0,0,-0.7071068,0
27.46202,29,4,0,0.07817284,1.638075,-0.3715819,-0.00473389,-0.8087289,-0.5881618,0.4614617,0.6461337,0.2399984,-0.0727244,0.6422915,0.09166774,-0.08008438,1.207247,0.08544941,0.007490195,-0.9561954,-0.1916888,0.1199156,1.609924,-0.5597077,0,0,0,0,-0.7071068,0,0,0,0,0,-0.7071068,0,0,0,0,0,-0.7071068,0,0,0,0,0,-0.7071068,0,0,0,0,0,-0.7071068,0
27.48391,29,4,0,0.08039037,1.638083,-0.3671946,-0.01257169,-0.8031673,-0.5956192,0.461217,0.646166,0.2400007,-0.07251729,0.6418057,0.09274122,-0.08060844,1.207201,0.08606248,0.006480537,-0.9565829,-0.1921782,0.1193916,1.602193,-0.5683032,0,0,0,0,-0.7071068,0,0,0,0,0,-0.7071068,0,0,0,0,0,-0.7071068,0,0,0,0,0,-0.7071068,0,0,0,0,0,-0.7071068,0
27.49537,29,4,0,0.08188526,1.637528,-0.3662854,-0.0167287,-0.802021,-0.5970547,0.4611434,0.6461438,0.2400219,-0.0724155,0.6415415,0.09305513,-0.08085039,1.2072,0.0862727,0.005831227,-0.9565235,-0.1935504,0.1191496,1.598313,-0.5726329,0,0,0,0,-0.7071068,0,0,0,0,0,-0.7071068,0,0,0,0,0,-0.7071068,0,0,0,0,0,-0.7071068,0,0,0,0,0,-0.7071068,0
27.51716,29,4,0,0.08313171,1.636912,-0.3644723,-0.0153515,-0.8009785,-0.5984539,0.461121,0.6462544,0.2400369,-0.07247555,0.641184,0.09352268,-0.08126912,1.207061,0.08689612,0.00556732,-0.9565241,-0.1950714,0.1187309,1.590087,-0.5812554,0,0,0,0,-0.7071068,0,0,0,0,0,-0.7071068,0,0,0,0,0,-0.7071068,0,0,0,0,0,-0.7071068,0,0,0,0,0,-0.7071068,0
27.52866,29,4,0,0.08342747,1.636453,-0.3643916,-0.01243016,-0.8017226,-0.5974934,0.4611357,0.6463346,0.2400496,-0.07241032,0.6410687,0.09352812,-0.08150665,1.207039,0.08722313,0.005758703,-0.9564611,-0.1958775,0.1184933,1.586188,-0.5852576,0,0,0,0,-0.7071068,0,0,0,0,0,-0.7071068,0,0,0,0,0,-0.7071068,0,0,0,0,0,-0.7071068,0,0,0,0,0,-0.7071068,0
27.55052,29,4,0,0.08386985,1.635527,-0.3650407,-0.008655757,-0.8032326,-0.5954697,0.4611627,0.6464252,0.2398873,-0.07293484,0.641228,0.093022,-0.08173068,1.207382,0.08786779,0.006785363,-0.9562857,-0.197419,0.1182693,1.578324,-0.5935696,0,0,0,0,-0.7071068,0,0,0,0,0,-0.7071068,0,0,0,0,0,-0.7071068,0,0,0,0,0,-0.7071068,0,0,0,0,0,-0.7071068,0
27.56189,29,4,0,0.08412866,1.634757,-0.3660686,-0.008271784,-0.8043019,-0.5940181,0.4612292,0.6464517,0.2397912,-0.07309711,0.6414087,0.09275006,-0.0818583,1.20756,0.08817761,0.007331587,-0.9561237,-0.1982996,0.1181417,1.574393,-0.59764,0,0,0,0,-0.7071068,0,0,0,0,0,-0.7071068,0,0,0,0,0,-0.7071068,0,0,0,0,0,-0.7071068,0,0,0,0,0,-0.7071068,0
27.58379,29,4,0,0.08388285,1.633289,-0.3687439,-0.009568244,-0.8062111,-0.5914512,0.461397,0.6463619,0.2395255,-0.07328253,0.6422573,0.09186611,-0.08189323,1.207837,0.08871752,0.008296281,-0.955773,-0.1996403,0.1181068,1.566268,-0.6058506,0,0,0,0,-0.7071068,0,0,0,0,0,-0.7071068,0,0,0,0,0,-0.7071068,0,0,0,0,0,-0.7071068,0,0,0,0,0,-0.7071068,0
27.59538,29,4,0,0.08362297,1.632582,-0.3704901,-0.0103139,-0.8072766,-0.5900164,0.4614548,0.6462858,0.2394619,-0.07314087,0.6425639,0.09167467,-0.08183581,1.207862,0.08899263,0.008695319,-0.9556466,-0.1998743,0.1181642,1.562105,-0.6098382,0,0,0,0,-0.7071068,0,0,0,0,0,-0.7071068,0,0,0,0,0,-0.7071068,0,0,0,0,0,-0.7071068,0,0,0,0,0,-0.7071068,0
27.61724,29,4,0,0.08335403,1.630857,-0.3739475,-0.01241311,-0.8092849,-0.58727,0.4615281,0.6461384,0.2397619,-0.07233979,0.6427925,0.09232281,-0.08164779,1.207877,0.08947095,0.009287611,-0.95544,-0.1999652,0.1183522,1.55353,-0.6179001,0,0,0,0,-0.7071068,0,0,0,0,0,-0.7071068,0,0,0,0,0,-0.7071068,0,0,0,0,0,-0.7071068,0,0,0,0,0,-0.7071068,0
27.63943,29,4,0,0.08312995,1.628525,-0.3780909,-0.01218167,-0.8116491,-0.5840166,0.4615035,0.6460363,0.2400967,-0.0712914,0.6425518,0.09354773,-0.08124033,1.207795,0.08989216,0.009493627,-0.9552619,-0.1997993,0.1187597,1.544708,-0.6259035,0,0,0,0,-0.7071068,0,0,0,0,0,-0.7071068,0,0,0,0,0,-0.7071068,0,0,0,0,0,-0.7071068,0,0,0,0,0,-0.7071068,0
27.6619,29,4,0,0.08309443,1.625505,-0.3830387,-0.00791499,-0.8148619,-0.5796009,0.4614218,0.6461822,0.2405796,-0.07052863,0.6420791,0.09477857,-0.08076077,1.207577,0.09031925,0.009292506,-0.9552301,-0.1991007,0.1192392,1.535677,-0.6337105,0,0,0,0,-0.7071068,0,0,0,0,0,-0.7071068,0,0,0,0,0,-0.7071068,0,0,0,0,0,-0.7071068,0,0,0,0,0,-0.7071068,0
27.68385,29,4,0,0.083237,1.621152,-0.3886757,-0.001338899,-0.818804,-0.5740718,0.4611545,0.6462481,0.2408559,-0.07062806,0.6418711,0.09533335,-0.08019412,1.207138,0.09071306,0.008224286,-0.9554363,-0.197637,0.1198059,1.526227,-0.6414779,0,0,0,0,-0.7071068,0,0,0,0,0,-0.7071068,0,0,0,0,0,-0.7071068,0,0,0,0,0,-0.7071068,0,0,0,0,0,-0.7071068,0
27.69498,29,4,0,0.08401866,1.618083,-0.3923576,0.002415568,-0.8209664,-0.5709702,0.4610112,0.6462438,0.2409507,-0.07049768,0.6416456,0.09605734,-0.07983015,1.206898,0.09089736,0.007221155,-0.9556608,-0.1966585,0.1201698,1.521503,-0.6452614,0,0,0,0,-0.7071068,0,0,0,0,0,-0.7071068,0,0,0,0,0,-0.7071068,0,0,0,0,0,-0.7071068,0,0,0,0,0,-0.7071068,0
27.70611,29,4,0,0.08485181,1.615254,-0.3958157,0.004882306,-0.8228141,-0.5682856,0.4609016,0.6462911,0.2411123,-0.07039586,0.6416358,0.09660775,-0.07951972,1.206616,0.0911187,0.006270692,-0.9559125,-0.1956258,0.1204803,1.516649,-0.6490222,0,0,0,0,-0.7071068,0,0,0,0,0,-0.7071068,0,0,0,0,0,-0.7071068,0,0,0,0,0,-0.7071068,0,0,0,0,0,-0.7071068,0
27.72836,29,4,0,0.08814961,1.608507,-0.4041154,0.004096061,-0.8262683,-0.5632114,0.4606967,0.6463109,0.2412798,-0.07015519,0.6414505,0.0975849,-0.0787852,1.206089,0.09155831,0.003803886,-0.9563839,-0.1938728,0.1212148,1.506925,-0.6564075,0,0,0,0,-0.7071068,0,0,0,0,0,-0.7071068,0,0,0,0,0,-0.7071068,0,0,0,0,0,-0.7071068,0,0,0,0,0,-0.7071068,0
27.75056,29,4,0,0.09241981,1.600391,-0.4144242,-0.002479494,-0.831684,-0.5551071,0.4605635,0.6464312,0.2415329,-0.06955186,0.6409776,0.09855223,-0.07805305,1.205789,0.09205338,0.001825809,-0.9566638,-0.192855,0.121947,1.497305,-0.6635966,0,0,0,0,-0.7071068,0,0,0,0,0,-0.7071068,0,0,0,0,0,-0.7071068,0,0,0,0,0,-0.7071068,0,0,0,0,0,-0.7071068,0
27.77283,29,4,0,0.09597154,1.591626,-0.4254413,-0.007418245,-0.83806,-0.5453115,0.4603967,0.6462226,0.2417404,-0.06913707,0.6406048,0.09892624,-0.07727571,1.205794,0.09239125,0.0001109168,-0.9566391,-0.1930178,0.1227243,1.487837,-0.6708251,0,0,0,0,-0.7071068,0,0,0,0,0,-0.7071068,0,0,0,0,0,-0.7071068,0,0,0,0,0,-0.7071068,0,0,0,0,0,-0.7071068,0
27.79529,29,4,0,0.09906824,1.582103,-0.4375718,-0.009850889,-0.8454798,-0.5336237,0.4603327,0.6462513,0.2417681,-0.06910799,0.6404225,0.0991229,-0.07640185,1.205758,0.09272552,-0.001162276,-0.9566696,-0.1927544,0.1235982,1.478251,-0.6778792,0,0,0,0,-0.7071068,0,0,0,0,0,-0.7071068,0,0,0,0,0,-0.7071068,0,0,0,0,0,-0.7071068,0,0,0,0,0,-0.7071068,0
27.81716,29,4,0,0.1016737,1.571958,-0.4503153,-0.01047352,-0.8532866,-0.5210121,0.4604073,0.6463746,0.2416175,-0.0698523,0.6407084,0.09839223,-0.0755339,1.205766,0.09286413,-0.002266496,-0.956576,-0.1926259,0.1244661,1.468528,-0.6850302,0,0,0,0,-0.7071068,0,0,0,0,0,-0.7071068,0,0,0,0,0,-0.7071068,0,0,0,0,0,-0.7071068,0,0,0,0,0,-0.7071068,0
27.82828,29,4,0,0.1027231,1.566759,-0.4566785,-0.01207408,-0.8571208,-0.5146831,0.4604738,0.6463947,0.2414626,-0.07012084,0.6410293,0.09825322,-0.07507838,1.205775,0.09284818,-0.002851762,-0.9565082,-0.1925148,0.1249216,1.463705,-0.6885791,0,0,0,0,-0.7071068,0,0,0,0,0,-0.7071068,0,0,0,0,0,-0.7071068,0,0,0,0,0,-0.7071068,0,0,0,0,0,-0.7071068,0
27.85033,29,4,0,0.1050896,1.556014,-0.4696859,-0.01547468,-0.8643968,-0.502318,0.4606773,0.6463383,0.2411087,-0.07060996,0.6417427,0.09733138,-0.07415532,1.205733,0.09267017,-0.003476605,-0.9563828,-0.1920038,0.1258447,1.453853,-0.6957563,0,0,0,0,-0.7071068,0,0,0,0,0,-0.7071068,0,0,0,0,0,-0.7071068,0,0,0,0,0,-0.7071068,0,0,0,0,0,-0.7071068,0
27.86175,29,4,0,0.1062376,1.550606,-0.4761879,-0.01698847,-0.8679074,-0.496185,0.4608327,0.6463319,0.2409879,-0.07044293,0.6421009,0.09714481,-0.07370086,1.205656,0.09254425,-0.003614768,-0.9563695,-0.1914447,0.1262991,1.448848,-0.6993132,0,0,0,0,-0.7071068,0,0,0,0,0,-0.7071068,0,0,0,0,0,-0.7071068,0,0,0,0,0,-0.7071068,0,0,0,0,0,-0.7071068,0
27.88371,29,4,0,0.1086463,1.539766,-0.4890144,-0.0176952,-0.8749962,-0.4835081,0.4609819,0.6461835,0.2409619,-0.06988597,0.6424513,0.09732819,-0.07283762,1.205323,0.09211767,-0.003043927,-0.9566448,-0.1888784,0.1271624,1.438396,-0.7066098,0,0,0,0,-0.7071068,0,0,0,0,0,-0.7071068,0,0,0,0,0,-0.7071068,0,0,0,0,0,-0.7071068,0,0,0,0,0,-0.7071068,0
27.89485,29,4,0,0.1098252,1.534284,-0.4951904,-0.01777719,-0.8783271,-0.4773999,0.4610253,0.6461842,0.2410392,-0.06951811,0.6423938,0.09775939,-0.07243935,1.205123,0.09188128,-0.002547748,-0.9568909,-0.1871921,0.1275606,1.433246,-0.7101234,0,0,0,0,-0.7071068,0,0,0,0,0,-0.7071068,0,0,0,0,0,-0.7071068,0,0,0,0,0,-0.7071068,0,0,0,0,0,-0.7071068,0
27.90609,29,4,0,0.1107955,1.52862,-0.501179,-0.01716129,-0.881055,-0.4723254,0.4610453,0.6461833,0.2411071,-0.06931822,0.642318,0.09800604,-0.07209759,1.204837,0.09162568,-0.0016362,-0.9572852,-0.1849821,0.1279024,1.427881,-0.7136864,0,0,0,0,-0.7071068,0,0,0,0,0,-0.7071068,0,0,0,0,0,-0.7071068,0,0,0,0,0,-0.7071068,0,0,0,0,0,-0.7071068,0
27.92834,29,4,0,0.1133493,1.517072,-0.5132199,-0.01669239,-0.8847891,-0.4652066,0.4610901,0.6462699,0.2413087,-0.06901012,0.6423193,0.09863426,-0.071474,1.204227,0.09115111,-0.0001157671,-0.9582017,-0.1802598,0.128526,1.417066,-0.7206374,0,0,0,0,-0.7071068,0,0,0,0,0,-0.7071068,0,0,0,0,0,-0.7071068,0,0,0,0,0,-0.7071068,0,0,0,0,0,-0.7071068,0
27.93973,29,4,0,0.1146224,1.511685,-0.5188097,-0.01750703,-0.8860366,-0.4627948,0.4610142,0.6462989,0.2413644,-0.06906185,0.642247,0.09924112,-0.07120965,1.20385,0.09088951,0.0001772791,-0.9586462,-0.1779388,0.1287903,1.411465,-0.7241291,0,0,0,0,-0.7071068,0,0,0,0,0,-0.7071068,0,0,0,0,0,-0.7071068,0,0,0,0,0,-0.7071068,0,0,0,0,0,-0.7071068,0
27.95144,29,4,0,0.1157053,1.505842,-0.5246635,-0.01914074,-0.8876768,-0.4595948,0.4609181,0.6464236,0.2413457,-0.06920719,0.6423905,0.09979598,-0.07092837,1.203542,0.09059009,-0.0002466217,-0.9590157,-0.1760153,0.1290716,1.405859,-0.7276474,0,0,0,0,-0.7071068,0,0,0,0,0,-0.7071068,0,0,0,0,0,-0.7071068,0,0,0,0,0,-0.7071068,0,0,0,0,0,-0.7071068,0
27.96267,29,4,0,0.1164844,1.499573,-0.5302457,-0.023049,-0.8888898,-0.4571046,0.4608256,0.6464455,0.2414405,-0.06924185,0.642181,0.1005642,-0.0706639,1.20321,0.09026305,-0.001096077,-0.959209,-0.174912,0.1293361,1.400054,-0.731239,0,0,0,0,-0.7071068,0,0,0,0,0,-0.7071068,0,0,0,0,0,-0.7071068,0,0,0,0,0,-0.7071068,0,0,0,0,0,-0.7071068,0
27.97457,29,4,0,0.1176689,1.493349,-0.5362931,-0.02758086,-0.8906678,-0.4534059,0.4608143,0.6465094,0.2414277,-0.06977419,0.6419826,0.1004734,-0.07042858,1.203059,0.08989609,-0.002263129,-0.959306,-0.1739727,0.1295714,1.394627,-0.7346964,0,0,0,0,-0.7071068,0,0,0,0,0,-0.7071068,0,0,0,0,0,-0.7071068,0,0,0,0,0,-0.7071068,0,0,0,0,0,-0.7071068,0
27.99732,29,4,0,0.1196063,1.479509,-0.5487762,-0.03356478,-0.8954938,-0.4433715,0.460756,0.6464921,0.2415875,-0.07059912,0.6415295,0.1000305,-0.07001623,1.202804,0.08925812,-0.004157342,-0.9594202,-0.1722735,0.1299838,1.383507,-0.7415247,0,0,0,0,-0.7071068,0,0,0,0,0,-0.7071068,0,0,0,0,0,-0.7071068,0,0,0,0,0,-0.7071068,0,0,0,0,0,-0.7071068,0
28.00938,29,4,0,0.1204685,1.472555,-0.5550483,-0.03584273,-0.898129,-0.4378186,0.4607699,0.6465565,0.241644,-0.07059235,0.6414493,0.09996746,-0.06984,1.202638,0.08894419,-0.004657283,-0.9595618,-0.1711558,0.13016,1.377785,-0.7449157,0,0,0,0,-0.7071068,0,0,0,0,0,-0.7071068,0,0,0,0,0,-0.7071068,0,0,0,0,0,-0.7071068,0,0,0,0,0,-0.7071068,0
28.03164,29,4,0,0.122052,1.45771,-0.5684776,-0.03925475,-0.9046991,-0.4237344,0.4608466,0.6466193,0.2417015,-0.07081717,0.6411431,0.0995268,-0.06962878,1.202366,0.08811371,-0.005299419,-0.9598887,-0.1688157,0.1303712,1.366681,-0.7515783,0,0,0,0,-0.7071068,0,0,0,0,0,-0.7071068,0,0,0,0,0,-0.7071068,0,0,0,0,0,-0.7071068,0,0,0,0,0,-0.7071068,0
28.04325,29,4,0,0.1225742,1.450307,-0.5748503,-0.04041724,-0.9079597,-0.4165738,0.4608923,0.6465839,0.2416609,-0.07096124,0.6411075,0.09900449,-0.06956259,1.202232,0.08769445,-0.005672492,-0.9600192,-0.1678511,0.1304374,1.360895,-0.754953,0,0,0,0,-0.7071068,0,0,0,0,0,-0.7071068,0,0,0,0,0,-0.7071068,0,0,0,0,0,-0.7071068,0,0,0,0,0,-0.7071068,0
28.06585,29,4,0,0.1230682,1.435631,-0.5871685,-0.04139572,-0.9148117,-0.4011278,0.4607641,0.6465778,0.2414044,-0.07150126,0.6413359,0.09795309,-0.06949002,1.201902,0.08675347,-0.006273486,-0.960281,-0.1653617,0.13051,1.34956,-0.7614828,0,0,0,0,-0.7071068,0,0,0,0,0,-0.7071068,0,0,0,0,0,-0.7071068,0,0,0,0,0,-0.7071068,0,0,0,0,0,-0.7071068,0
28.07758,29,4,0,0.1231907,1.428493,-0.5930097,-0.04177445,-0.9180672,-0.3935554,0.4607506,0.6465054,0.2412518,-0.07182637,0.6415661,0.09754355,-0.06948879,1.201747,0.08622269,-0.006270789,-0.960429,-0.164079,0.1305112,1.343774,-0.7647889,0,0,0,0,-0.7071068,0,0,0,0,0,-0.7071068,0,0,0,0,0,-0.7071068,0,0,0,0,0,-0.7071068,0,0,0,0,0,-0.7071068,0
28.09984,29,4,0,0.1231468,1.415051,-0.6037653,-0.04276882,-0.9232345,-0.3811565,0.4606791,0.6465058,0.241018,-0.07220428,0.6418497,0.09704252,-0.06960368,1.201493,0.08516485,-0.0057026,-0.9607145,-0.16143,0.1303963,1.332337,-0.7711934,0,0,0,0,-0.7071068,0,0,0,0,0,-0.7071068,0,0,0,0,0,-0.7071068,0,0,0,0,0,-0.7071068,0,0,0,0,0,-0.7071068,0
28.11113,29,4,0,0.1231662,1.408541,-0.6088226,-0.04406765,-0.9252644,-0.3760388,0.460621,0.6465684,0.2410023,-0.07239141,0.6418363,0.09692299,-0.06968787,1.201392,0.08458567,-0.005177602,-0.9608982,-0.1598891,0.1303121,1.326696,-0.774341,0,0,0,0,-0.7071068,0,0,0,0,0,-0.7071068,0,0,0,0,0,-0.7071068,0,0,0,0,0,-0.7071068,0,0,0,0,0,-0.7071068,0
28.13323,29,4,0,0.1234825,1.396293,-0.6191218,-0.04830547,-0.9279414,-0.3687963,0.4605816,0.6466863,0.2410546,-0.07307136,0.6415893,0.09686412,-0.06983394,1.20115,0.08345079,-0.003665939,-0.9612505,-0.1569932,0.1301661,1.315411,-0.7804402,0,0,0,0,-0.7071068,0,0,0,0,0,-0.7071068,0,0,0,0,0,-0.7071068,0,0,0,0,0,-0.7071068,0,0,0,0,0,-0.7071068,0
28.14444,29,4,0,0.1233732,1.390304,-0.6238068,-0.05028459,-0.9291814,-0.3653784,0.4605494,0.6467786,0.2411074,-0.07348295,0.6413971,0.09683383,-0.06991637,1.201094,0.08283622,-0.002814397,-0.9614136,-0.1555529,0.1300836,1.309795,-0.7834764,0,0,0,0,-0.7071068,0,0,0,0,0,-0.7071068,0,0,0,0,0,-0.7071068,0,0,0,0,0,-0.7071068,0,0,0,0,0,-0.7071068,0
28.16655,29,4,0,0.1224421,1.378764,-0.6327029,-0.05320428,-0.9318385,-0.358171,0.4604607,0.6469388,0.2412694,-0.07391076,0.6412452,0.09686323,-0.0701427,1.200843,0.08168384,-0.001046598,-0.9617584,-0.1526999,0.1298573,1.298384,-0.7893358,0,0,0,0,-0.7071068,0,0,0,0,0,-0.7071068,0,0,0,0,0,-0.7071068,0,0,0,0,0,-0.7071068,0,0,0,0,0,-0.7071068,0
28.17785,29,4,0,0.1215903,1.373199,-0.6368571,-0.05360579,-0.9331999,-0.3546133,0.4604621,0.646932,0.2411853,-0.07405509,0.6412455,0.09678248,-0.07024805,1.200673,0.08114007,-9.998679E-05,-0.9619769,-0.1509685,0.129752,1.292638,-0.7921553,0,0,0,0,-0.7071068,0,0,0,0,0,-0.7071068,0,0,0,0,0,-0.7071068,0,0,0,0,0,-0.7071068,0,0,0,0,0,-0.7071068,0
28.19984,29,4,0,0.1196415,1.362205,-0.6448994,-0.05375983,-0.9357383,-0.3480245,0.4605745,0.6468842,0.2410016,-0.07406359,0.6417763,0.09647804,-0.07049216,1.200362,0.08007418,0.001471952,-0.9624044,-0.1476605,0.1295078,1.281094,-0.7976547,0,0,0,0,-0.7071068,0,0,0,0,0,-0.7071068,0,0,0,0,0,-0.7071068,0,0,0,0,0,-0.7071068,0,0,0,0,0,-0.7071068,0
28.21098,29,4,0,0.1187551,1.356527,-0.6489058,-0.05465081,-0.9370459,-0.3444269,0.4606138,0.646843,0.2409234,-0.07406387,0.6420109,0.09630948,-0.07066539,1.200261,0.07948784,0.001770973,-0.9625121,-0.1464106,0.1293346,1.275348,-0.8003934,0,0,0,0,-0.7071068,0,0,0,0,0,-0.7071068,0,0,0,0,0,-0.7071068,0,0,0,0,0,-0.7071068,0,0,0,0,0,-0.7071068,0
28.2332,29,4,1,0.1178746,1.344723,-0.6572981,-0.05716603,-0.9399672,-0.3359939,0.4606376,0.6467432,0.2408026,-0.07446475,0.6420795,0.09568253,-0.07096205,1.200162,0.07824834,0.002250426,-0.9626789,-0.1442308,0.1290379,1.263915,-0.805805,0,0,0,0,-0.7071068,0,0,0,0,0,-0.7071068,0,0,0,0,0,-0.7071068,0,0,0,0,0,-0.7071068,0,0,0,0,0,-0.7071068,0
28.2554,29,4,1,0.1169577,1.33284,-0.665042,-0.05822212,-0.9428709,-0.3275455,0.4606475,0.6467855,0.2408595,-0.07507071,0.6419045,0.09532703,-0.0712363,1.200125,0.07691009,0.003253594,-0.9629734,-0.1418258,0.1287637,1.252475,-0.8111407,0,0,0,0,-0.7071068,0,0,0,0,0,-0.7071068,0,0,0,0,0,-0.7071068,0,0,0,0,0,-0.7071068,0,0,0,0,0,-0.7071068,0
28.26694,29,4,1,0.1165561,1.326855,-0.6688505,-0.05874701,-0.94438,-0.3230416,0.4606276,0.6468383,0.2408703,-0.07526436,0.641834,0.09512472,-0.07131392,1.200104,0.07619376,0.004034005,-0.9631746,-0.1404398,0.1286861,1.246694,-0.8138018,0,0,0,0,-0.7071068,0,0,0,0,0,-0.7071068,0,0,0,0,0,-0.7071068,0,0,0,0,0,-0.7071068,0,0,0,0,0,-0.7071068,0
28.28864,29,4,1,0.1154915,1.315067,-0.6757279,-0.06151471,-0.947199,-0.3141234,0.4607525,0.6468515,0.2407192,-0.0757775,0.6419026,0.0942283,-0.07155809,1.199968,0.07486091,0.005590476,-0.9636745,-0.1373054,0.1284419,1.23503,-0.8188767,0,0,0,0,-0.7071068,0,0,0,0,0,-0.7071068,0,0,0,0,0,-0.7071068,0,0,0,0,0,-0.7071068,0,0,0,0,0,-0.7071068,0
28.29986,29,4,1,0.114806,1.309366,-0.6790364,-0.06182113,-0.9485568,-0.3099211,0.4607554,0.6468492,0.2407131,-0.07612608,0.642104,0.09378371,-0.07169238,1.199893,0.07417706,0.006308086,-0.9639059,-0.1357892,0.1283076,1.229253,-0.821339,0,0,0,0,-0.7071068,0,0,0,0,0,-0.7071068,0,0,0,0,0,-0.7071068,0,0,0,0,0,-0.7071068,0,0,0,0,0,-0.7071068,0
28.31113,29,4,1,0.1140257,1.303802,-0.6823896,-0.06105168,-0.9500595,-0.3054094,0.4607822,0.6468611,0.2406021,-0.07646924,0.6423093,0.09351368,-0.07181951,1.199778,0.07346962,0.006995827,-0.96416,-0.1342086,0.1281805,1.223299,-0.8238178,0,0,0,0,-0.7071068,0,0,0,0,0,-0.7071068,0,0,0,0,0,-0.7071068,0,0,0,0,0,-0.7071068,0,0,0,0,0,-0.7071068,0
28.333,29,4,1,0.1127071,1.292547,-0.6889303,-0.06033043,-0.9528978,-0.296586,0.4607351,0.6468669,0.2405543,-0.0766807,0.6426212,0.09316426,-0.07209649,1.199504,0.07212488,0.008043502,-0.9646764,-0.1311844,0.1279035,1.211405,-0.8285403,0,0,0,0,-0.7071068,0,0,0,0,0,-0.7071068,0,0,0,0,0,-0.7071068,0,0,0,0,0,-0.7071068,0,0,0,0,0,-0.7071068,0
28.35558,29,4,1,0.1113052,1.281547,-0.6948212,-0.06241316,-0.9550807,-0.2891044,0.4606766,0.6468321,0.2406485,-0.07673404,0.6426803,0.09306046,-0.07237851,1.19929,0.07077056,0.009411626,-0.9651378,-0.128251,0.1276215,1.199645,-0.8330581,0,0,0,0,-0.7071068,0,0,0,0,0,-0.7071068,0,0,0,0,0,-0.7071068,0,0,0,0,0,-0.7071068,0,0,0,0,0,-0.7071068,0
28.37778,29,4,1,0.1101731,1.270904,-0.7004481,-0.06330761,-0.9568547,-0.2829874,0.4606141,0.6468095,0.2408364,-0.07646126,0.642534,0.09319603,-0.07248509,1.198911,0.06948698,0.01162341,-0.9655573,-0.1252229,0.1275149,1.187506,-0.8373695,0,0,0,0,-0.7071068,0,0,0,0,0,-0.7071068,0,0,0,0,0,-0.7071068,0,0,0,0,0,-0.7071068,0,0,0,0,0,-0.7071068,0
28.39968,29,4,1,0.1093472,1.260397,-0.7057894,-0.06553734,-0.9585559,-0.2766124,0.4605289,0.6467241,0.2409593,-0.07641632,0.6424559,0.09336608,-0.0725164,1.198605,0.06829365,0.01233498,-0.9659429,-0.1216816,0.1274836,1.175434,-0.8413979,0,0,0,0,-0.7071068,0,0,0,0,0,-0.7071068,0,0,0,0,0,-0.7071068,0,0,0,0,0,-0.7071068,0,0,0,0,0,-0.7071068,0
28.41083,29,4,1,0.1088079,1.254993,-0.7085376,-0.06752801,-0.959464,-0.2729447,0.4605035,0.646716,0.2409843,-0.07657347,0.6423356,0.09329844,-0.07254483,1.198404,0.06777855,0.012675,-0.9660947,-0.1200753,0.1274552,1.169376,-0.8432528,0,0,0,0,-0.7071068,0,0,0,0,0,-0.7071068,0,0,0,0,0,-0.7071068,0,0,0,0,0,-0.7071068,0,0,0,0,0,-0.7071068,0
28.4332,29,4,1,0.1081262,1.243995,-0.713851,-0.07085977,-0.9613419,-0.2653854,0.460493,0.6467191,0.2409219,-0.0769247,0.6423369,0.09303243,-0.07246688,1.198205,0.0666464,0.01320813,-0.9662746,-0.1171644,0.1275331,1.157371,-0.8469411,0,0,0,0,-0.7071068,0,0,0,0,0,-0.7071068,0,0,0,0,0,-0.7071068,0,0,0,0,0,-0.7071068,0,0,0,0,0,-0.7071068,0
28.44466,29,4,1,0.1075991,1.238719,-0.7164527,-0.07143233,-0.9623207,-0.2616851,0.4605148,0.6467632,0.2408441,-0.07718511,0.6424179,0.09275949,-0.07238629,1.198096,0.0660447,0.01364153,-0.9663185,-0.1158621,0.1276137,1.151219,-0.8487777,0,0,0,0,-0.7071068,0,0,0,0,0,-0.7071068,0,0,0,0,0,-0.7071068,0,0,0,0,0,-0.7071068,0,0,0,0,0,-0.7071068,0
28.4664,29,4,1,0.1067569,1.228513,-0.7213078,-0.07231367,-0.964316,-0.2540805,0.4606209,0.6467192,0.2406195,-0.07762104,0.6426748,0.09210169,-0.07216784,1.197882,0.06498477,0.01451183,-0.966365,-0.1135133,0.1278322,1.13914,-0.8521177,0,0,0,0,-0.7071068,0,0,0,0,0,-0.7071068,0,0,0,0,0,-0.7071068,0,0,0,0,0,-0.7071068,0,0,0,0,0,-0.7071068,0
28.47775,29,4,1,0.1063802,1.223655,-0.7236508,-0.07282345,-0.9651951,-0.2505959,0.4606858,0.6467426,0.24049,-0.07795998,0.6427658,0.09169493,-0.07204832,1.19778,0.06445105,0.01483154,-0.9663988,-0.112193,0.1279517,1.133144,-0.8537133,0,0,0,0,-0.7071068,0,0,0,0,0,-0.7071068,0,0,0,0,0,-0.7071068,0,0,0,0,0,-0.7071068,0,0,0,0,0,-0.7071068,0
28.49961,29,4,1,0.1061393,1.213953,-0.7278934,-0.07265276,-0.9665785,-0.245216,0.4607548,0.6467172,0.2402265,-0.07834714,0.6429037,0.09110451,-0.07174836,1.197486,0.06337386,0.01531831,-0.9664732,-0.1092961,0.1282516,1.120875,-0.8568048,0,0,0,0,-0.7071068,0,0,0,0,0,-0.7071068,0,0,0,0,0,-0.7071068,0,0,0,0,0,-0.7071068,0,0,0,0,0,-0.7071068,0
28.51089,29,4,1,0.1063789,1.209228,-0.7299817,-0.07350406,-0.9671737,-0.2425613,0.4608369,0.6468111,0.2402889,-0.07837439,0.6429302,0.0910097,-0.07156517,1.197281,0.0628744,0.01550129,-0.9665428,-0.107598,0.1284348,1.114813,-0.8582197,0,0,0,0,-0.7071068,0,0,0,0,0,-0.7071068,0,0,0,0,0,-0.7071068,0,0,0,0,0,-0.7071068,0,0,0,0,0,-0.7071068,0
28.52206,29,4,1,0.1066319,1.204091,-0.7322145,-0.074642,-0.9677789,-0.239759,0.4608933,0.6468352,0.2402399,-0.07834496,0.6429809,0.09100031,-0.07137476,1.197028,0.06233153,0.01554367,-0.9665979,-0.1059541,0.1286252,1.108486,-0.8596641,0,0,0,0,-0.7071068,0,0,0,0,0,-0.7071068,0,0,0,0,0,-0.7071068,0,0,0,0,0,-0.7071068,0,0,0,0,0,-0.7071068,0
28.54428,29,4,1,0.107264,1.194067,-0.7362722,-0.07849512,-0.9686179,-0.235047,0.4608773,0.6468548,0.2401447,-0.07847252,0.642964,0.09104399,-0.07091158,1.196378,0.06127848,0.0153798,-0.9668662,-0.1017801,0.1290884,1.095825,-0.8623559,0,0,0,0,-0.7071068,0,0,0,0,0,-0.7071068,0,0,0,0,0,-0.7071068,0,0,0,0,0,-0.7071068,0,0,0,0,0,-0.7071068,0
28.56637,29,4,1,0.1079692,1.183573,-0.7400838,-0.08053511,-0.9694313,-0.2308202,0.4608944,0.6467866,0.2400096,-0.0785135,0.64306,0.09099933,-0.07039364,1.195616,0.06026866,0.01520593,-0.9672921,-0.09677245,0.1296064,1.083142,-0.864805,0,0,0,0,-0.7071068,0,0,0,0,0,-0.7071068,0,0,0,0,0,-0.7071068,0,0,0,0,0,-0.7071068,0,0,0,0,0,-0.7071068,0
28.57749,29,4,1,0.1082898,1.177966,-0.7420908,-0.08000514,-0.9699101,-0.2288172,0.4608926,0.6467676,0.2399919,-0.07841357,0.6431559,0.09114171,-0.07004276,1.195158,0.0597805,0.01515992,-0.9675435,-0.09398635,0.1299572,1.076656,-0.8659501,0,0,0,0,-0.7071068,0,0,0,0,0,-0.7071068,0,0,0,0,0,-0.7071068,0,0,0,0,0,-0.7071068,0,0,0,0,0,-0.7071068,0
28.58861,29,4,1,0.1084921,1.17237,-0.7440923,-0.07939281,-0.9703916,-0.2267832,0.4608443,0.6467658,0.2399524,-0.07801778,0.6433412,0.09134414,-0.06967101,1.194716,0.05930766,0.01537833,-0.9677507,-0.09116746,0.130329,1.070191,-0.8670321,0,0,0,0,-0.7071068,0,0,0,0,0,-0.7071068,0,0,0,0,0,-0.7071068,0,0,0,0,0,-0.7071068,0,0,0,0,0,-0.7071068,0
28.59988,29,4,1,0.1086119,1.166648,-0.7463377,-0.07864168,-0.9709049,-0.2245857,0.4607626,0.6467597,0.2399219,-0.07765277,0.6435061,0.09170306,-0.06922752,1.194332,0.05883959,0.01583985,-0.967886,-0.08858897,0.1307725,1.06378,-0.8680626,0,0,0,0,-0.7071068,0,0,0,0,0,-0.7071068,0,0,0,0,0,-0.7071068,0,0,0,0,0,-0.7071068,0,0,0,0,0,-0.7071068,0
28.61135,29,4,1,0.1086567,1.160618,-0.7487379,-0.07956659,-0.9714503,-0.2217224,0.4606295,0.6467857,0.2399175,-0.07742225,0.6435201,0.09218013,-0.06871378,1.193965,0.05833466,0.01658232,-0.9679728,-0.08627555,0.1312862,1.057305,-0.8690893,0,0,0,0,-0.7071068,0,0,0,0,0,-0.7071068,0,0,0,0,0,-0.7071068,0,0,0,0,0,-0.7071068,0,0,0,0,0,-0.7071068,0
28.63299,29,4,1,0.1080915,1.147687,-0.7534367,-0.08252501,-0.972629,-0.2152442,0.4602866,0.6468738,0.2402571,-0.07727953,0.642984,0.0931421,-0.06750938,1.193235,0.05730125,0.01839048,-0.9681826,-0.08148871,0.1324906,1.044657,-0.8710019,0,0,0,0,-0.7071068,0,0,0,0,0,-0.7071068,0,0,0,0,0,-0.7071068,0,0,0,0,0,-0.7071068,0,0,0,0,0,-0.7071068,0
28.64424,29,4,1,0.1074947,1.140844,-0.7559327,-0.08457588,-0.9733965,-0.2109582,0.4600661,0.6469929,0.2405023,-0.07750935,0.6423862,0.09386677,-0.06683144,1.192839,0.05672879,0.01912631,-0.9683362,-0.07884334,0.1331686,1.038201,-0.871951,0,0,0,0,-0.7071068,0,0,0,0,0,-0.7071068,0,0,0,0,0,-0.7071068,0,0,0,0,0,-0.7071068,0,0,0,0,0,-0.7071068,0
28.65557,29,4,1,0.1067969,1.133813,-0.758515,-0.08788633,-0.9741429,-0.2061869,0.459868,0.6471052,0.2407933,-0.07766294,0.6417424,0.09458983,-0.06619393,1.192405,0.05610544,0.01953457,-0.9685393,-0.07609317,0.1338061,1.031652,-0.8729065,0,0,0,0,-0.7071068,0,0,0,0,0,-0.7071068,0,0,0,0,0,-0.7071068,0,0,0,0,0,-0.7071068,0,0,0,0,0,-0.7071068,0
28.67744,30,4,1,0.1054001,1.119826,-0.7632076,-0.09547387,-0.9751853,-0.1979071,0.4597439,0.6472987,0.2413896,-0.07785597,0.6408985,0.09540779,-0.06483614,1.191556,0.05474944,0.01878483,-0.9691059,-0.07035319,0.1351639,1.018844,-0.8747731,0,0,0,0,-0.7071068,0,0,0,0,0,-0.7071068,0,0,0,0,0,-0.7071068,0,0,0,0,0,-0.7071068,0,0,0,0,0,-0.7071068,0
28.68856,30,4,1,0.1044628,1.112855,-0.7653805,-0.09865835,-0.9756916,-0.1939471,0.4597061,0.6473165,0.2416997,-0.07751447,0.6405698,0.09597173,-0.06414636,1.191137,0.05396146,0.01791643,-0.9694235,-0.06740178,0.1358536,1.012331,-0.8757505,0,0,0,0,-0.7071068,0,0,0,0,0,-0.7071068,0,0,0,0,0,-0.7071068,0,0,0,0,0,-0.7071068,0,0,0,0,0,-0.7071068,0
28.69982,30,4,1,0.1038758,1.106382,-0.7676493,-0.1011179,-0.9762239,-0.1901246,0.4597295,0.647297,0.2419222,-0.07716384,0.6403701,0.09627477,-0.06342115,1.190706,0.05307526,0.01722024,-0.969713,-0.06451582,0.1365789,1.005847,-0.8767778,0,0,0,0,-0.7071068,0,0,0,0,0,-0.7071068,0,0,0,0,0,-0.7071068,0,0,0,0,0,-0.7071068,0,0,0,0,0,-0.7071068,0
28.72184,30,4,1,0.1025448,1.092752,-0.7718827,-0.107244,-0.9772556,-0.1814595,0.4599556,0.6471527,0.2422434,-0.07634272,0.6400146,0.0966644,-0.06184151,1.18982,0.05117355,0.0167461,-0.970283,-0.05896686,0.1381585,0.9927995,-0.8788208,0,0,0,0,-0.7071068,0,0,0,0,0,-0.7071068,0,0,0,0,0,-0.7071068,0,0,0,0,0,-0.7071068,0,0,0,0,0,-0.7071068,0
28.73324,30,4,1,0.1018781,1.085995,-0.7738456,-0.1104581,-0.9777235,-0.1770485,0.4600406,0.646987,0.2423875,-0.07609308,0.6399311,0.09662922,-0.06105701,1.189467,0.05015319,0.01597334,-0.9705656,-0.05576009,0.138943,0.9864964,-0.8798411,0,0,0,0,-0.7071068,0,0,0,0,0,-0.7071068,0,0,0,0,0,-0.7071068,0,0,0,0,0,-0.7071068,0,0,0,0,0,-0.7071068,0
28.75538,30,4,1,0.1009902,1.072716,-0.7772135,-0.1144257,-0.9788445,-0.168196,0.4603534,0.6466405,0.2422633,-0.0753777,0.640595,0.09589423,-0.05942478,1.18854,0.04793963,0.01498953,-0.971071,-0.04982838,0.1405752,0.9734082,-0.8819136,0,0,0,0,-0.7071068,0,0,0,0,0,-0.7071068,0,0,0,0,0,-0.7071068,0,0,0,0,0,-0.7071068,0,0,0,0,0,-0.7071068,0
28.76655,30,4,1,0.1007549,1.066207,-0.7788249,-0.1145064,-0.9795873,-0.1636959,0.4604777,0.6464814,0.2422298,-0.07513347,0.641078,0.09557724,-0.05862528,1.188009,0.04672139,0.0143326,-0.9713666,-0.04676976,0.1413747,0.96679,-0.8829899,0,0,0,0,-0.7071068,0,0,0,0,0,-0.7071068,0,0,0,0,0,-0.7071068,0,0,0,0,0,-0.7071068,0,0,0,0,0,-0.7071068,0
28.77778,30,4,1,0.1004762,1.059773,-0.780203,-0.1141687,-0.9803199,-0.1594048,0.4606023,0.6463832,0.2420712,-0.07493042,0.641582,0.09527483,-0.05788311,1.187451,0.04553318,0.01361937,-0.9716766,-0.04364859,0.1421169,0.9601548,-0.883989,0,0,0,0,-0.7071068,0,0,0,0,0,-0.7071068,0,0,0,0,0,-0.7071068,0,0,0,0,0,-0.7071068,0,0,0,0,0,-0.7071068,0
28.79961,30,4,1,0.1001977,1.047319,-0.7825586,-0.1127328,-0.9816511,-0.1517189,0.4607624,0.6464036,0.2417367,-0.07539349,0.6423833,0.09456436,-0.05653624,1.186292,0.04309967,0.01189285,-0.972409,-0.03704498,0.1434638,0.9469999,-0.88591,0,0,0,0,-0.7071068,0,0,0,0,0,-0.7071068,0,0,0,0,0,-0.7071068,0,0,0,0,0,-0.7071068,0,0,0,0,0,-0.7071068,0
28.81077,30,4,1,0.1001748,1.041062,-0.7837175,-0.1139002,-0.9821119,-0.1476621,0.4607592,0.6465034,0.2416163,-0.07577655,0.6426035,0.09436654,-0.05591438,1.18573,0.04181585,0.01100227,-0.9728333,-0.0337602,0.1440856,0.9404589,-0.8868692,0,0,0,0,-0.7071068,0,0,0,0,0,-0.7071068,0,0,0,0,0,-0.7071068,0,0,0,0,0,-0.7071068,0,0,0,0,0,-0.7071068,0
28.82217,30,4,1,0.1005047,1.03477,-0.7851607,-0.1167268,-0.9823408,-0.1437157,0.4607491,0.6466151,0.2415788,-0.0764606,0.6427096,0.09404381,-0.05540045,1.18508,0.04047059,0.01009906,-0.9733537,-0.03063226,0.1445996,0.9337483,-0.8878385,0,0,0,0,-0.7071068,0,0,0,0,0,-0.7071068,0,0,0,0,0,-0.7071068,0,0,0,0,0,-0.7071068,0,0,0,0,0,-0.7071068,0
28.84409,30,4,1,0.1002597,1.022499,-0.7872492,-0.1191222,-0.9830202,-0.1367933,0.4607225,0.6468496,0.2412446,-0.07785977,0.6429907,0.0933603,-0.05455734,1.183812,0.0377119,0.008734562,-0.9745714,-0.02452148,0.1454427,0.9204671,-0.8897116,0,0,0,0,-0.7071068,0,0,0,0,0,-0.7071068,0,0,0,0,0,-0.7071068,0,0,0,0,0,-0.7071068,0,0,0,0,0,-0.7071068,0
28.86648,30,4,1,0.1002082,1.010883,-0.789034,-0.119536,-0.9837441,-0.1310339,0.4606917,0.647011,0.2409123,-0.0791766,0.6434142,0.09283648,-0.05390413,1.18266,0.0348161,0.008504952,-0.9761242,-0.01816576,0.1460959,0.9072449,-0.8915295,0,0,0,0,-0.7071068,0,0,0,0,0,-0.7071068,0,0,0,0,0,-0.7071068,0,0,0,0,0,-0.7071068,0,0,0,0,0,-0.7071068,0
28.8884,30,4,1,0.1011621,0.9992722,-0.7908059,-0.1272534,-0.9837149,-0.123571,0.460661,0.6471387,0.240439,-0.08008453,0.6439364,0.09257513,-0.05327963,1.181716,0.03172146,0.008225406,-0.9775326,-0.0126985,0.1467204,0.8942688,-0.893361,0,0,0,0,-0.7071068,0,0,0,0,0,-0.7071068,0,0,0,0,0,-0.7071068,0,0,0,0,0,-0.7071068,0,0,0,0,0,-0.7071068,0
28.89959,30,4,1,0.1016765,0.993589,-0.791504,-0.1312567,-0.9836065,-0.1200415,0.4605501,0.6471208,0.2402109,-0.08046507,0.6440848,0.09249752,-0.05292447,1.181194,0.03018577,0.007915578,-0.9780892,-0.01059123,0.1470755,0.8877974,-0.8942024,0,0,0,0,-0.7071068,0,0,0,0,0,-0.7071068,0,0,0,0,0,-0.7071068,0,0,0,0,0,-0.7071068,0,0,0,0,0,-0.7071068,0
28.91101,30,4,1,0.1020192,0.9881548,-0.7921785,-0.1327867,-0.983761,-0.116934,0.4604649,0.6471583,0.2400568,-0.08089955,0.6442,0.09229729,-0.05261127,1.180812,0.02872927,0.007013562,-0.9786161,-0.007997198,0.1473887,0.8813709,-0.894906,0,0,0,0,-0.7071068,0,0,0,0,0,-0.7071068,0,0,0,0,0,-0.7071068,0,0,0,0,0,-0.7071068,0,0,0,0,0,-0.7071068,0
28.93295,30,4,1,0.1029412,0.9779122,-0.7933079,-0.1314101,-0.9845916,-0.1112249,0.4602528,0.6472255,0.2400521,-0.08134577,0.6438747,0.09228724,-0.05193816,1.17991,0.02583668,0.005379162,-0.9794506,-0.003312575,0.1480618,0.8684606,-0.89616,0,0,0,0,-0.7071068,0,0,0,0,0,-0.7071068,0,0,0,0,0,-0.7071068,0,0,0,0,0,-0.7071068,0,0,0,0,0,-0.7071068,0
28.95509,30,4,1,0.1041356,0.9676477,-0.7942358,-0.1335036,-0.9849615,-0.1050715,0.4601108,0.6473849,0.2403239,-0.08175714,0.6430663,0.09257672,-0.05112122,1.179202,0.02297213,0.004550827,-0.980062,0.001764318,0.1488788,0.8558404,-0.897211,0,0,0,0,-0.7071068,0,0,0,0,0,-0.7071068,0,0,0,0,0,-0.7071068,0,0,0,0,0,-0.7071068,0,0,0,0,0,-0.7071068,0
28.9663,30,4,1,0.1049246,0.9625101,-0.7946879,-0.1351537,-0.9850224,-0.1021049,0.4600112,0.6475023,0.2403716,-0.08209602,0.6425092,0.09275325,-0.05069167,1.178874,0.02153012,0.004437414,-0.9803171,0.004388516,0.1493083,0.8495578,-0.8976755,0,0,0,0,-0.7071068,0,0,0,0,0,-0.7071068,0,0,0,0,0,-0.7071068,0,0,0,0,0,-0.7071068,0,0,0,0,0,-0.7071068,0
28.9883,30,4,1,0.106579,0.952438,-0.7953984,-0.1352712,-0.9854192,-0.09728244,0.4599517,0.647637,0.2406168,-0.08247604,0.6416201,0.09263212,-0.04981861,1.177973,0.01889334,0.004326346,-0.9807433,0.01026235,0.1501814,0.8367398,-0.8982136,0,0,0,0,-0.7071068,0,0,0,0,0,-0.7071068,0,0,0,0,0,-0.7071068,0,0,0,0,0,-0.7071068,0,0,0,0,0,-0.7071068,0
28.99945,30,4,1,0.1075834,0.9474603,-0.7955729,-0.1350888,-0.9855726,-0.09531388,0.4599626,0.6476601,0.2406877,-0.08253697,0.6412837,0.09249749,-0.04924927,1.17735,0.01762584,0.004153502,-0.9809029,0.01343908,0.1507507,0.8302404,-0.898376,0,0,0,0,-0.7071068,0,0,0,0,0,-0.7071068,0,0,0,0,0,-0.7071068,0,0,0,0,0,-0.7071068,0,0,0,0,0,-0.7071068,0
29.01065,30,4,1,0.1084048,0.9422705,-0.795755,-0.1356002,-0.9857174,-0.09253377,0.4600188,0.6476188,0.2407634,-0.08252127,0.6411033,0.09212378,-0.04878011,1.176862,0.01638674,0.003754245,-0.9809949,0.01630604,0.1512199,0.8237981,-0.8984475,0,0,0,0,-0.7071068,0,0,0,0,0,-0.7071068,0,0,0,0,0,-0.7071068,0,0,0,0,0,-0.7071068,0,0,0,0,0,-0.7071068,0
29.0218,30,4,1,0.1093227,0.9370252,-0.7958552,-0.1368521,-0.9857931,-0.08940406,0.4601859,0.6474539,0.2406138,-0.08240809,0.6413884,0.09176063,-0.04823221,1.176399,0.0152114,0.003205071,-0.981069,0.01892856,0.1517678,0.8173618,-0.8984031,0,0,0,0,-0.7071068,0,0,0,0,0,-0.7071068,0,0,0,0,0,-0.7071068,0,0,0,0,0,-0.7071068,0,0,0,0,0,-0.7071068,0
29.04476,30,4,1,0.1108792,0.9265678,-0.7960426,-0.1378622,-0.986125,-0.08362395,0.4602629,0.6473492,0.2405287,-0.08229735,0.6416979,0.0913355,-0.04712506,1.175489,0.01286941,0.002527934,-0.981089,0.02439282,0.1528749,0.8046546,-0.8981927,0,0,0,0,-0.7071068,0,0,0,0,0,-0.7071068,0,0,0,0,0,-0.7071068,0,0,0,0,0,-0.7071068,0,0,0,0,0,-0.7071068,0
29.06607,30,4,1,0.1122099,0.915813,-0.7959751,-0.1352335,-0.98693,-0.07793513,0.4603012,0.6472586,0.2403853,-0.08198611,0.6420333,0.09113569,-0.04594085,1.174443,0.01067601,0.002396784,-0.9810619,0.03063555,0.1540592,0.7918471,-0.8976501,0,0,0,0,-0.7071068,0,0,0,0,0,-0.7071068,0,0,0,0,0,-0.7071068,0,0,0,0,0,-0.7071068,0,0,0,0,0,-0.7071068,0
29.07766,30,4,1,0.113006,0.9101783,-0.7957765,-0.1352306,-0.9871283,-0.07491764,0.4603168,0.6471375,0.2404942,-0.08192192,0.6420341,0.0911558,-0.04524392,1.173826,0.009596121,0.002140729,-0.9810183,0.03368678,0.1547561,0.7853857,-0.8972991,0,0,0,0,-0.7071068,0,0,0,0,0,-0.7071068,0,0,0,0,0,-0.7071068,0,0,0,0,0,-0.7071068,0,0,0,0,0,-0.7071068,0
29.09942,30,4,1,0.1146543,0.8985847,-0.7951113,-0.1371861,-0.9872839,-0.06823301,0.4602285,0.6471037,0.2405932,-0.0821185,0.6419609,0.09115171,-0.04386894,1.172702,0.007558338,0.0009565409,-0.9807708,0.03945664,0.1561311,0.7725244,-0.8963176,0,0,0,0,-0.7071068,0,0,0,0,0,-0.7071068,0,0,0,0,0,-0.7071068,0,0,0,0,0,-0.7071068,0,0,0,0,0,-0.7071068,0
29.1106,30,4,1,0.1155405,0.892887,-0.7947289,-0.1378798,-0.9873557,-0.06548955,0.4601856,0.6471165,0.2405504,-0.08240107,0.64202,0.09110495,-0.0432689,1.172068,0.006555647,0.0003062785,-0.980629,0.04238199,0.1567311,0.7660657,-0.8957496,0,0,0,0,-0.7071068,0,0,0,0,0,-0.7071068,0,0,0,0,0,-0.7071068,0,0,0,0,0,-0.7071068,0,0,0,0,0,-0.7071068,0
29.1328,30,4,1,0.1174379,0.8809731,-0.7937185,-0.1360378,-0.9878179,-0.0605737,0.4600485,0.6472076,0.240618,-0.08317786,0.6422554,0.090977,-0.04195836,1.170736,0.004665256,-0.001269197,-0.9803754,0.0486377,0.1580416,0.7530604,-0.8943456,0,0,0,0,-0.7071068,0,0,0,0,0,-0.7071068,0,0,0,0,0,-0.7071068,0,0,0,0,0,-0.7071068,0,0,0,0,0,-0.7071068,0
29.15507,31,4,1,0.1195297,0.8675902,-0.7921001,-0.1383684,-0.9877543,-0.05274629,0.46004,0.6471846,0.2405625,-0.08369932,0.6425639,0.09082555,-0.04066018,1.169459,0.002859317,-0.002647147,-0.9800842,0.05451359,0.1593398,0.7402462,-0.8927019,0,0,0,0,-0.7071068,0,0,0,0,0,-0.7071068,0,0,0,0,0,-0.7071068,0,0,0,0,0,-0.7071068,0,0,0,0,0,-0.7071068,0
29.17746,31,4,1,0.1212722,0.8537726,-0.7902313,-0.1412074,-0.9876956,-0.04355675,0.4600063,0.647119,0.2405723,-0.08398067,0.6426994,0.09055889,-0.03935808,1.168417,0.001116931,-0.003708556,-0.9796951,0.05962345,0.1606419,0.7276627,-0.8907976,0,0,0,0,-0.7071068,0,0,0,0,0,-0.7071068,0,0,0,0,0,-0.7071068,0,0,0,0,0,-0.7071068,0,0,0,0,0,-0.7071068,0
29.19935,31,4,1,0.1227323,0.8398526,-0.7880636,-0.1392113,-0.9882816,-0.0343162,0.459955,0.647009,0.2406634,-0.08384511,0.6428055,0.09026048,-0.03784568,1.167454,-0.0006343648,-0.004417041,-0.9792624,0.06450256,0.1621543,0.7151851,-0.8887131,0,0,0,0,-0.7071068,0,0,0,0,0,-0.7071068,0,0,0,0,0,-0.7071068,0,0,0,0,0,-0.7071068,0,0,0,0,0,-0.7071068,0
29.21054,31,4,1,0.123593,0.8328395,-0.7867466,-0.1388247,-0.9884231,-0.02974459,0.4599955,0.6470098,0.2407371,-0.08371908,0.6428334,0.09015996,-0.03722173,1.166947,-0.001447294,-0.004858343,-0.9790607,0.06678235,0.1627783,0.709031,-0.8875719,0,0,0,0,-0.7071068,0,0,0,0,0,-0.7071068,0,0,0,0,0,-0.7071068,0,0,0,0,0,-0.7071068,0,0,0,0,0,-0.7071068,0
29.22178,31,4,1,0.1245419,0.8256645,-0.785313,-0.1396365,-0.9883574,-0.02498841,0.4600364,0.6469419,0.2407285,-0.08368678,0.6429823,0.08999677,-0.03654353,1.166452,-0.002323326,-0.005551685,-0.9788242,0.06886601,0.1634565,0.702795,-0.8864112,0,0,0,0,-0.7071068,0,0,0,0,0,-0.7071068,0,0,0,0,0,-0.7071068,0,0,0,0,0,-0.7071068,0,0,0,0,0,-0.7071068,0
29.24384,31,4,1,0.1266656,0.8112857,-0.7824417,-0.1445788,-0.987618,-0.01640239,0.4601736,0.6468238,0.2407318,-0.08343033,0.6431921,0.08961148,-0.035362,1.165444,-0.003863767,-0.00693164,-0.9782892,0.07341909,0.164638,0.690488,-0.8837947,0,0,0,0,-0.7071068,0,0,0,0,0,-0.7071068,0,0,0,0,0,-0.7071068,0,0,0,0,0,-0.7071068,0,0,0,0,0,-0.7071068,0
29.25533,31,4,1,0.1277604,0.8043398,-0.7808856,-0.1467977,-0.9872215,-0.01281616,0.4602669,0.6467762,0.2407044,-0.08342171,0.6433354,0.08936442,-0.03478664,1.164977,-0.00465983,-0.0075312,-0.9780068,0.07583818,0.1652134,0.6843407,-0.8824258,0,0,0,0,-0.7071068,0,0,0,0,0,-0.7071068,0,0,0,0,0,-0.7071068,0,0,0,0,0,-0.7071068,0,0,0,0,0,-0.7071068,0
29.27726,31,4,1,0.1299173,0.7905891,-0.7777084,-0.1476379,-0.9868951,-0.005239353,0.4603317,0.6466962,0.2406485,-0.08319438,0.6434625,0.08886243,-0.03374653,1.164059,-0.006125793,-0.008215271,-0.9774558,0.0806535,0.1662535,0.6721211,-0.8794321,0,0,0,0,-0.7071068,0,0,0,0,0,-0.7071068,0,0,0,0,0,-0.7071068,0,0,0,0,0,-0.7071068,0,0,0,0,0,-0.7071068,0
29.29961,31,4,1,0.1320236,0.7768617,-0.7745188,-0.1492395,-0.9864115,0.003009193,0.4603521,0.6466696,0.2405197,-0.08338054,0.6436731,0.08809251,-0.03267074,1.163095,-0.007559795,-0.008649144,-0.9768742,0.08512957,0.1673293,0.66001,-0.8762667,0,0,0,0,-0.7071068,0,0,0,0,0,-0.7071068,0,0,0,0,0,-0.7071068,0,0,0,0,0,-0.7071068,0,0,0,0,0,-0.7071068,0
29.31075,31,4,1,0.1330419,0.7701088,-0.7727858,-0.1507223,-0.9860741,0.006925292,0.4602946,0.6465576,0.2406249,-0.08361102,0.6437801,0.08790956,-0.03211448,1.162625,-0.008252565,-0.008958638,-0.9765086,0.08743431,0.1678855,0.6538861,-0.8745489,0,0,0,0,-0.7071068,0,0,0,0,0,-0.7071068,0,0,0,0,0,-0.7071068,0,0,0,0,0,-0.7071068,0,0,0,0,0,-0.7071068,0
29.33306,31,4,1,0.1346904,0.7569182,-0.7691804,-0.1501619,-0.9859771,0.0138802,0.4602572,0.6465033,0.2405772,-0.08409422,0.6439159,0.08728678,-0.03094229,1.161575,-0.009573005,-0.009759374,-0.9758075,0.09187008,0.1690577,0.6419016,-0.8710566,0,0,0,0,-0.7071068,0,0,0,0,0,-0.7071068,0,0,0,0,0,-0.7071068,0,0,0,0,0,-0.7071068,0,0,0,0,0,-0.7071068,0
29.35486,31,4,1,0.1363303,0.7435764,-0.7652856,-0.1486422,-0.9859137,0.02227292,0.4603579,0.6464891,0.2405997,-0.0844213,0.6440186,0.08674384,-0.02984053,1.160577,-0.01098751,-0.01091993,-0.9750135,0.09649719,0.1701595,0.6298894,-0.8674192,0,0,0,0,-0.7071068,0,0,0,0,0,-0.7071068,0,0,0,0,0,-0.7071068,0,0,0,0,0,-0.7071068,0,0,0,0,0,-0.7071068,0
29.36606,31,4,1,0.1369909,0.7365651,-0.7631611,-0.1482826,-0.9858006,0.02729244,0.4602573,0.6464894,0.2405988,-0.08443998,0.6440254,0.08660308,-0.02924958,1.160137,-0.01173093,-0.0115409,-0.9745982,0.09880407,0.1707504,0.6240194,-0.8655953,0,0,0,0,-0.7071068,0,0,0,0,0,-0.7071068,0,0,0,0,0,-0.7071068,0,0,0,0,0,-0.7071068,0,0,0,0,0,-0.7071068,0
29.37743,31,4,1,0.1378029,0.7296982,-0.760918,-0.1487716,-0.9855245,0.03225641,0.4602487,0.6464578,0.2405685,-0.08446737,0.6441436,0.08652453,-0.02859964,1.15961,-0.01239407,-0.01204413,-0.974142,0.1011347,0.1714004,0.6180018,-0.8636099,0,0,0,0,-0.7071068,0,0,0,0,0,-0.7071068,0,0,0,0,0,-0.7071068,0,0,0,0,0,-0.7071068,0,0,0,0,0,-0.7071068,0
29.39935,31,4,1,0.1397178,0.7160759,-0.7562691,-0.1484214,-0.9850428,0.04122057,0.4602236,0.6463858,0.2405785,-0.08438385,0.6441262,0.08643375,-0.02726979,1.158571,-0.01358939,-0.01374203,-0.9730581,0.1062929,0.1727302,0.6061577,-0.8594377,0,0,0,0,-0.7071068,0,0,0,0,0,-0.7071068,0,0,0,0,0,-0.7071068,0,0,0,0,0,-0.7071068,0,0,0,0,0,-0.7071068,0
29.4216,31,4,1,0.1419183,0.7027624,-0.7511867,-0.1465343,-0.9845742,0.04920545,0.4599912,0.6463236,0.240447,-0.08462335,0.643967,0.08596057,-0.02586927,1.157729,-0.01466052,-0.01715266,-0.9716548,0.1118385,0.1741307,0.5945712,-0.8549621,0,0,0,0,-0.7071068,0,0,0,0,0,-0.7071068,0,0,0,0,0,-0.7071068,0,0,0,0,0,-0.7071068,0,0,0,0,0,-0.7071068,0
29.4439,31,4,1,0.1438789,0.6896917,-0.7454246,-0.1447541,-0.9841011,0.057606,0.4599004,0.6461784,0.2402707,-0.0850542,0.6439251,0.0850542,-0.02408431,1.157016,-0.01572989,-0.0214904,-0.9697621,0.1166887,0.1759157,0.5831941,-0.8503153,0,0,0,0,-0.7071068,0,0,0,0,0,-0.7071068,0,0,0,0,0,-0.7071068,0,0,0,0,0,-0.7071068,0,0,0,0,0,-0.7071068,0
29.46597,31,4,1,0.1458865,0.676451,-0.7395964,-0.1417739,-0.9835513,0.06824961,0.4599788,0.6462191,0.2401091,-0.08549573,0.6442353,0.08367692,-0.02193029,1.156192,-0.01682488,-0.02521889,-0.9674704,0.1203427,0.1780697,0.5717935,-0.8455277,0,0,0,0,-0.7071068,0,0,0,0,0,-0.7071068,0,0,0,0,0,-0.7071068,0,0,0,0,0,-0.7071068,0,0,0,0,0,-0.7071068,0
29.47743,31,4,1,0.1468966,0.6700336,-0.7365451,-0.1382636,-0.9834661,0.07337313,0.4600514,0.6462384,0.2399935,-0.08584432,0.6443422,0.08271778,-0.02082473,1.155671,-0.01720935,-0.0264952,-0.9661884,0.1224679,0.1791753,0.5660453,-0.842925,0,0,0,0,-0.7071068,0,0,0,0,0,-0.7071068,0,0,0,0,0,-0.7071068,0,0,0,0,0,-0.7071068,0,0,0,0,0,-0.7071068,0
29.49928,31,4,1,0.1487032,0.6575503,-0.7306986,-0.1329467,-0.9829921,0.08283675,0.4601684,0.6461828,0.2399603,-0.08663876,0.6442868,0.08114424,-0.01861941,1.154598,-0.01807169,-0.02943683,-0.9634326,0.1272217,0.1813806,0.5544932,-0.8376358,0,0,0,0,-0.7071068,0,0,0,0,0,-0.7071068,0,0,0,0,0,-0.7071068,0,0,0,0,0,-0.7071068,0,0,0,0,0,-0.7071068,0
29.51062,31,4,1,0.1495565,0.6514437,-0.7277012,-0.1328561,-0.9822882,0.08735465,0.460272,0.6461322,0.2399299,-0.08695843,0.6442337,0.08037794,-0.01763261,1.154025,-0.0184564,-0.03124377,-0.9619265,0.1297873,0.1823674,0.5488012,-0.8349352,0,0,0,0,-0.7071068,0,0,0,0,0,-0.7071068,0,0,0,0,0,-0.7071068,0,0,0,0,0,-0.7071068,0,0,0,0,0,-0.7071068,0
29.52174,31,4,1,0.1502941,0.645437,-0.7247656,-0.1326762,-0.981639,0.09156043,0.4603336,0.6460525,0.2399291,-0.08716024,0.6441479,0.07973298,-0.01671028,1.15347,-0.01888327,-0.03302068,-0.960437,0.1322894,0.1832897,0.5429875,-0.8321357,0,0,0,0,-0.7071068,0,0,0,0,0,-0.7071068,0,0,0,0,0,-0.7071068,0,0,0,0,0,-0.7071068,0,0,0,0,0,-0.7071068,0
29.54383,31,4,1,0.1509987,0.6342416,-0.7193614,-0.1331926,-0.9805677,0.09722121,0.4605277,0.6457435,0.2399019,-0.08679985,0.6443238,0.0783885,-0.01506265,1.152322,-0.01975573,0.03611991,0.9573795,-0.1376674,0.1849373,0.5316807,-0.8266127,0,0,0,0,-0.7071068,0,0,0,0,0,-0.7071068,0,0,0,0,0,-0.7071068,0,0,0,0,0,-0.7071068,0,0,0,0,0,-0.7071068,0
29.56597,31,4,1,0.1508513,0.6232643,-0.7139965,-0.134792,-0.9795165,0.1018371,0.4607965,0.6453799,0.2397977,-0.08594606,0.6449031,0.07711302,-0.01345929,1.151095,-0.0206341,0.03863184,0.954402,-0.1432204,0.1865407,0.5203445,-0.8209062,0,0,0,0,-0.7071068,0,0,0,0,0,-0.7071068,0,0,0,0,0,-0.7071068,0,0,0,0,0,-0.7071068,0,0,0,0,0,-0.7071068,0
29.58813,31,4,1,0.1501705,0.6123397,-0.7091547,-0.1381875,-0.9780097,0.1087304,0.4609009,0.6451483,0.2396528,-0.08541705,0.6454827,0.07599942,-0.01190473,1.149975,-0.02156756,0.04073559,0.9513296,-0.1488914,0.1880953,0.5092146,-0.8150969,0,0,0,0,-0.7071068,0,0,0,0,0,-0.7071068,0,0,0,0,0,-0.7071068,0,0,0,0,0,-0.7071068,0,0,0,0,0,-0.7071068,0
29.59933,31,4,1,0.1494032,0.6070015,-0.7069886,-0.1407047,-0.9770722,0.1133419,0.4609847,0.6450652,0.2395731,-0.08550049,0.6456831,0.07550264,-0.01111154,1.149417,-0.02202616,0.04162242,0.9497486,-0.1518095,0.1888885,0.5036793,-0.8121182,0,0,0,0,-0.7071068,0,0,0,0,0,-0.7071068,0,0,0,0,0,-0.7071068,0,0,0,0,0,-0.7071068,0,0,0,0,0,-0.7071068,0
29.6107,31,4,1,0.1485724,0.6019242,-0.7048956,-0.1431348,-0.9762506,0.1176706,0.4609412,0.6450615,0.2395029,-0.08581188,0.6458117,0.0750102,-0.01023777,1.148785,-0.0224343,0.04241534,0.9481187,-0.1548434,0.1897622,0.4980565,-0.8090221,0,0,0,0,-0.7071068,0,0,0,0,0,-0.7071068,0,0,0,0,0,-0.7071068,0,0,0,0,0,-0.7071068,0,0,0,0,0,-0.7071068,0
29.6326,31,4,1,0.1466121,0.5929738,-0.7012237,-0.1454166,-0.9754148,0.1237722,0.4609163,0.645038,0.2393483,-0.08656257,0.646004,0.07390369,-0.00837973,1.147416,-0.02315281,0.04313398,0.9446552,-0.1614932,0.1916203,0.486883,-0.8026838,0,0,0,0,-0.7071068,0,0,0,0,0,-0.7071068,0,0,0,0,0,-0.7071068,0,0,0,0,0,-0.7071068,0,0,0,0,0,-0.7071068,0
29.644,32,4,1,0.1456421,0.5891168,-0.6994806,-0.1453148,-0.9754315,0.1250478,0.4608345,0.6451666,0.2392907,-0.08736221,0.6459994,0.07357638,-0.007470951,1.146729,-0.02350347,0.04329367,0.9428173,-0.1652102,0.1925291,0.4813459,-0.7994574,0,0,0,0,-0.7071068,0,0,0,0,0,-0.7071068,0,0,0,0,0,-0.7071068,0,0,0,0,0,-0.7071068,0,0,0,0,0,-0.7071068,0
29.6659,32,4,1,0.1446005,0.5812798,-0.6959749,-0.1492076,-0.9744208,0.1274154,0.460635,0.6452368,0.239348,-0.08920284,0.6456758,0.07281175,-0.005611526,1.145188,-0.02412046,0.0437355,0.9391955,-0.1728571,0.1943885,0.4701429,-0.7927741,0,0,0,0,-0.7071068,0,0,0,0,0,-0.7071068,0,0,0,0,0,-0.7071068,0,0,0,0,0,-0.7071068,0,0,0,0,0,-0.7071068,0
29.6771,32,4,1,0.1446296,0.5774367,-0.6938956,-0.1541475,-0.9732007,0.1284011,0.4605247,0.6452519,0.2391921,-0.0899925,0.6455561,0.0724237,-0.004740095,1.144368,-0.02445472,0.04422511,0.937451,-0.1765202,0.1952599,0.4645709,-0.7894299,0,0,0,0,-0.7071068,0,0,0,0,0,-0.7071068,0,0,0,0,0,-0.7071068,0,0,0,0,0,-0.7071068,0,0,0,0,0,-0.7071068,0
29.69955,32,4,1,0.1443165,0.5700105,-0.6901425,-0.1591966,-0.9715371,0.1316791,0.4606068,0.6454179,0.2390763,-0.09094392,0.6452391,0.07206993,-0.003008221,1.142721,-0.02512426,0.04531005,0.9339222,-0.1839329,0.1969918,0.4534617,-0.782599,0,0,0,0,-0.7071068,0,0,0,0,0,-0.7071068,0,0,0,0,0,-0.7071068,0,0,0,0,0,-0.7071068,0,0,0,0,0,-0.7071068,0
29.72152,32,4,1,0.1440689,0.5628548,-0.6864706,-0.1600589,-0.9705279,0.1360079,0.4606355,0.6454494,0.2389539,-0.09081389,0.6452427,0.07200477,-0.001311896,1.140941,-0.02582928,0.04664271,0.9303349,-0.1918213,0.1986881,0.4422785,-0.7756093,0,0,0,0,-0.7071068,0,0,0,0,0,-0.7071068,0,0,0,0,0,-0.7071068,0,0,0,0,0,-0.7071068,0,0,0,0,0,-0.7071068,0
29.74376,32,4,1,0.1438751,0.5558296,-0.6826819,-0.163723,-0.9691536,0.1394264,0.4606862,0.6453352,0.2386684,-0.09014582,0.6453782,0.07184992,0.0003664289,1.139032,-0.02656709,0.04807558,0.9270288,-0.1997883,0.2003664,0.431148,-0.7685581,0,0,0,0,-0.7071068,0,0,0,0,0,-0.7071068,0,0,0,0,0,-0.7071068,0,0,0,0,0,-0.7071068,0,0,0,0,0,-0.7071068,0
29.75509,32,4,1,0.1439572,0.5523875,-0.6807061,-0.1664465,-0.9683107,0.1407042,0.460622,0.6450243,0.2386331,-0.08981962,0.6455442,0.07173342,0.001128951,1.13811,-0.02697447,0.04883993,0.9254543,-0.2037092,0.201129,0.4256227,-0.7649856,0,0,0,0,-0.7071068,0,0,0,0,0,-0.7071068,0,0,0,0,0,-0.7071068,0,0,0,0,0,-0.7071068,0,0,0,0,0,-0.7071068,0
29.77563,32,4,1,0.1441112,0.5491923,-0.6787086,-0.1691445,-0.9674793,0.1420795,0.4607134,0.6449502,0.2385188,-0.08954302,0.6456438,0.07164066,0.001972443,1.137105,-0.02732848,0.04950739,0.9240316,-0.2074767,0.2019724,0.4199862,-0.7612703,0,0,0,0,-0.7071068,0,0,0,0,0,-0.7071068,0,0,0,0,0,-0.7071068,0,0,0,0,0,-0.7071068,0,0,0,0,0,-0.7071068,0
29.78813,32,4,1,0.1443563,0.5429646,-0.674717,-0.1714761,-0.9664,0.1452044,0.4613086,0.6455982,0.2380663,-0.08923691,0.6453243,0.0718283,0.003744331,1.135025,-0.02807277,0.05055339,0.9209241,-0.2151176,0.2037443,0.4095903,-0.7545432,0,0,0,0,-0.7071068,0,0,0,0,0,-0.7071068,0,0,0,0,0,-0.7071068,0,0,0,0,0,-0.7071068,0,0,0,0,0,-0.7071068,0
29.80519,32,4,1,0.1448514,0.5368712,-0.6707907,-0.1717198,-0.9657608,0.1485621,0.4611174,0.6455836,0.2377149,-0.08958679,0.6451589,0.07190555,0.005318212,1.133085,-0.02891454,0.05213682,0.9179286,-0.2227742,0.2053182,0.400229,-0.7485323,0,0,0,0,-0.7071068,0,0,0,0,0,-0.7071068,0,0,0,0,0,-0.7071068,0,0,0,0,0,-0.7071068,0,0,0,0,0,-0.7071068,0
29.81648,32,4,1,0.1451962,0.5338966,-0.6686845,-0.1721158,-0.9653729,0.1501648,0.4611069,0.6456628,0.2376545,-0.08992808,0.644956,0.07186002,0.006045043,1.132097,-0.02944016,0.05306001,0.9166383,-0.2262883,0.206045,0.3948831,-0.74495,0,0,0,0,-0.7071068,0,0,0,0,0,-0.7071068,0,0,0,0,0,-0.7071068,0,0,0,0,0,-0.7071068,0,0,0,0,0,-0.7071068,0
29.82786,32,4,1,0.145773,0.5309212,-0.6664601,-0.1726428,-0.9649303,0.1517281,0.4611712,0.6456237,0.2374106,-0.09010787,0.644884,0.07182909,0.006749981,1.131143,-0.02993854,0.05416457,0.9155919,-0.2297822,0.20675,0.3894924,-0.7411997,0,0,0,0,-0.7071068,0,0,0,0,0,-0.7071068,0,0,0,0,0,-0.7071068,0,0,0,0,0,-0.7071068,0,0,0,0,0,-0.7071068,0
29.84962,32,4,1,0.1474356,0.5247461,-0.6615372,-0.1733135,-0.9639628,0.1547127,0.4611596,0.6457632,0.2374522,-0.0903925,0.6445769,0.07195139,0.007961472,1.12915,-0.03110339,0.05600134,0.9135467,-0.2366306,0.2079615,0.3788861,-0.7339229,0,0,0,0,-0.7071068,0,0,0,0,0,-0.7071068,0,0,0,0,0,-0.7071068,0,0,0,0,0,-0.7071068,0,0,0,0,0,-0.7071068,0
29.86114,32,4,1,0.1484035,0.5215241,-0.6590071,-0.1741254,-0.9632673,0.1563149,0.4611856,0.6458108,0.2375645,-0.0903126,0.6444827,0.07202974,0.008486363,1.128176,-0.03181903,0.05691145,0.912798,-0.2396993,0.2084864,0.373694,-0.7304079,0,0,0,0,-0.7071068,0,0,0,0,0,-0.7071068,0,0,0,0,0,-0.7071068,0,0,0,0,0,-0.7071068,0,0,0,0,0,-0.7071068,0
29.88301,32,4,1,0.1507149,0.5149453,-0.6537371,-0.1765472,-0.9612896,0.1603261,0.4609342,0.6453779,0.2380386,-0.0897617,0.6443602,0.07236423,0.009388662,1.126236,-0.03330306,0.05848602,0.9118274,-0.2458138,0.2093887,0.3633051,-0.7232183,0,0,0,0,-0.7071068,0,0,0,0,0,-0.7071068,0,0,0,0,0,-0.7071068,0,0,0,0,0,-0.7071068,0,0,0,0,0,-0.7071068,0
29.89447,32,4,1,0.1519712,0.5116026,-0.6509801,-0.178099,-0.9603062,0.1620339,0.4610111,0.6452937,0.2383148,-0.08910473,0.6442274,0.07254811,0.009762916,1.125274,-0.03404864,0.05915548,0.9116484,-0.2486755,0.2097629,0.358163,-0.7195717,0,0,0,0,-0.7071068,0,0,0,0,0,-0.7071068,0,0,0,0,0,-0.7071068,0,0,0,0,0,-0.7071068,0,0,0,0,0,-0.7071068,0
29.91631,32,4,1,0.1540519,0.5051886,-0.645664,-0.1800203,-0.9588591,0.1654484,0.4610561,0.6451931,0.2387163,-0.08798368,0.644286,0.07285582,0.01019421,1.123452,-0.03568,0.05978091,0.9119064,-0.2540045,0.2101942,0.3480173,-0.7122485,0,0,0,0,-0.7071068,0,0,0,0,0,-0.7071068,0,0,0,0,0,-0.7071068,0,0,0,0,0,-0.7071068,0,0,0,0,0,-0.7071068,0
29.92801,32,4,1,0.1551218,0.501976,-0.6430076,-0.1807251,-0.9581929,0.1673669,0.4611081,0.6452394,0.2387223,-0.08771855,0.6442744,0.07308842,0.01035324,1.122697,-0.03653218,0.05977078,0.9122455,-0.2565024,0.2103532,0.3432947,-0.7087324,0,0,0,0,-0.7071068,0,0,0,0,0,-0.7071068,0,0,0,0,0,-0.7071068,0,0,0,0,0,-0.7071068,0,0,0,0,0,-0.7071068,0
29.94963,32,4,1,0.1570868,0.4954025,-0.6377679,-0.1828633,-0.9567307,0.1711936,0.4610859,0.6452904,0.2389618,-0.08735736,0.6445088,0.07330602,0.01062235,1.121182,-0.03842906,0.0591608,0.9131426,-0.2605844,0.2106224,0.3337057,-0.701529,0,0,0,0,-0.7071068,0,0,0,0,0,-0.7071068,0,0,0,0,0,-0.7071068,0,0,0,0,0,-0.7071068,0,0,0,0,0,-0.7071068,0
29.96109,32,4,1,0.1581764,0.4921135,-0.6349812,-0.184425,-0.9558894,0.1727477,0.4610027,0.6451672,0.2389954,-0.08743268,0.6445915,0.07323365,0.01058288,1.120567,-0.03928897,0.05946101,0.913716,-0.2627482,0.2105829,0.3291823,-0.6978788,0,0,0,0,-0.7071068,0,0,0,0,0,-0.7071068,0,0,0,0,0,-0.7071068,0,0,0,0,0,-0.7071068,0,0,0,0,0,-0.7071068,0
29.98292,32,4,1,0.1605736,0.4855357,-0.6295438,-0.188766,-0.9538472,0.1755126,0.4608261,0.6450719,0.2391414,-0.08766681,0.6445276,0.07343003,0.01062057,1.119371,-0.04114992,0.05947707,0.9151212,-0.2660925,0.2106206,0.3201142,-0.6904407,0,0,0,0,-0.7071068,0,0,0,0,0,-0.7071068,0,0,0,0,0,-0.7071068,0,0,0,0,0,-0.7071068,0,0,0,0,0,-0.7071068,0
29.99435,32,4,1,0.1618791,0.4822699,-0.6267272,-0.1910605,-0.952747,0.1766278,0.4605418,0.6449308,0.2392016,-0.08777274,0.6447288,0.07387279,0.0105564,1.118714,-0.04205284,0.05952407,0.9158686,-0.2677743,0.2105564,0.3156766,-0.6867713,0,0,0,0,-0.7071068,0,0,0,0,0,-0.7071068,0,0,0,0,0,-0.7071068,0,0,0,0,0,-0.7071068,0,0,0,0,0,-0.7071068,0
30.0162,32,4,1,0.1644731,0.4758642,-0.6210538,-0.1930182,-0.9509525,0.1798143,0.4603423,0.6448611,0.2394178,-0.08822507,0.6448663,0.07414617,0.0105568,1.117446,-0.04396562,0.06067958,0.9172394,-0.2706984,0.2105568,0.3067895,-0.6792479,0,0,0,0,-0.7071068,0,0,0,0,0,-0.7071068,0,0,0,0,0,-0.7071068,0,0,0,0,0,-0.7071068,0,0,0,0,0,-0.7071068,0
30.02763,32,4,1,0.1657533,0.4727281,-0.6183029,-0.1936179,-0.9501594,0.1814017,0.4602753,0.6448123,0.2394705,-0.08831356,0.644966,0.07412081,0.0105933,1.116773,-0.04488714,0.06152179,0.9178412,-0.2721649,0.2105933,0.3024114,-0.6754704,0,0,0,0,-0.7071068,0,0,0,0,0,-0.7071068,0,0,0,0,0,-0.7071068,0,0,0,0,0,-0.7071068,0,0,0,0,0,-0.7071068,0
30.04962,32,4,1,0.1680479,0.4664878,-0.6131139,-0.1959812,-0.9485039,0.1841978,0.4602474,0.6447084,0.2396475,-0.08825026,0.6449946,0.07382632,0.01079358,1.115378,-0.04683807,0.06305918,0.9192713,-0.2755868,0.2107936,0.2935858,-0.6677674,0,0,0,0,-0.7071068,0,0,0,0,0,-0.7071068,0,0,0,0,0,-0.7071068,0,0,0,0,0,-0.7071068,0,0,0,0,0,-0.7071068,0
30.06106,32,4,1,0.1690794,0.4633961,-0.6106897,-0.1975486,-0.9476509,0.1855087,0.4605754,0.6450189,0.2396174,-0.08795565,0.6450954,0.07380286,0.01086881,1.114607,-0.04775134,0.06391979,0.9200954,-0.2773778,0.2108688,0.2892064,-0.6638774,0,0,0,0,-0.7071068,0,0,0,0,0,-0.7071068,0,0,0,0,0,-0.7071068,0,0,0,0,0,-0.7071068,0,0,0,0,0,-0.7071068,0
30.08294,32,4,1,0.1713004,0.4572973,-0.605908,-0.2025512,-0.9454626,0.1876501,0.460584,0.6450696,0.2393679,-0.08751995,0.6455149,0.07371143,0.01150751,1.113174,-0.04973246,0.06632809,0.9217032,-0.2808003,0.2115075,0.2806208,-0.6561056,0,0,0,0,-0.7071068,0,0,0,0,0,-0.7071068,0,0,0,0,0,-0.7071068,0,0,0,0,0,-0.7071068,0,0,0,0,0,-0.7071068,0
30.0943,32,4,1,0.1722906,0.4543501,-0.6036885,-0.2038159,-0.9446889,0.1890807,0.4606752,0.6451935,0.2391802,-0.08721434,0.6457354,0.07396085,0.01197925,1.112439,-0.05081531,0.067626,0.9224609,-0.2824566,0.2119793,0.2763702,-0.6522752,0,0,0,0,-0.7071068,0,0,0,0,0,-0.7071068,0,0,0,0,0,-0.7071068,0,0,0,0,0,-0.7071068,0,0,0,0,0,-0.7071068,0
30.11637,32,4,1,0.1739252,0.44872,-0.5995401,-0.2044677,-0.9436988,0.1921308,0.4603567,0.644984,0.2386781,-0.08667631,0.6470118,0.07386997,0.01307669,1.110889,-0.05281375,0.0700675,0.9239466,-0.2861498,0.2130767,0.2678963,-0.6443566,0,0,0,0,-0.7071068,0,0,0,0,0,-0.7071068,0,0,0,0,0,-0.7071068,0,0,0,0,0,-0.7071068,0,0,0,0,0,-0.7071068,0
30.12766,32,4,1,0.1747856,0.4459771,-0.5976096,-0.2052287,-0.9431158,0.1936448,0.4603247,0.6447624,0.2384579,-0.0865017,0.6477546,0.07343391,0.01373248,1.110089,-0.05380584,0.07139183,0.9247281,-0.2879923,0.2137325,0.2636642,-0.6403084,0,0,0,0,-0.7071068,0,0,0,0,0,-0.7071068,0,0,0,0,0,-0.7071068,0,0,0,0,0,-0.7071068,0,0,0,0,0,-0.7071068,0
30.14965,32,4,1,0.1764446,0.440335,-0.5936258,-0.2061384,-0.9418814,0.1967105,0.4601357,0.6448035,0.2379387,-0.0880018,0.6491814,0.07171834,0.015528,1.108499,-0.05581888,0.07480266,0.9263228,-0.2916373,0.215528,0.2554519,-0.6323503,0,0,0,0,-0.7071068,0,0,0,0,0,-0.7071068,0,0,0,0,0,-0.7071068,0,0,0,0,0,-0.7071068,0,0,0,0,0,-0.7071068,0
30.16093,32,4,1,0.1771757,0.4374731,-0.5918153,-0.2063925,-0.9412224,0.1981692,0.4599111,0.6449378,0.2378765,-0.08943269,0.6497312,0.07107256,0.01666209,1.107769,-0.0569039,0.07688202,0.927047,-0.2933916,0.2166621,0.2513801,-0.6282747,0,0,0,0,-0.7071068,0,0,0,0,0,-0.7071068,0,0,0,0,0,-0.7071068,0,0,0,0,0,-0.7071068,0,0,0,0,0,-0.7071068,0
30.18288,33,4,1,0.1787916,0.4319899,-0.5881814,-0.2090279,-0.9397349,0.199335,0.4594839,0.6450491,0.2383994,-0.08928788,0.6496068,0.07288226,0.01879297,1.105984,-0.05867443,-0.08132569,-0.9282482,0.2971556,0.218793,0.243161,-0.61985,0,0,0,0,-0.7071068,0,0,0,0,0,-0.7071068,0,0,0,0,0,-0.7071068,0,0,0,0,0,-0.7071068,0,0,0,0,0,-0.7071068,0
30.19411,33,4,0,0.179216,0.4294008,-0.5866913,-0.2097923,-0.939302,0.2000069,0.4592483,0.6449906,0.2390073,-0.08834863,0.6490141,0.07408363,0.01979732,1.104887,-0.05936629,-0.08411022,-0.928634,0.299283,0.2197973,0.2389066,-0.6154074,0,0,0,0,-0.7071068,0,0,0,0,0,-0.7071068,0,0,0,0,0,-0.7071068,0,0,0,0,0,-0.7071068,0,0,0,0,0,-0.7071068,0
30.20548,33,4,0,0.1796538,0.4265339,-0.585126,-0.2106421,-0.9387289,0.2012426,0.4590316,0.644899,0.2395639,-0.08779728,0.6484494,0.07472605,0.02126884,1.104185,-0.06040676,-0.08696338,-0.9288825,0.3015873,0.2212688,0.2350416,-0.6112149,0,0,0,0,-0.7071068,0,0,0,0,0,-0.7071068,0,0,0,0,0,-0.7071068,0,0,0,0,0,-0.7071068,0,0,0,0,0,-0.7071068,0
30.22779,33,4,0,0.1801036,0.4205689,-0.581984,-0.2134508,-0.9374989,0.2038708,0.4586761,0.6446298,0.2405573,-0.08650877,0.647172,0.07473546,0.0238441,1.102521,-0.06221583,-0.09276741,-0.9289892,0.3067735,0.2238441,0.2273122,-0.6027198,0,0,0,0,-0.7071068,0,0,0,0,0,-0.7071068,0,0,0,0,0,-0.7071068,0,0,0,0,0,-0.7071068,0,0,0,0,0,-0.7071068,0
30.25012,33,5,1,0.1803847,0.4138138,-0.5790327,-0.2169088,-0.9359293,0.2071699,0.4584774,0.6442848,0.2417108,-0.08381542,0.6467394,0.07637414,0.02614484,1.100776,-0.06355132,-0.09876521,-0.9297096,0.3099738,0.2261449,0.2254837,-0.6039098,0,0,0,0,-0.7071068,0,0,0,0,0,-0.7071068,0,0,0,0,0,-0.7071068,0,0,0,0,0,-0.7071068,0,0,0,0,0,-0.7071068,0
30.26188,33,5,1,0.1804955,0.4101808,-0.5775746,-0.2179917,-0.9352978,0.2090422,0.4583443,0.6441462,0.2422619,-0.0823747,0.6465977,0.07764063,0.0257137,1.098924,-0.06327234,-0.1020758,-0.9298609,0.3119748,0.2257137,0.2267848,-0.6090356,0,0,0,0,-0.7071068,0,0,0,0,0,-0.7071068,0,0,0,0,0,-0.7071068,0,0,0,0,0,-0.7071068,0,0,0,0,0,-0.7071068,0
30.27299,33,5,1,0.1811562,0.4068241,-0.5761915,-0.2189067,-0.9347192,0.2109169,0.4582005,0.6440294,0.242734,-0.08111219,0.6464323,0.07923691,0.02676655,1.09811,-0.06376616,-0.1053478,-0.9300954,0.3133906,0.2267666,0.2292389,-0.6150292,0,0,0,0,-0.7071068,0,0,0,0,0,-0.7071068,0,0,0,0,0,-0.7071068,0,0,0,0,0,-0.7071068,0,0,0,0,0,-0.7071068,0
30.2845,33,5,1,0.1813479,0.4029934,-0.5745685,-0.2200662,-0.9340423,0.212982,0.4581086,0.6438645,0.2432131,-0.07977273,0.6461406,0.08066976,0.02777216,1.097328,-0.06418994,-0.1086724,-0.9302492,0.314819,0.2277722,0.231589,-0.6206277,0,0,0,0,-0.7071068,0,0,0,0,0,-0.7071068,0,0,0,0,0,-0.7071068,0,0,0,0,0,-0.7071068,0,0,0,0,0,-0.7071068,0
30.29587,33,5,1,0.181563,0.3991485,-0.5727581,-0.2211219,-0.933283,0.215133,0.4580449,0.6437019,0.2436272,-0.07844456,0.6459546,0.08193586,0.02884356,1.096633,-0.06456389,-0.1117669,-0.9303313,0.3161992,0.2288436,0.2341803,-0.6263359,0,0,0,0,-0.7071068,0,0,0,0,0,-0.7071068,0,0,0,0,0,-0.7071068,0,0,0,0,0,-0.7071068,0,0,0,0,0,-0.7071068,0
30.30753,33,5,1,0.1818553,0.3951807,-0.5707231,-0.2220913,-0.9324034,0.2173227,0.4579907,0.6435324,0.2439284,-0.07760477,0.6457583,0.08265854,0.03006622,1.096059,-0.06490388,-0.1144094,-0.9303476,0.3175412,0.2300662,0.2368936,-0.6319177,0,0,0,0,-0.7071068,0,0,0,0,0,-0.7071068,0,0,0,0,0,-0.7071068,0,0,0,0,0,-0.7071068,0,0,0,0,0,-0.7071068,0
30.32985,33,5,1,0.182096,0.3877296,-0.5658777,-0.223538,-0.9306008,0.2212971,0.4583447,0.643636,0.2440816,-0.07642259,0.6457255,0.08311534,0.03303017,1.095182,-0.06559891,-0.1184149,-0.9306185,0.3187382,0.2330302,0.2426749,-0.6429557,0,0,0,0,-0.7071068,0,0,0,0,0,-0.7071068,0,0,0,0,0,-0.7071068,0,0,0,0,0,-0.7071068,0,0,0,0,0,-0.7071068,0
30.34212,33,5,1,0.1823285,0.3837645,-0.5628777,-0.2235206,-0.9296592,0.223732,0.4583627,0.6435286,0.2440673,-0.07614314,0.6460075,0.08302037,0.03479881,1.094935,-0.06598184,-0.1193785,-0.9309818,0.318375,0.2347988,0.2458406,-0.6485047,0,0,0,0,-0.7071068,0,0,0,0,0,-0.7071068,0,0,0,0,0,-0.7071068,0,0,0,0,0,-0.7071068,0,0,0,0,0,-0.7071068,0
30.36423,33,5,1,0.1830064,0.3751411,-0.556098,-0.2246509,-0.9267811,0.229962,0.4584585,0.6433667,0.243861,-0.07622511,0.6467452,0.08218784,0.03859073,1.094635,-0.06674087,-0.1203614,-0.9318978,0.3168333,0.2385907,0.2525389,-0.6595861,0,0,0,0,-0.7071068,0,0,0,0,0,-0.7071068,0,0,0,0,0,-0.7071068,0,0,0,0,0,-0.7071068,0,0,0,0,0,-0.7071068,0
30.37658,33,5,1,0.1833013,0.3706594,-0.5521881,-0.2254312,-0.92503,0.2338142,0.4586406,0.6433258,0.2438706,-0.0765708,0.6468525,0.08131743,0.04065072,1.094484,-0.06694829,-0.1210719,-0.9321041,0.3161796,0.2406507,0.2559524,-0.6649184,0,0,0,0,-0.7071068,0,0,0,0,0,-0.7071068,0,0,0,0,0,-0.7071068,0,0,0,0,0,-0.7071068,0,0,0,0,0,-0.7071068,0
30.39854,33,5,1,0.1836092,0.361541,-0.5442268,-0.226599,-0.9215984,0.2423177,0.4587454,0.6432331,0.2436503,-0.07662877,0.6474643,0.08067001,0.04490985,1.093957,-0.06696705,-0.1233637,-0.9315941,0.3161542,0.2449099,0.2626761,-0.6750987,0,0,0,0,-0.7071068,0,0,0,0,0,-0.7071068,0,0,0,0,0,-0.7071068,0,0,0,0,0,-0.7071068,0,0,0,0,0,-0.7071068,0
30.41022,33,5,1,0.1837531,0.3571267,-0.5402057,-0.2263341,-0.9201787,0.2466242,0.4588096,0.6431736,0.2435897,-0.07648067,0.6477036,0.08048116,0.04720396,1.093616,-0.06676713,-0.1243788,-0.9309106,0.3166327,0.247204,0.2659923,-0.6798964,0,0,0,0,-0.7071068,0,0,0,0,0,-0.7071068,0,0,0,0,0,-0.7071068,0,0,0,0,0,-0.7071068,0,0,0,0,0,-0.7071068,0
30.43226,33,5,0,0.18382,0.3480952,-0.5318262,-0.2257227,-0.9172637,0.2557088,0.4589014,0.6429769,0.2433166,-0.0758174,0.6481367,0.0804657,0.05175243,1.092925,-0.06622472,-0.1260914,-0.9289646,0.3183761,0.2517524,0.2727346,-0.6892613,0,0,0,0,-0.7071068,0,0,0,0,0,-0.7071068,0,0,0,0,0,-0.7071068,0,0,0,0,0,-0.7071068,0,0,0,0,0,-0.7071068,0
30.4435,33,5,0,0.1838245,0.3438306,-0.5276274,-0.2269137,-0.9154168,0.2595028,0.4590906,0.6426543,0.2431183,-0.07527847,0.6483588,0.08037627,0.0540607,1.09258,-0.06598775,-0.1267417,-0.9279127,0.319139,0.2540607,0.2760257,-0.6937547,0,0,0,0,-0.7071068,0,0,0,0,0,-0.7071068,0,0,0,0,0,-0.7071068,0,0,0,0,0,-0.7071068,0,0,0,0,0,-0.7071068,0
30.46561,33,5,0,0.1837416,0.3358309,-0.5197936,-0.2299332,-0.9122951,0.2649186,0.4592916,0.642301,0.242712,-0.07458246,0.6490484,0.08008241,0.05851053,1.091662,-0.06555733,-0.128052,-0.9257296,0.3206339,0.2585105,0.2825805,-0.7028142,0,0,0,0,-0.7071068,0,0,0,0,0,-0.7071068,0,0,0,0,0,-0.7071068,0,0,0,0,0,-0.7071068,0,0,0,0,0,-0.7071068,0
30.47691,33,5,0,0.1835514,0.3321376,-0.5161752,-0.2326402,-0.9107074,0.2667568,0.4594133,0.6422267,0.2424342,-0.07478124,0.6494989,0.07964876,0.06073978,1.091033,-0.06520493,-0.1289522,-0.9246085,0.3211667,0.2607398,0.2857632,-0.7071887,0,0,0,0,-0.7071068,0,0,0,0,0,-0.7071068,0,0,0,0,0,-0.7071068,0,0,0,0,0,-0.7071068,0,0,0,0,0,-0.7071068,0
30.49891,33,5,0,0.1832624,0.3254948,-0.5098363,-0.23856,-0.9076133,0.2697451,0.4598316,0.6422412,0.2417721,-0.075516,0.6506659,0.07845585,0.06494935,1.090125,-0.0641902,-0.1299503,-0.921785,0.3238805,0.2649494,0.2925394,-0.7154803,0,0,0,0,-0.7071068,0,0,0,0,0,-0.7071068,0,0,0,0,0,-0.7071068,0,0,0,0,0,-0.7071068,0,0,0,0,0,-0.7071068,0
30.51016,33,5,0,0.1830669,0.3225446,-0.5065369,-0.2404727,-0.9063628,0.2711546,0.4599564,0.6422992,0.2414381,-0.07606761,0.6512646,0.07806599,0.06688248,1.089573,-0.06370475,-0.1308015,-0.9204098,0.3249888,0.2668825,0.295895,-0.719616,0,0,0,0,-0.7071068,0,0,0,0,0,-0.7071068,0,0,0,0,0,-0.7071068,0,0,0,0,0,-0.7071068,0,0,0,0,0,-0.7071068,0
30.52162,33,5,0,0.1830747,0.319989,-0.5039626,-0.2426948,-0.9050878,0.271707,0.4600668,0.6423806,0.2410804,-0.0766207,0.6519339,0.07768488,0.06865533,1.089063,-0.06315496,-0.1316139,-0.919095,0.3258823,0.2686553,0.2993782,-0.7237148,0,0,0,0,-0.7071068,0,0,0,0,0,-0.7071068,0,0,0,0,0,-0.7071068,0,0,0,0,0,-0.7071068,0,0,0,0,0,-0.7071068,0
30.54349,33,5,0,0.183281,0.316119,-0.5002361,-0.248765,-0.9020244,0.2724183,0.4602123,0.6424605,0.2403389,-0.0778168,0.6531786,0.0767114,0.07187585,1.088354,-0.06216042,-0.1337426,-0.9166656,0.327078,0.2718759,0.3066017,-0.7317415,0,0,0,0,-0.7071068,0,0,0,0,0,-0.7071068,0,0,0,0,0,-0.7071068,0,0,0,0,0,-0.7071068,0,0,0,0,0,-0.7071068,0
30.55462,33,5,0,0.1833061,0.3148727,-0.4992929,-0.2523468,-0.9005473,0.2721941,0.4603023,0.6425315,0.2400394,-0.07846174,0.6537208,0.07615853,0.07329273,1.088048,-0.06174476,-0.1349321,-0.9155494,0.3273443,0.2732927,0.3103941,-0.7358788,0,0,0,0,-0.7071068,0,0,0,0,0,-0.7071068,0,0,0,0,0,-0.7071068,0,0,0,0,0,-0.7071068,0,0,0,0,0,-0.7071068,0
30.5771,33,5,0,0.1837843,0.3138442,-0.4992526,-0.2594991,-0.8983623,0.2704119,0.4604719,0.6425198,0.2395527,-0.07944109,0.6546664,0.07502626,0.07547902,1.087758,-0.06088631,-0.1370831,-0.9137923,0.3271351,0.275479,0.3182837,-0.7438959,0,0,0,0,-0.7071068,0,0,0,0,0,-0.7071068,0,0,0,0,0,-0.7071068,0,0,0,0,0,-0.7071068,0,0,0,0,0,-0.7071068,0
30.59892,33,5,0,0.1847006,0.316344,-0.5028549,-0.264733,-0.8990988,0.2641226,0.4605739,0.6424752,0.2394564,-0.08004268,0.6549255,0.07415035,0.07722376,1.088041,-0.06025156,-0.1383182,-0.9128718,0.3259276,0.2772238,0.3268837,-0.7520104,0,0,0,0,-0.7071068,0,0,0,0,0,-0.7071068,0,0,0,0,0,-0.7071068,0,0,0,0,0,-0.7071068,0,0,0,0,0,-0.7071068,0
30.61022,33,5,0,0.185204,0.3177724,-0.5047081,-0.2656637,-0.9001591,0.2605323,0.4605373,0.6424644,0.239605,-0.08018412,0.6547775,0.07386941,0.07798677,1.088297,-0.0599495,-0.1384722,-0.9127591,0.3249122,0.2779868,0.3313434,-0.7560285,0,0,0,0,-0.7071068,0,0,0,0,0,-0.7071068,0,0,0,0,0,-0.7071068,0,0,0,0,0,-0.7071068,0,0,0,0,0,-0.7071068,0
30.63228,33,5,0,0.1870503,0.3243458,-0.5124038,-0.263145,-0.9045986,0.2509918,0.4604198,0.6425666,0.2398683,-0.08024857,0.654422,0.07382623,0.0789807,1.089227,-0.05935027,0.1380764,0.913308,-0.3218189,0.2789807,0.340767,-0.7639597,0,0,0,0,-0.7071068,0,0,0,0,0,-0.7071068,0,0,0,0,0,-0.7071068,0,0,0,0,0,-0.7071068,0,0,0,0,0,-0.7071068,0
30.64353,33,5,0,0.1883168,0.3277891,-0.5161252,-0.263474,-0.905943,0.2462387,0.4603588,0.6424593,0.2400419,-0.08009753,0.6541175,0.07403074,0.07923236,1.089925,-0.05903648,0.1378393,0.9137274,-0.3200714,0.2792324,0.345831,-0.7679295,0,0,0,0,-0.7071068,0,0,0,0,0,-0.7071068,0,0,0,0,0,-0.7071068,0,0,0,0,0,-0.7071068,0,0,0,0,0,-0.7071068,0
30.66554,33,5,0,0.1917057,0.3376062,-0.5267845,-0.2627572,-0.9090601,0.2360807,0.4602702,0.6424388,0.2404083,-0.08007599,0.653505,0.07414835,0.07958408,1.091398,-0.05862228,0.1374487,0.9150063,-0.3156142,0.2795841,0.3559617,-0.7758151,0,0,0,0,-0.7071068,0,0,0,0,0,-0.7071068,0,0,0,0,0,-0.7071068,0,0,0,0,0,-0.7071068,0,0,0,0,0,-0.7071068,0
30.67721,33,5,0,0.1935444,0.3434272,-0.5328017,-0.2614365,-0.910913,0.2308168,0.4601425,0.6424302,0.2406313,-0.07997231,0.6530893,0.07446696,0.07967625,1.092146,-0.05845071,0.1374796,0.9158334,-0.3127264,0.2796763,0.3611707,-0.7798219,0,0,0,0,-0.7071068,0,0,0,0,0,-0.7071068,0,0,0,0,0,-0.7071068,0,0,0,0,0,-0.7071068,0,0,0,0,0,-0.7071068,0
30.69888,33,5,0,0.1970583,0.35619,-0.5459204,-0.2561908,-0.9159037,0.219752,0.45997,0.6425467,0.2410391,-0.08005068,0.6522779,0.07495287,0.07976945,1.093748,-0.05819028,0.1379326,0.9175485,-0.3064596,0.2797695,0.3717107,-0.7877395,0,0,0,0,-0.7071068,0,0,0,0,0,-0.7071068,0,0,0,0,0,-0.7071068,0,0,0,0,0,-0.7071068,0,0,0,0,0,-0.7071068,0
30.71076,33,5,0,0.1988901,0.36445,-0.5540291,-0.2523046,-0.9193507,0.2127969,0.4598991,0.6426214,0.241239,-0.08016266,0.651768,0.07512365,0.0796203,1.094576,-0.05801565,0.1380542,0.9184777,-0.30334,0.2796203,0.3770364,-0.7915843,0,0,0,0,-0.7071068,0,0,0,0,0,-0.7071068,0,0,0,0,0,-0.7071068,0,0,0,0,0,-0.7071068,0,0,0,0,0,-0.7071068,0
30.73217,33,5,0,0.2024235,0.3811557,-0.5699694,-0.2446674,-0.9262307,0.1980159,0.4598462,0.6428597,0.2414456,-0.08029615,0.6509306,0.07560318,0.07891226,1.096149,-0.05742734,0.1380146,0.9201697,-0.2980167,0.2789122,0.3877074,-0.7989397,0,0,0,0,-0.7071068,0,0,0,0,0,-0.7071068,0,0,0,0,0,-0.7071068,0,0,0,0,0,-0.7071068,0,0,0,0,0,-0.7071068,0
30.7435,33,5,0,0.2042762,0.390039,-0.5781634,-0.240609,-0.9296571,0.1904358,0.4599051,0.6429243,0.2415441,-0.08028481,0.6505454,0.07586998,0.07827774,1.096933,-0.05709558,-0.137555,-0.9210328,0.2955369,0.2782778,0.3930837,-0.8025247,0,0,0,0,-0.7071068,0,0,0,0,0,-0.7071068,0,0,0,0,0,-0.7071068,0,0,0,0,0,-0.7071068,0,0,0,0,0,-0.7071068,0
30.76553,33,5,0,0.2071881,0.4097893,-0.5953622,-0.2316354,-0.9369502,0.1732156,0.4598327,0.643093,0.2416035,-0.08020841,0.649929,0.07685203,0.0774035,1.09846,-0.05641604,-0.1363412,-0.9228257,0.2905336,0.2774035,0.4039901,-0.8096566,0,0,0,0,-0.7071068,0,0,0,0,0,-0.7071068,0,0,0,0,0,-0.7071068,0,0,0,0,0,-0.7071068,0,0,0,0,0,-0.7071068,0
30.7772,33,5,0,0.2086942,0.4200671,-0.6037974,-0.2289701,-0.9398065,0.1642843,0.4598327,0.6432085,0.2415348,-0.08007459,0.6497113,0.07750821,0.07690887,1.099299,-0.05608315,-0.1355194,-0.9238065,0.2876822,0.2769089,0.4094485,-0.8130809,0,0,0,0,-0.7071068,0,0,0,0,0,-0.7071068,0,0,0,0,0,-0.7071068,0,0,0,0,0,-0.7071068,0,0,0,0,0,-0.7071068,0
30.79875,33,5,0,0.2108882,0.4401644,-0.6202266,-0.2244269,-0.9449681,0.1473092,0.4599395,0.6432754,0.2412396,-0.07987179,0.6493384,0.07822497,0.07587879,1.101032,-0.0553913,-0.1339999,-0.9259281,0.2813694,0.2758788,0.4206507,-0.8199107,0,0,0,0,-0.7071068,0,0,0,0,0,-0.7071068,0,0,0,0,0,-0.7071068,0,0,0,0,0,-0.7071068,0,0,0,0,0,-0.7071068,0
30.81002,33,5,0,0.2117488,0.4504853,-0.628221,-0.2223734,-0.9472011,0.1400712,0.4599595,0.6434392,0.2411306,-0.08004547,0.6491582,0.0786219,0.07529876,1.10191,-0.05495987,-0.1333721,-0.9269882,0.2782371,0.2752988,0.4262583,-0.8231472,0,0,0,0,-0.7071068,0,0,0,0,0,-0.7071068,0,0,0,0,0,-0.7071068,0,0,0,0,0,-0.7071068,0,0,0,0,0,-0.7071068,0
30.82116,33,5,0,0.2126152,0.4605626,-0.636019,-0.2200052,-0.9493785,0.1327212,0.4599684,0.6435753,0.2409944,-0.08016135,0.6488747,0.07909717,0.07466011,1.102748,-0.05446284,-0.1328653,-0.927949,0.275214,0.2746601,0.4319725,-0.8263714,0,0,0,0,-0.7071068,0,0,0,0,0,-0.7071068,0,0,0,0,0,-0.7071068,0,0,0,0,0,-0.7071068,0,0,0,0,0,-0.7071068,0
30.84347,33,5,0,0.2106179,0.4767513,-0.6488423,-0.2155665,-0.9529621,0.119201,0.4599643,0.6439674,0.2407019,-0.08088591,0.6482071,0.08017413,0.07318511,1.104504,-0.05338623,-0.1320705,-0.9299043,0.2690553,0.2731851,0.4433912,-0.8324924,0,0,0,0,-0.7071068,0,0,0,0,0,-0.7071068,0,0,0,0,0,-0.7071068,0,0,0,0,0,-0.7071068,0,0,0,0,0,-0.7071068,0
30.86565,33,5,0,0.2123493,0.4967915,-0.661782,-0.2125719,-0.9554697,0.1060455,0.459805,0.6442467,0.2406101,-0.08154974,0.6473809,0.0813056,0.07158843,1.106337,-0.05217545,-0.1309618,-0.9319853,0.2626728,0.2715884,0.455013,-0.8383413,0,0,0,0,-0.7071068,0,0,0,0,0,-0.7071068,0,0,0,0,0,-0.7071068,0,0,0,0,0,-0.7071068,0,0,0,0,0,-0.7071068,0
30.88761,33,5,0,0.2138155,0.5163085,-0.6735618,-0.2109321,-0.9574512,0.09301776,0.459648,0.6445382,0.2405796,-0.08191238,0.6465508,0.08229839,0.06996109,1.10836,-0.05094115,-0.1294069,-0.9342676,0.256013,0.2699611,0.4670421,-0.8440883,0,0,0,0,-0.7071068,0,0,0,0,0,-0.7071068,0,0,0,0,0,-0.7071068,0,0,0,0,0,-0.7071068,0,0,0,0,0,-0.7071068,0
30.89894,33,5,0,0.2144729,0.5259576,-0.6792233,-0.2101072,-0.9583498,0.08698447,0.4596047,0.6446352,0.2405687,-0.08189688,0.6461706,0.0829035,0.06909528,1.109483,-0.05033015,-0.128766,-0.9353498,0.2526287,0.2690953,0.4730501,-0.8468027,0,0,0,0,-0.7071068,0,0,0,0,0,-0.7071068,0,0,0,0,0,-0.7071068,0,0,0,0,0,-0.7071068,0,0,0,0,0,-0.7071068,0
30.91029,33,5,0,0.2145005,0.5354413,-0.6842527,-0.2095313,-0.9591837,0.08187106,0.4595285,0.644734,0.2406308,-0.08175591,0.6457773,0.08336613,0.06822377,1.110585,-0.04965486,-0.1279698,-0.9365305,0.248897,0.2682238,0.4792779,-0.8495578,0,0,0,0,-0.7071068,0,0,0,0,0,-0.7071068,0,0,0,0,0,-0.7071068,0,0,0,0,0,-0.7071068,0,0,0,0,0,-0.7071068,0
30.93216,33,5,0,0.2144752,0.5541526,-0.6944127,-0.2080149,-0.9611399,0.07077775,0.4595553,0.6449697,0.2407739,-0.08142336,0.6448399,0.0845499,0.06648088,1.112972,-0.04844929,-0.1268572,-0.938676,0.2414159,0.2664809,0.4917083,-0.8549069,0,0,0,0,-0.7071068,0,0,0,0,0,-0.7071068,0,0,0,0,0,-0.7071068,0,0,0,0,0,-0.7071068,0,0,0,0,0,-0.7071068,0
30.94345,33,5,0,0.2144096,0.5635846,-0.6992812,-0.2067176,-0.9622841,0.06553847,0.4595197,0.6450437,0.2408483,-0.0813065,0.6444208,0.08502515,0.06553254,1.114016,-0.04759751,-0.1262441,-0.9397786,0.2374903,0.2655326,0.4978858,-0.8573217,0,0,0,0,-0.7071068,0,0,0,0,0,-0.7071068,0,0,0,0,0,-0.7071068,0,0,0,0,0,-0.7071068,0,0,0,0,0,-0.7071068,0
30.96539,33,5,0,0.213867,0.5823299,-0.708194,-0.2027094,-0.9649663,0.05569284,0.4594739,0.6450988,0.2411272,-0.08098488,0.6435262,0.08597037,0.06368902,1.11631,-0.04594003,-0.125039,-0.9416987,0.2300446,0.263689,0.5104065,-0.862005,0,0,0,0,-0.7071068,0,0,0,0,0,-0.7071068,0,0,0,0,0,-0.7071068,0,0,0,0,0,-0.7071068,0,0,0,0,0,-0.7071068,0
30.97682,33,5,0,0.213589,0.5914705,-0.7122889,-0.2001453,-0.9662329,0.05123569,0.4594631,0.6451851,0.2412888,-0.08084176,0.6431219,0.08648348,0.0627674,1.117489,-0.04506906,-0.1244401,-0.9425967,0.2263305,0.2627674,0.5167706,-0.8642664,0,0,0,0,-0.7071068,0,0,0,0,0,-0.7071068,0,0,0,0,0,-0.7071068,0,0,0,0,0,-0.7071068,0,0,0,0,0,-0.7071068,0
30.99864,33,5,1,0.2133774,0.6092077,-0.7197857,-0.1953539,-0.968353,0.04332533,0.4595245,0.6452467,0.2416315,-0.08038314,0.6423366,0.08707812,0.06091193,1.119793,-0.0432988,-0.122783,-0.9443194,0.2190366,0.2609119,0.5294949,-0.8686267,0,0,0,0,-0.7071068,0,0,0,0,0,-0.7071068,0,0,0,0,0,-0.7071068,0,0,0,0,0,-0.7071068,0,0,0,0,0,-0.7071068,0
31.01043,33,5,1,0.2131477,0.6181824,-0.723186,-0.1928446,-0.9693506,0.03940964,0.4595373,0.645263,0.2418521,-0.08018891,0.6420127,0.08741894,0.05992064,1.120959,-0.0423831,-0.1215656,-0.9452033,0.2154841,0.2599207,0.5358711,-0.8706951,0,0,0,0,-0.7071068,0,0,0,0,0,-0.7071068,0,0,0,0,0,-0.7071068,0,0,0,0,0,-0.7071068,0,0,0,0,0,-0.7071068,0
31.03212,33,5,1,0.2132889,0.6357214,-0.7295334,-0.1876258,-0.9712151,0.03147783,0.4595721,0.6451952,0.2421213,-0.07962768,0.6417823,0.08773042,0.05790746,1.123202,-0.04040561,-0.1190045,-0.9470356,0.208436,0.2579075,0.5487196,-0.8746297,0,0,0,0,-0.7071068,0,0,0,0,0,-0.7071068,0,0,0,0,0,-0.7071068,0,0,0,0,0,-0.7071068,0,0,0,0,0,-0.7071068,0
31.04357,33,5,1,0.2132464,0.6443915,-0.7323911,-0.1857718,-0.9719899,0.02739206,0.4595924,0.6451739,0.2422747,-0.0792378,0.6416743,0.08795878,0.05684315,1.124311,-0.03933485,-0.1175629,-0.9480002,0.2047714,0.2568431,0.5551755,-0.8764587,0,0,0,0,-0.7071068,0,0,0,0,0,-0.7071068,0,0,0,0,0,-0.7071068,0,0,0,0,0,-0.7071068,0,0,0,0,0,-0.7071068,0
31.06546,33,5,1,0.2132113,0.6613851,-0.7377687,-0.1813572,-0.973593,0.01977167,0.459553,0.6452349,0.2425515,-0.07852998,0.6417441,0.08842144,0.05475614,1.126606,-0.03737429,-0.1149016,-0.9498532,0.1974878,0.2547562,0.5681047,-0.8801059,0,0,0,0,-0.7071068,0,0,0,0,0,-0.7071068,0,0,0,0,0,-0.7071068,0,0,0,0,0,-0.7071068,0,0,0,0,0,-0.7071068,0
31.0768,33,5,1,0.2133479,0.6696378,-0.7401438,-0.1784038,-0.9744196,0.01617427,0.4595388,0.6452423,0.2426454,-0.07821503,0.6418307,0.08866756,0.05369777,1.127703,-0.03639948,-0.1137786,-0.9507083,0.1940315,0.2536978,0.5746496,-0.8819233,0,0,0,0,-0.7071068,0,0,0,0,0,-0.7071068,0,0,0,0,0,-0.7071068,0,0,0,0,0,-0.7071068,0,0,0,0,0,-0.7071068,0
31.0986,33,5,1,0.2137633,0.6861507,-0.7444346,-0.172086,-0.9760102,0.00890778,0.4595048,0.6452379,0.2428035,-0.077828,0.6418116,0.08931947,0.05153394,1.129707,-0.03419377,-0.1118045,-0.9523409,0.1874248,0.251534,0.5874504,-0.8850935,0,0,0,0,-0.7071068,0,0,0,0,0,-0.7071068,0,0,0,0,0,-0.7071068,0,0,0,0,0,-0.7071068,0,0,0,0,0,-0.7071068,0
31.10992,33,5,1,0.2139879,0.6941634,-0.746172,-0.1689151,-0.9767686,0.004998013,0.4595168,0.6453611,0.2428897,-0.07780204,0.6418194,0.08957281,0.05049163,1.130708,-0.0331902,-0.1109646,-0.9530804,0.1841382,0.2504916,0.593829,-0.8866906,0,0,0,0,-0.7071068,0,0,0,0,0,-0.7071068,0,0,0,0,0,-0.7071068,0,0,0,0,0,-0.7071068,0,0,0,0,0,-0.7071068,0
31.13209,33,5,1,0.2145313,0.709923,-0.749697,-0.1646501,-0.9777844,-0.003171325,0.4592699,0.6454208,0.2430602,-0.07806253,0.6417693,0.09022186,0.04838077,1.132542,-0.03119782,-0.1093757,-0.9544645,0.1779115,0.2483808,0.6067058,-0.8898804,0,0,0,0,-0.7071068,0,0,0,0,0,-0.7071068,0,0,0,0,0,-0.7071068,0,0,0,0,0,-0.7071068,0,0,0,0,0,-0.7071068,0
31.14336,33,5,1,0.2146795,0.7176899,-0.7513193,-0.1628841,-0.9781645,-0.007170498,0.4591948,0.6455196,0.2430482,-0.07817277,0.6417696,0.09053989,0.04736869,1.133438,-0.03011063,-0.1086152,-0.9551526,0.1749079,0.2473687,0.6130921,-0.8912916,0,0,0,0,-0.7071068,0,0,0,0,0,-0.7071068,0,0,0,0,0,-0.7071068,0,0,0,0,0,-0.7071068,0,0,0,0,0,-0.7071068,0
31.16523,33,5,1,0.2153689,0.7325635,-0.7538229,-0.160038,-0.9786154,-0.01455986,0.4591227,0.6455882,0.2431401,-0.07837106,0.6419808,0.09091166,0.04535658,1.135153,-0.02805119,-0.1067943,-0.9566296,0.1687158,0.2453566,0.6258085,-0.8940861,0,0,0,0,-0.7071068,0,0,0,0,0,-0.7071068,0,0,0,0,0,-0.7071068,0,0,0,0,0,-0.7071068,0,0,0,0,0,-0.7071068,0
31.17689,33,5,1,0.2155873,0.7396299,-0.7548295,-0.1578516,-0.9790159,-0.01743603,0.459095,0.6456188,0.2431184,-0.07840841,0.6421511,0.09105079,0.04439066,1.135986,-0.02699791,-0.1057284,-0.9573866,0.1656419,0.2443907,0.6321669,-0.8953948,0,0,0,0,-0.7071068,0,0,0,0,0,-0.7071068,0,0,0,0,0,-0.7071068,0,0,0,0,0,-0.7071068,0,0,0,0,0,-0.7071068,0
31.19864,33,5,1,0.2157741,0.7538387,-0.7571083,-0.1532634,-0.9798983,-0.02284453,0.4590178,0.6457115,0.2430615,-0.07845024,0.6424214,0.091392,0.04254515,1.137734,-0.02498988,-0.1038895,-0.9587771,0.1596295,0.2425452,0.6451016,-0.8980157,0,0,0,0,-0.7071068,0,0,0,0,0,-0.7071068,0,0,0,0,0,-0.7071068,0,0,0,0,0,-0.7071068,0,0,0,0,0,-0.7071068,0
31.20999,33,5,1,0.2157952,0.7606627,-0.7581719,-0.1508493,-0.9803765,-0.02503154,0.4590179,0.6457199,0.2430325,-0.07843694,0.6425644,0.09157297,0.04165798,1.138569,-0.02400494,-0.1029311,-0.9594278,0.1566378,0.241658,0.6515807,-0.8992896,0,0,0,0,-0.7071068,0,0,0,0,0,-0.7071068,0,0,0,0,0,-0.7071068,0,0,0,0,0,-0.7071068,0,0,0,0,0,-0.7071068,0
31.23191,33,5,1,0.2158776,0.7745222,-0.7600588,-0.1476886,-0.9809071,-0.03065784,0.4589696,0.6456057,0.2430798,-0.07822373,0.6426356,0.09184866,0.03998353,1.140092,-0.02191719,-0.1009616,-0.9605668,0.1512503,0.2399835,0.6643798,-0.9015629,0,0,0,0,-0.7071068,0,0,0,0,0,-0.7071068,0,0,0,0,0,-0.7071068,0,0,0,0,0,-0.7071068,0,0,0,0,0,-0.7071068,0
31.24336,33,5,1,0.2158975,0.7816057,-0.7609679,-0.1464469,-0.9810923,-0.03396993,0.4589866,0.6456572,0.243018,-0.07816485,0.6427479,0.09204978,0.03920604,1.140871,-0.02090831,-0.0999695,-0.9610575,0.1488071,0.239206,0.6707932,-0.9026581,0,0,0,0,-0.7071068,0,0,0,0,0,-0.7071068,0,0,0,0,0,-0.7071068,0,0,0,0,0,-0.7071068,0,0,0,0,0,-0.7071068,0
31.26523,33,5,1,0.2155441,0.7957987,-0.7626923,-0.1435797,-0.9815843,-0.04162682,0.4590667,0.6455687,0.2430175,-0.07788984,0.642747,0.09242185,0.03772941,1.142361,-0.01865285,-0.0980707,-0.9620095,0.143811,0.2377294,0.6836992,-0.9045158,0,0,0,0,-0.7071068,0,0,0,0,0,-0.7071068,0,0,0,0,0,-0.7071068,0,0,0,0,0,-0.7071068,0,0,0,0,0,-0.7071068,0
31.27664,33,5,1,0.2153224,0.8030193,-0.7636043,-0.1418181,-0.9818265,-0.04579689,0.4590642,0.6455712,0.2430587,-0.0777377,0.6427295,0.09262227,0.03710753,1.143095,-0.01757703,-0.09711999,-0.9624398,0.1412682,0.2371075,0.6901009,-0.9054077,0,0,0,0,-0.7071068,0,0,0,0,0,-0.7071068,0,0,0,0,0,-0.7071068,0,0,0,0,0,-0.7071068,0,0,0,0,0,-0.7071068,0
31.29864,33,5,1,0.2149011,0.8172625,-0.7651297,-0.1398063,-0.9819821,-0.05431645,0.4590092,0.6456358,0.2432682,-0.07718924,0.6426455,0.0931744,0.03599056,1.144601,-0.01551408,-0.0956475,-0.9631883,0.1360133,0.2359906,0.7030454,-0.9071682,0,0,0,0,-0.7071068,0,0,0,0,0,-0.7071068,0,0,0,0,0,-0.7071068,0,0,0,0,0,-0.7071068,0,0,0,0,0,-0.7071068,0
31.30995,33,5,1,0.2147019,0.8242353,-0.7657243,-0.1386,-0.9820755,-0.0585865,0.459003,0.6456285,0.2433535,-0.07698376,0.6425373,0.09351967,0.03543956,1.14536,-0.01444837,-0.09490155,-0.9634866,0.1334527,0.2354396,0.709637,-0.9079769,0,0,0,0,-0.7071068,0,0,0,0,0,-0.7071068,0,0,0,0,0,-0.7071068,0,0,0,0,0,-0.7071068,0,0,0,0,0,-0.7071068,0
31.33241,33,5,1,0.214328,0.8379428,-0.7667855,-0.1349267,-0.9823606,-0.06595133,0.4590094,0.6456335,0.2435287,-0.07654082,0.6423609,0.09409944,0.03437351,1.146786,-0.01218862,-0.09300252,-0.9641277,0.1282723,0.2343735,0.7225325,-0.9092563,0,0,0,0,-0.7071068,0,0,0,0,0,-0.7071068,0,0,0,0,0,-0.7071068,0,0,0,0,0,-0.7071068,0,0,0,0,0,-0.7071068,0
31.354,33,5,1,0.2138012,0.8510669,-0.7677108,-0.12889,-0.9829413,-0.07197508,0.4589798,0.6457161,0.24376,-0.07604459,0.6421751,0.09485927,0.03338711,1.14813,-0.009766906,-0.09089001,-0.9648331,0.1230641,0.2333871,0.735752,-0.9102972,0,0,0,0,-0.7071068,0,0,0,0,0,-0.7071068,0,0,0,0,0,-0.7071068,0,0,0,0,0,-0.7071068,0,0,0,0,0,-0.7071068,0
31.36515,33,5,1,0.2135691,0.8574761,-0.7680994,-0.1275618,-0.9829602,-0.07509631,0.4590357,0.6457061,0.2438184,-0.07560392,0.6420283,0.09517328,0.03289188,1.14883,-0.008707028,-0.09003858,-0.9651785,0.1203716,0.2328919,0.7419986,-0.9107845,0,0,0,0,-0.7071068,0,0,0,0,0,-0.7071068,0,0,0,0,0,-0.7071068,0,0,0,0,0,-0.7071068,0,0,0,0,0,-0.7071068,0
31.3771,34,5,1,0.2133779,0.8636938,-0.7684773,-0.1269003,-0.9828639,-0.07805631,0.4590215,0.6457139,0.2439215,-0.07527484,0.6418977,0.09566242,0.03240015,1.149528,-0.007605731,-0.0893119,-0.965506,0.1175767,0.2324001,0.7485535,-0.9112697,0,0,0,0,-0.7071068,0,0,0,0,0,-0.7071068,0,0,0,0,0,-0.7071068,0,0,0,0,0,-0.7071068,0,0,0,0,0,-0.7071068,0
31.39847,34,5,1,0.2124706,0.8761938,-0.7690471,-0.1243237,-0.9828278,-0.0848674,0.4589498,0.6456612,0.2440917,-0.07460447,0.6416289,0.09673592,0.03143519,1.150848,-0.005488731,-0.08826705,-0.9661136,0.1120884,0.2314352,0.7616236,-0.9121882,0,0,0,0,-0.7071068,0,0,0,0,0,-0.7071068,0,0,0,0,0,-0.7071068,0,0,0,0,0,-0.7071068,0,0,0,0,0,-0.7071068,0
31.40997,34,5,1,0.2119445,0.8823109,-0.769225,-0.1216464,-0.9829545,-0.0884985,0.4589199,0.6456416,0.244195,-0.0743056,0.6415264,0.09712721,0.03094488,1.151503,-0.00439644,-0.08779971,-0.9663963,0.109373,0.2309449,0.7681001,-0.912528,0,0,0,0,-0.7071068,0,0,0,0,0,-0.7071068,0,0,0,0,0,-0.7071068,0,0,0,0,0,-0.7071068,0,0,0,0,0,-0.7071068,0
31.42117,34,5,1,0.21147,0.8884671,-0.7695314,-0.1197395,-0.9829472,-0.092078,0.458888,0.645636,0.2442318,-0.07405245,0.6413785,0.09747532,0.03053417,1.152153,-0.003212359,-0.08737132,-0.9666506,0.1067352,0.2305342,0.7748401,-0.9127911,0,0,0,0,-0.7071068,0,0,0,0,0,-0.7071068,0,0,0,0,0,-0.7071068,0,0,0,0,0,-0.7071068,0,0,0,0,0,-0.7071068,0
31.44339,34,5,1,0.2106386,0.8998977,-0.7697185,-0.1180556,-0.9826888,-0.09750932,0.4588639,0.6456773,0.2442691,-0.07357108,0.6411918,0.09824861,0.02956274,1.153346,-0.0008381605,-0.08652349,-0.9672615,0.1010484,0.2295627,0.7877071,-0.913048,0,0,0,0,-0.7071068,0,0,0,0,0,-0.7071068,0,0,0,0,0,-0.7071068,0,0,0,0,0,-0.7071068,0,0,0,0,0,-0.7071068,0
31.46515,34,5,1,0.2092899,0.9108574,-0.7698911,-0.1152961,-0.9826888,-0.1027847,0.4588338,0.6457503,0.2443375,-0.07330212,0.6410357,0.09893049,0.02862737,1.154483,0.001612114,-0.08574153,-0.9678391,0.0952136,0.2286274,0.8006662,-0.913071,0,0,0,0,-0.7071068,0,0,0,0,0,-0.7071068,0,0,0,0,0,-0.7071068,0,0,0,0,0,-0.7071068,0,0,0,0,0,-0.7071068,0
31.47696,34,5,1,0.2085913,0.916159,-0.7700814,-0.1136961,-0.9827123,-0.1051033,0.4588001,0.6457993,0.2443376,-0.07331369,0.6409622,0.09920066,0.02826913,1.155094,0.002753321,-0.08521678,-0.9681444,0.09237949,0.2282691,0.8071512,-0.913088,0,0,0,0,-0.7071068,0,0,0,0,0,-0.7071068,0,0,0,0,0,-0.7071068,0,0,0,0,0,-0.7071068,0,0,0,0,0,-0.7071068,0
31.49851,34,5,1,0.2072358,0.9268364,-0.7703701,-0.1118192,-0.9825019,-0.1105743,0.4587374,0.6459186,0.2444814,-0.07301071,0.640717,0.09983786,0.02742877,1.156284,0.005038196,-0.08428048,-0.9686569,0.08695755,0.2274288,0.8202363,-0.9130054,0,0,0,0,-0.7071068,0,0,0,0,0,-0.7071068,0,0,0,0,0,-0.7071068,0,0,0,0,0,-0.7071068,0,0,0,0,0,-0.7071068,0
31.51003,34,5,1,0.2064309,0.9319034,-0.7704889,-0.1122132,-0.9822248,-0.113556,0.4587468,0.6459846,0.2445379,-0.07274999,0.640536,0.1001661,0.02702536,1.156898,0.006194774,-0.08405121,-0.9688802,0.08441051,0.2270254,0.8268223,-0.9128827,0,0,0,0,-0.7071068,0,0,0,0,0,-0.7071068,0,0,0,0,0,-0.7071068,0,0,0,0,0,-0.7071068,0,0,0,0,0,-0.7071068,0
31.53181,34,5,1,0.2049778,0.9422339,-0.770557,-0.1126544,-0.9816058,-0.1199867,0.4587423,0.646077,0.2447226,-0.07231916,0.6401748,0.1011096,0.02641878,1.158334,0.008167326,-0.08337142,-0.9692114,0.07902957,0.2264188,0.8402697,-0.9128456,0,0,0,0,-0.7071068,0,0,0,0,0,-0.7071068,0,0,0,0,0,-0.7071068,0,0,0,0,0,-0.7071068,0,0,0,0,0,-0.7071068,0
31.54338,34,5,1,0.2040737,0.9473656,-0.7703048,-0.1115605,-0.9814535,-0.1230675,0.4586883,0.6459544,0.2448051,-0.07201582,0.64004,0.1015442,0.02599934,1.159015,0.009314723,-0.08325547,-0.9693589,0.07618015,0.2259994,0.84684,-0.912577,0,0,0,0,-0.7071068,0,0,0,0,0,-0.7071068,0,0,0,0,0,-0.7071068,0,0,0,0,0,-0.7071068,0,0,0,0,0,-0.7071068,0
31.56515,34,5,1,0.202244,0.9569274,-0.7703296,-0.1085816,-0.9813914,-0.1273836,0.4586622,0.6459851,0.2449648,-0.07153323,0.6397897,0.1023066,0.02527272,1.1603,0.01157956,-0.08262186,-0.9696811,0.07027365,0.2252727,0.8601143,-0.9119596,0,0,0,0,-0.7071068,0,0,0,0,0,-0.7071068,0,0,0,0,0,-0.7071068,0,0,0,0,0,-0.7071068,0,0,0,0,0,-0.7071068,0
31.57696,34,5,1,0.201247,0.9615307,-0.7703978,-0.1076349,-0.981358,-0.1292027,0.4586767,0.6459756,0.2450118,-0.07118984,0.6397088,0.1025987,0.02473298,1.160805,0.0129189,-0.08225181,-0.9698421,0.06731301,0.224733,0.8666199,-0.9113738,0,0,0,0,-0.7071068,0,0,0,0,0,-0.7071068,0,0,0,0,0,-0.7071068,0,0,0,0,0,-0.7071068,0,0,0,0,0,-0.7071068,0
31.59845,34,5,1,0.1992323,0.9707861,-0.7704879,-0.1072422,-0.9811044,-0.1333632,0.4586586,0.6459817,0.2451991,-0.0707411,0.6397195,0.1028217,0.02386788,1.161967,0.01522724,-0.08165351,-0.9701645,0.06175256,0.2238679,0.8798118,-0.9104341,0,0,0,0,-0.7071068,0,0,0,0,0,-0.7071068,0,0,0,0,0,-0.7071068,0,0,0,0,0,-0.7071068,0,0,0,0,0,-0.7071068,0
31.60976,34,5,1,0.1981334,0.9753523,-0.7704669,-0.1061587,-0.9810547,-0.1354681,0.4586884,0.645952,0.2452085,-0.07047058,0.6397525,0.1029202,0.02345888,1.16259,0.01633077,-0.08147562,-0.9703107,0.05894673,0.2234589,0.8864204,-0.9099412,0,0,0,0,-0.7071068,0,0,0,0,0,-0.7071068,0,0,0,0,0,-0.7071068,0,0,0,0,0,-0.7071068,0,0,0,0,0,-0.7071068,0
31.62099,34,5,1,0.197032,0.9799045,-0.7703677,-0.1050843,-0.9809701,-0.1375742,0.4586951,0.6459657,0.2452959,-0.07030485,0.639737,0.1031134,0.02304274,1.163115,0.0175262,-0.08114392,-0.9704409,0.05600341,0.2230427,0.8930734,-0.9093227,0,0,0,0,-0.7071068,0,0,0,0,0,-0.7071068,0,0,0,0,0,-0.7071068,0,0,0,0,0,-0.7071068,0,0,0,0,0,-0.7071068,0
31.64374,34,5,1,0.1950511,0.9890969,-0.7700993,-0.1045108,-0.9805443,-0.1422359,0.458743,0.6459194,0.2452995,-0.06991711,0.6399311,0.1032385,0.02215595,1.164313,0.01976113,-0.08028042,-0.970705,0.05053673,0.2221559,0.9062189,-0.9080724,0,0,0,0,-0.7071068,0,0,0,0,0,-0.7071068,0,0,0,0,0,-0.7071068,0,0,0,0,0,-0.7071068,0,0,0,0,0,-0.7071068,0
31.66529,34,5,1,0.1930071,0.9983429,-0.769524,-0.1023038,-0.9801997,-0.1478588,0.4587438,0.6459099,0.2453375,-0.06972983,0.6400604,0.1034438,0.02118524,1.165404,0.02204805,-0.07965853,-0.9708853,0.04547004,0.2211852,0.9193988,-0.906594,0,0,0,0,-0.7071068,0,0,0,0,0,-0.7071068,0,0,0,0,0,-0.7071068,0,0,0,0,0,-0.7071068,0,0,0,0,0,-0.7071068,0
31.67678,34,5,1,0.1921635,1.002824,-0.7692097,-0.100727,-0.9800327,-0.1504835,0.4587698,0.6459104,0.2452908,-0.06962214,0.6401832,0.1035032,0.02072049,1.165914,0.02324335,-0.07933448,-0.9709566,0.04301462,0.2207205,0.9260163,-0.9057356,0,0,0,0,-0.7071068,0,0,0,0,0,-0.7071068,0,0,0,0,0,-0.7071068,0,0,0,0,0,-0.7071068,0,0,0,0,0,-0.7071068,0
31.69844,34,5,1,0.1911356,1.011294,-0.7683328,-0.1013888,-0.9791288,-0.155585,0.4588329,0.6458186,0.2452415,-0.06920531,0.6404184,0.1039158,0.01981629,1.166834,0.02544318,-0.07936127,-0.9709533,0.03792412,0.2198163,0.9389727,-0.9040591,0,0,0,0,-0.7071068,0,0,0,0,0,-0.7071068,0,0,0,0,0,-0.7071068,0,0,0,0,0,-0.7071068,0,0,0,0,0,-0.7071068,0
31.7099,34,5,1,0.1907105,1.015476,-0.7678658,-0.1022018,-0.9786525,-0.1577976,0.4588142,0.6458993,0.2452563,-0.06907494,0.6405618,0.1041667,0.01933407,1.167253,0.02649345,-0.07939135,-0.9709005,0.03530239,0.2193341,0.9453846,-0.9031999,0,0,0,0,-0.7071068,0,0,0,0,0,-0.7071068,0,0,0,0,0,-0.7071068,0,0,0,0,0,-0.7071068,0,0,0,0,0,-0.7071068,0
31.73186,34,5,1,0.1894592,1.024107,-0.7668966,-0.09937245,-0.978377,-0.161492,0.4588881,0.6458329,0.2452327,-0.06891173,0.640659,0.1043769,0.01846679,1.168107,0.02860672,-0.07880393,-0.9708346,0.03054887,0.2184668,0.9584554,-0.9013336,0,0,0,0,-0.7071068,0,0,0,0,0,-0.7071068,0,0,0,0,0,-0.7071068,0,0,0,0,0,-0.7071068,0,0,0,0,0,-0.7071068,0
31.74361,34,5,1,0.1888142,1.028687,-0.7665256,-0.09766976,-0.9783354,-0.1630056,0.4589179,0.645825,0.245165,-0.06881937,0.6407183,0.1044756,0.01799977,1.168571,0.0297051,-0.07815188,-0.9708583,0.02834949,0.2179998,0.9648846,-0.9002862,0,0,0,0,-0.7071068,0,0,0,0,0,-0.7071068,0,0,0,0,0,-0.7071068,0,0,0,0,0,-0.7071068,0,0,0,0,0,-0.7071068,0
31.76503,34,5,1,0.1873244,1.037359,-0.7653424,-0.09762105,-0.9777074,-0.1670722,0.4588684,0.645943,0.2450847,-0.06885145,0.6406609,0.1046516,0.01698559,1.169513,0.03172109,-0.07710324,-0.970867,0.02334439,0.2169856,0.9779334,-0.8982334,0,0,0,0,-0.7071068,0,0,0,0,0,-0.7071068,0,0,0,0,0,-0.7071068,0,0,0,0,0,-0.7071068,0,0,0,0,0,-0.7071068,0
31.77661,34,5,1,0.1866149,1.042127,-0.7648374,-0.09830953,-0.9772841,-0.1696288,0.4588814,0.645988,0.2449814,-0.06903632,0.6407555,0.1045313,0.01651686,1.169997,0.03267528,-0.07670231,-0.9708751,0.02081469,0.2165169,0.9843677,-0.8971923,0,0,0,0,-0.7071068,0,0,0,0,0,-0.7071068,0,0,0,0,0,-0.7071068,0,0,0,0,0,-0.7071068,0,0,0,0,0,-0.7071068,0
31.79845,34,5,1,0.185311,1.052098,-0.7637399,-0.1000324,-0.9763507,-0.1750679,0.4588487,0.6460333,0.2449253,-0.06970419,0.6408579,0.104189,0.01548965,1.170907,0.03458181,-0.07580471,-0.970825,0.0159909,0.2154897,0.9974037,-0.894968,0,0,0,0,-0.7071068,0,0,0,0,0,-0.7071068,0,0,0,0,0,-0.7071068,0,0,0,0,0,-0.7071068,0,0,0,0,0,-0.7071068,0
31.80983,34,5,1,0.1847723,1.057362,-0.7630807,-0.1004676,-0.9758608,-0.1780193,0.4589403,0.6460147,0.2448107,-0.07001812,0.6409214,0.1040019,0.01495975,1.171437,0.0354708,-0.07578808,-0.9707679,0.01399692,0.2149598,1.00399,-0.8938496,0,0,0,0,-0.7071068,0,0,0,0,0,-0.7071068,0,0,0,0,0,-0.7071068,0,0,0,0,0,-0.7071068,0,0,0,0,0,-0.7071068,0
31.83178,35,5,1,0.1835545,1.068282,-0.761597,-0.09559675,-0.9755203,-0.1833904,0.4589303,0.6460506,0.2447205,-0.07037715,0.6410552,0.1036435,0.01388176,1.172443,0.03703459,-0.07482807,-0.9706969,0.00915857,0.2138818,1.017086,-0.8916868,0,0,0,0,-0.7071068,0,0,0,0,0,-0.7071068,0,0,0,0,0,-0.7071068,0,0,0,0,0,-0.7071068,0,0,0,0,0,-0.7071068,0
31.84324,35,5,1,0.1830176,1.073763,-0.7607318,-0.09209265,-0.9753712,-0.1862121,0.4589835,0.6460173,0.2446772,-0.07013636,0.6411011,0.1036006,0.01331788,1.172976,0.03781193,-0.07459649,-0.9706266,0.006735712,0.2133179,1.023642,-0.8905408,0,0,0,0,-0.7071068,0,0,0,0,0,-0.7071068,0,0,0,0,0,-0.7071068,0,0,0,0,0,-0.7071068,0,0,0,0,0,-0.7071068,0
31.86512,35,5,1,0.182502,1.085324,-0.7588998,-0.08726867,-0.9744848,-0.1927463,0.4590286,0.6459836,0.244647,-0.06959924,0.641165,0.1036794,0.01219966,1.173901,0.0393742,-0.07348537,-0.9705438,0.00189269,0.2121997,1.036643,-0.8880982,0,0,0,0,-0.7071068,0,0,0,0,0,-0.7071068,0,0,0,0,0,-0.7071068,0,0,0,0,0,-0.7071068,0,0,0,0,0,-0.7071068,0
31.87698,35,5,1,0.182448,1.091285,-0.7578176,-0.08806181,-0.9736272,-0.1966031,0.4590855,0.6459492,0.2446767,-0.06929118,0.6411247,0.1038541,0.01156279,1.174385,0.04008219,-0.07279418,-0.9705573,-0.0004293397,0.2115628,1.043141,-0.8868815,0,0,0,0,-0.7071068,0,0,0,0,0,-0.7071068,0,0,0,0,0,-0.7071068,0,0,0,0,0,-0.7071068,0,0,0,0,0,-0.7071068,0
31.89843,35,5,1,0.1817382,1.103377,-0.755427,-0.08811703,-0.9720122,-0.2047893,0.4590752,0.6458145,0.2449848,-0.06888189,0.6408712,0.1038328,0.01030096,1.175311,0.04149623,-0.07123241,-0.9706256,-0.005040012,0.210301,1.056068,-0.884312,0,0,0,0,-0.7071068,0,0,0,0,0,-0.7071068,0,0,0,0,0,-0.7071068,0,0,0,0,0,-0.7071068,0,0,0,0,0,-0.7071068,0
31.90979,35,5,1,0.1813992,1.109557,-0.7542809,-0.08643513,-0.9713522,-0.2086889,0.4591079,0.6457949,0.2450026,-0.06871702,0.640806,0.1038512,0.009613923,1.175759,0.04215871,-0.07038355,-0.9706697,-0.007320326,0.2096139,1.062555,-0.882997,0,0,0,0,-0.7071068,0,0,0,0,0,-0.7071068,0,0,0,0,0,-0.7071068,0,0,0,0,0,-0.7071068,0,0,0,0,0,-0.7071068,0
31.93172,35,5,1,0.180583,1.122074,-0.7516757,-0.08224079,-0.9699891,-0.2167051,0.4592009,0.6458062,0.2450179,-0.06879372,0.6407567,0.1038277,0.008279544,1.176652,0.0434133,-0.06886569,-0.9707484,-0.01150867,0.2082796,1.075402,-0.8803104,0,0,0,0,-0.7071068,0,0,0,0,0,-0.7071068,0,0,0,0,0,-0.7071068,0,0,0,0,0,-0.7071068,0,0,0,0,0,-0.7071068,0
31.9431,35,5,1,0.1800972,1.12752,-0.7500066,-0.08178899,-0.9691155,-0.2208111,0.459207,0.6458296,0.2450448,-0.06886468,0.6407271,0.1037302,0.007562009,1.177063,0.04405157,-0.06822072,-0.9707576,-0.01359418,0.207562,1.081841,-0.878879,0,0,0,0,-0.7071068,0,0,0,0,0,-0.7071068,0,0,0,0,0,-0.7071068,0,0,0,0,0,-0.7071068,0,0,0,0,0,-0.7071068,0
31.96528,35,5,1,0.1792758,1.139649,-0.7470561,-0.07915311,-0.9677622,-0.2280645,0.4592195,0.6458818,0.24491,-0.06919325,0.6407456,0.1035846,0.006130329,1.177856,0.04525867,-0.06680305,-0.9707883,-0.01765886,0.2061303,1.094609,-0.8759539,0,0,0,0,-0.7071068,0,0,0,0,0,-0.7071068,0,0,0,0,0,-0.7071068,0,0,0,0,0,-0.7071068,0,0,0,0,0,-0.7071068,0
31.97644,35,5,1,0.1788176,1.145687,-0.7455435,-0.07626895,-0.9672051,-0.2314698,0.4592233,0.6459079,0.2448431,-0.06926963,0.6407772,0.1035403,0.00546263,1.178274,0.04587333,-0.06630377,-0.9707962,-0.0196621,0.2054626,1.10112,-0.8743922,0,0,0,0,-0.7071068,0,0,0,0,0,-0.7071068,0,0,0,0,0,-0.7071068,0,0,0,0,0,-0.7071068,0,0,0,0,0,-0.7071068,0
31.99828,35,5,1,0.1781369,1.157686,-0.7422476,-0.07216065,-0.9657387,-0.2386435,0.4592836,0.6459638,0.2447492,-0.0693435,0.6407169,0.1035598,0.004102735,1.178999,0.04705665,-0.06554236,-0.970722,-0.02369483,0.2041027,1.113623,-0.8712378,0,0,0,0,-0.7071068,0,0,0,0,0,-0.7071068,0,0,0,0,0,-0.7071068,0,0,0,0,0,-0.7071068,0,0,0,0,0,-0.7071068,0
32.01,35,5,1,0.1779426,1.163485,-0.7405499,-0.07152784,-0.9648464,-0.2423103,0.4591183,0.6459593,0.2447906,-0.06937557,0.6405279,0.1036563,0.003441295,1.179344,0.04764099,-0.06528537,-0.9706467,-0.02572703,0.2034413,1.119892,-0.8695918,0,0,0,0,-0.7071068,0,0,0,0,0,-0.7071068,0,0,0,0,0,-0.7071068,0,0,0,0,0,-0.7071068,0,0,0,0,0,-0.7071068,0
32.03164,35,5,1,0.1773802,1.17505,-0.7371116,-0.06995498,-0.9631178,-0.2495655,0.459163,0.6459996,0.2448114,-0.06928682,0.6402982,0.1038247,0.002089481,1.180013,0.04881211,-0.06457692,-0.9704732,-0.02961137,0.2020895,1.132522,-0.866133,0,0,0,0,-0.7071068,0,0,0,0,0,-0.7071068,0,0,0,0,0,-0.7071068,0,0,0,0,0,-0.7071068,0,0,0,0,0,-0.7071068,0
32.04445,35,5,1,0.1770266,1.180857,-0.7352491,-0.06903832,-0.9622691,-0.253101,0.4591652,0.646049,0.2447906,-0.06928917,0.6401752,0.1038982,0.001469214,1.180345,0.04944238,-0.06415007,-0.9703972,-0.03154791,0.2014692,1.138714,-0.8643109,0,0,0,0,-0.7071068,0,0,0,0,0,-0.7071068,0,0,0,0,0,-0.7071068,0,0,0,0,0,-0.7071068,0,0,0,0,0,-0.7071068,0
32.06491,35,5,1,0.1761364,1.192121,-0.7315775,-0.06719207,-0.9605533,-0.2604255,0.4591277,0.6460332,0.2446811,-0.06956585,0.6400161,0.1037913,0.0001475141,1.181061,0.05061525,-0.06319495,-0.9703223,-0.0353992,0.2001475,1.151252,-0.8605909,0,0,0,0,-0.7071068,0,0,0,0,0,-0.7071068,0,0,0,0,0,-0.7071068,0,0,0,0,0,-0.7071068,0,0,0,0,0,-0.7071068,0
32.07664,35,5,1,0.1755772,1.197667,-0.7297142,-0.06543063,-0.9596814,-0.2642638,0.4591589,0.6460526,0.2445721,-0.06961628,0.6400299,0.1036461,-0.0004887041,1.181401,0.05128314,-0.06273089,-0.9702637,-0.03748838,0.1995113,1.157456,-0.8585884,0,0,0,0,-0.7071068,0,0,0,0,0,-0.7071068,0,0,0,0,0,-0.7071068,0,0,0,0,0,-0.7071068,0,0,0,0,0,-0.7071068,0
32.09831,35,5,1,0.174894,1.208927,-0.725832,-0.06308679,-0.957752,-0.2717455,0.4591914,0.6461226,0.2445301,-0.06987105,0.6400927,0.103581,-0.001822252,1.182129,0.05244613,-0.0618408,-0.97013,-0.04170918,0.1981778,1.170026,-0.8545842,0,0,0,0,-0.7071068,0,0,0,0,0,-0.7071068,0,0,0,0,0,-0.7071068,0,0,0,0,0,-0.7071068,0,0,0,0,0,-0.7071068,0
32.10991,35,5,1,0.17472,1.21419,-0.7238296,-0.06234846,-0.9567885,-0.2753293,0.4592341,0.6461573,0.2444263,-0.07008967,0.6400684,0.1035173,-0.002519535,1.182549,0.05304909,-0.06132786,-0.9700418,-0.04392549,0.1974805,1.176263,-0.8525136,0,0,0,0,-0.7071068,0,0,0,0,0,-0.7071068,0,0,0,0,0,-0.7071068,0,0,0,0,0,-0.7071068,0,0,0,0,0,-0.7071068,0
32.13168,35,5,1,0.1739393,1.224547,-0.7198597,-0.05973729,-0.9549009,-0.282424,0.4593644,0.6461239,0.2443219,-0.07009169,0.6400269,0.1033674,-0.0039401,1.183439,0.05444046,-0.05985481,-0.9699016,-0.048153,0.1960599,1.189018,-0.8479806,0,0,0,0,-0.7071068,0,0,0,0,0,-0.7071068,0,0,0,0,0,-0.7071068,0,0,0,0,0,-0.7071068,0,0,0,0,0,-0.7071068,0
32.14304,35,5,1,0.1735253,1.229645,-0.7178982,-0.05929516,-0.9539041,-0.2858446,0.4593352,0.6460454,0.2442883,-0.06998234,0.640095,0.1032496,-0.004605493,1.18385,0.05509923,-0.05906839,-0.9698395,-0.05015521,0.1953945,1.195104,-0.8457482,0,0,0,0,-0.7071068,0,0,0,0,0,-0.7071068,0,0,0,0,0,-0.7071068,0,0,0,0,0,-0.7071068,0,0,0,0,0,-0.7071068,0
32.16526,35,5,1,0.1733108,1.239512,-0.7138959,-0.06475781,-0.9514431,-0.2927721,0.4594342,0.6460037,0.2441565,-0.06979378,0.640104,0.1033735,-0.005886954,1.184768,0.05641093,-0.05788078,-0.9696208,-0.05464008,0.194113,1.207591,-0.841085,0,0,0,0,-0.7071068,0,0,0,0,0,-0.7071068,0,0,0,0,0,-0.7071068,0,0,0,0,0,-0.7071068,0,0,0,0,0,-0.7071068,0
32.17665,35,5,1,0.1733919,1.244506,-0.7117999,-0.0714923,-0.949784,-0.2968035,0.4594931,0.6459808,0.2440532,-0.06974106,0.6401825,0.1032946,-0.006473213,1.185253,0.05718203,-0.05753694,-0.9694394,-0.05724989,0.1935268,1.214039,-0.8385103,0,0,0,0,-0.7071068,0,0,0,0,0,-0.7071068,0,0,0,0,0,-0.7071068,0,0,0,0,0,-0.7071068,0,0,0,0,0,-0.7071068,0
32.19835,35,5,1,0.1727961,1.255028,-0.7071078,-0.07462814,-0.9467113,-0.3063605,0.4595084,0.6459696,0.2440232,-0.07011771,0.6402754,0.1027372,-0.007679441,1.186245,0.05847817,-0.05755378,-0.9688906,-0.06256435,0.1923206,1.2264,-0.8336306,0,0,0,0,-0.7071068,0,0,0,0,0,-0.7071068,0,0,0,0,0,-0.7071068,0,0,0,0,0,-0.7071068,0,0,0,0,0,-0.7071068,0
32.21026,35,5,1,0.1722258,1.260542,-0.7046776,-0.06909549,-0.9456441,-0.3110549,0.4595821,0.6459939,0.2438875,-0.07042749,0.6404145,0.1024732,-0.008258917,1.186674,0.05914653,-0.05769648,-0.9685757,-0.06504461,0.1917411,1.232615,-0.8310651,0,0,0,0,-0.7071068,0,0,0,0,0,-0.7071068,0,0,0,0,0,-0.7071068,0,0,0,0,0,-0.7071068,0,0,0,0,0,-0.7071068,0
32.23151,35,5,1,0.1712092,1.270789,-0.7002018,-0.05846035,-0.9443151,-0.3169872,0.4597473,0.6459361,0.2436102,-0.07045331,0.6409831,0.1018593,-0.00931163,1.187452,0.06046317,-0.05760441,-0.967996,-0.06961598,0.1906884,1.24477,-0.8258706,0,0,0,0,-0.7071068,0,0,0,0,0,-0.7071068,0,0,0,0,0,-0.7071068,0,0,0,0,0,-0.7071068,0,0,0,0,0,-0.7071068,0
32.24312,35,5,1,0.1709821,1.275606,-0.6979833,-0.05791909,-0.9437467,-0.3186393,0.4598296,0.6458501,0.2435233,-0.07048087,0.6412009,0.1016903,-0.009915052,1.187856,0.06115207,-0.0577094,-0.9676632,-0.07196332,0.1900849,1.250855,-0.8231717,0,0,0,0,-0.7071068,0,0,0,0,0,-0.7071068,0,0,0,0,0,-0.7071068,0,0,0,0,0,-0.7071068,0,0,0,0,0,-0.7071068,0
32.26483,35,5,1,0.1705504,1.285124,-0.6935835,-0.05927524,-0.9422721,-0.3227226,0.4599883,0.6457033,0.2432892,-0.07041799,0.6415452,0.1010934,-0.01109219,1.188585,0.06235014,-0.05768012,-0.9670778,-0.07669235,0.1889078,1.263018,-0.8177775,0,0,0,0,-0.7071068,0,0,0,0,0,-0.7071068,0,0,0,0,0,-0.7071068,0,0,0,0,0,-0.7071068,0,0,0,0,0,-0.7071068,0
32.27684,35,5,1,0.1700788,1.29008,-0.6911402,-0.05847695,-0.9411905,-0.3261208,0.4600672,0.6456485,0.2432496,-0.07044783,0.6416585,0.1009126,-0.01178342,1.188886,0.06302517,-0.05748311,-0.9667803,-0.0788285,0.1882166,1.268887,-0.8149855,0,0,0,0,-0.7071068,0,0,0,0,0,-0.7071068,0,0,0,0,0,-0.7071068,0,0,0,0,0,-0.7071068,0,0,0,0,0,-0.7071068,0
32.29813,35,5,1,0.1685881,1.299872,-0.6858671,-0.0519584,-0.9385915,-0.3348076,0.460146,0.6456001,0.2433021,-0.07015743,0.641835,0.1007448,-0.01303643,1.189292,0.06430487,-0.0571961,-0.9664192,-0.08221552,0.1869636,1.280584,-0.8092617,0,0,0,0,-0.7071068,0,0,0,0,0,-0.7071068,0,0,0,0,0,-0.7071068,0,0,0,0,0,-0.7071068,0,0,0,0,0,-0.7071068,0
32.30973,36,5,1,0.1678758,1.304587,-0.6835523,-0.04795936,-0.9372743,-0.3388906,0.4601708,0.6455915,0.2433101,-0.06988053,0.641868,0.1009919,-0.01370132,1.189425,0.06495331,-0.05681638,-0.9663357,-0.08368202,0.1862987,1.286267,-0.8063545,0,0,0,0,-0.7071068,0,0,0,0,0,-0.7071068,0,0,0,0,0,-0.7071068,0,0,0,0,0,-0.7071068,0,0,0,0,0,-0.7071068,0
32.33185,36,5,1,0.1669198,1.31322,-0.6792796,-0.04640684,-0.9348121,-0.34492,0.460047,0.6457698,0.2434874,-0.069426,0.6417832,0.10154,-0.01505255,1.189712,0.06627566,-0.0561297,-0.966227,-0.08687324,0.1849475,1.297753,-0.800321,0,0,0,0,-0.7071068,0,0,0,0,0,-0.7071068,0,0,0,0,0,-0.7071068,0,0,0,0,0,-0.7071068,0,0,0,0,0,-0.7071068,0
32.34299,36,5,1,0.1666942,1.317149,-0.6775461,-0.05109978,-0.9333549,-0.347666,0.4599011,0.6456269,0.2437448,-0.0692669,0.6415942,0.1017958,-0.01575119,1.189883,0.06695689,-0.05579016,-0.9661286,-0.08868872,0.1842488,1.303609,-0.7971691,0,0,0,0,-0.7071068,0,0,0,0,0,-0.7071068,0,0,0,0,0,-0.7071068,0,0,0,0,0,-0.7071068,0,0,0,0,0,-0.7071068,0
32.36483,36,5,1,0.1651445,1.325034,-0.6743091,-0.05987313,-0.9303526,-0.3539002,0.459762,0.6456488,0.2439416,-0.06922738,0.6411551,0.1022681,-0.0170391,1.190385,0.06827796,-0.05471908,-0.9659635,-0.09240443,0.1829609,1.315158,-0.7908922,0,0,0,0,-0.7071068,0,0,0,0,0,-0.7071068,0,0,0,0,0,-0.7071068,0,0,0,0,0,-0.7071068,0,0,0,0,0,-0.7071068,0
32.37685,36,5,1,0.1632769,1.328832,-0.6731458,-0.06396271,-0.9291199,-0.3566343,0.4597293,0.6456832,0.2440496,-0.06911985,0.6409596,0.1024104,-0.01765119,1.190696,0.06906434,-0.05391561,-0.9659133,-0.09427465,0.1823488,1.320774,-0.7876523,0,0,0,0,-0.7071068,0,0,0,0,0,-0.7071068,0,0,0,0,0,-0.7071068,0,0,0,0,0,-0.7071068,0,0,0,0,0,-0.7071068,0
32.3981,36,5,1,0.1590179,1.336603,-0.6696773,-0.07047167,-0.9271797,-0.3615282,0.4596037,0.6457752,0.2442461,-0.06893519,0.6406117,0.1030061,-0.01860605,1.191523,0.07022414,-0.05263761,-0.9657063,-0.09873806,0.181394,1.332545,-0.7812768,0,0,0,0,-0.7071068,0,0,0,0,0,-0.7071068,0,0,0,0,0,-0.7071068,0,0,0,0,0,-0.7071068,0,0,0,0,0,-0.7071068,0
32.40973,36,5,1,0.156749,1.341005,-0.6685415,-0.07286949,-0.9266518,-0.3633361,0.4595688,0.6458056,0.2443138,-0.06894556,0.6404412,0.1032219,-0.01912616,1.191927,0.07080961,-0.05220193,-0.9655331,-0.1012797,0.1808738,1.338321,-0.7780545,0,0,0,0,-0.7071068,0,0,0,0,0,-0.7071068,0,0,0,0,0,-0.7071068,0,0,0,0,0,-0.7071068,0,0,0,0,0,-0.7071068,0
32.43157,36,5,1,0.1510956,1.349477,-0.6661685,-0.06973881,-0.9262041,-0.3663621,0.4594883,0.6459923,0.2443807,-0.06946281,0.6400526,0.1032011,-0.02016833,1.192626,0.0719529,-0.05187387,-0.9651135,-0.1063336,0.1798317,1.349888,-0.7714182,0,0,0,0,-0.7071068,0,0,0,0,0,-0.7071068,0,0,0,0,0,-0.7071068,0,0,0,0,0,-0.7071068,0,0,0,0,0,-0.7071068,0
32.44295,36,5,1,0.1485689,1.353704,-0.6648286,-0.06754802,-0.9259627,-0.3677191,0.4594515,0.6459593,0.2445577,-0.06956736,0.6398339,0.1033264,-0.02073099,1.192978,0.07247917,-0.05178225,-0.9649304,-0.1083977,0.179269,1.355599,-0.7681049,0,0,0,0,-0.7071068,0,0,0,0,0,-0.7071068,0,0,0,0,0,-0.7071068,0,0,0,0,0,-0.7071068,0,0,0,0,0,-0.7071068,0
32.46507,36,5,1,0.1435303,1.361984,-0.6619826,-0.06237485,-0.9257076,-0.3697081,0.4595629,0.6458652,0.2445373,-0.06915175,0.6398131,0.1035448,-0.02177637,1.193675,0.07347133,-0.05100369,-0.9646977,-0.1126429,0.1782236,1.366945,-0.7614149,0,0,0,0,-0.7071068,0,0,0,0,0,-0.7071068,0,0,0,0,0,-0.7071068,0,0,0,0,0,-0.7071068,0,0,0,0,0,-0.7071068,0
32.47641,36,5,1,0.1411825,1.366209,-0.6602712,-0.06125291,-0.9253854,-0.3709282,0.4596952,0.6457752,0.2444194,-0.06891464,0.6399359,0.1033566,-0.02233579,1.194034,0.07393138,-0.05029069,-0.9645831,-0.1147958,0.1776642,1.372694,-0.7579895,0,0,0,0,-0.7071068,0,0,0,0,0,-0.7071068,0,0,0,0,0,-0.7071068,0,0,0,0,0,-0.7071068,0,0,0,0,0,-0.7071068,0
32.49824,36,5,1,0.136715,1.375088,-0.6567727,-0.05798422,-0.9243876,-0.374399,0.4598766,0.6455895,0.2442239,-0.06859738,0.6403277,0.1025439,-0.02330669,1.194734,0.07470171,-0.04913435,-0.9644574,-0.1185448,0.1766933,1.38389,-0.7512847,0,0,0,0,-0.7071068,0,0,0,0,0,-0.7071068,0,0,0,0,0,-0.7071068,0,0,0,0,0,-0.7071068,0,0,0,0,0,-0.7071068,0
32.50985,36,5,1,0.1344783,1.379639,-0.6547611,-0.05574396,-0.9234931,-0.3771151,0.4599952,0.6455569,0.2439857,-0.06852801,0.6406611,0.1022685,-0.02386385,1.194936,0.07511885,-0.04873726,-0.9644305,-0.1200062,0.1761362,1.389275,-0.7478572,0,0,0,0,-0.7071068,0,0,0,0,0,-0.7071068,0,0,0,0,0,-0.7071068,0,0,0,0,0,-0.7071068,0,0,0,0,0,-0.7071068,0
32.53146,36,5,1,0.130674,1.388928,-0.6500788,-0.05392163,-0.9208971,-0.3837929,0.4601348,0.6456589,0.243595,-0.06873146,0.641108,0.1021136,-0.0249804,1.195322,0.07594194,-0.04820187,-0.9643433,-0.1225831,0.1750196,1.399999,-0.7408683,0,0,0,0,-0.7071068,0,0,0,0,0,-0.7071068,0,0,0,0,0,-0.7071068,0,0,0,0,0,-0.7071068,0,0,0,0,0,-0.7071068,0
32.54297,36,5,1,0.1287249,1.393478,-0.647446,-0.05246019,-0.9194326,-0.387529,0.4601802,0.6458278,0.2434503,-0.06903717,0.6412601,0.1021171,-0.02553907,1.195486,0.07629783,-0.04811113,-0.9642808,-0.1239155,0.1744609,1.405316,-0.7373579,0,0,0,0,-0.7071068,0,0,0,0,0,-0.7071068,0,0,0,0,0,-0.7071068,0,0,0,0,0,-0.7071068,0,0,0,0,0,-0.7071068,0
32.56483,36,5,1,0.1248353,1.402627,-0.6421807,-0.04731913,-0.9167238,-0.3946751,0.4602541,0.6459237,0.2431526,-0.06979548,0.6415447,0.1019762,-0.02680852,1.195707,0.07698763,-0.0477051,-0.9642256,-0.1260982,0.1731915,1.415782,-0.7302315,0,0,0,0,-0.7071068,0,0,0,0,0,-0.7071068,0,0,0,0,0,-0.7071068,0,0,0,0,0,-0.7071068,0,0,0,0,0,-0.7071068,0
32.57641,36,5,1,0.1231333,1.406925,-0.6395796,-0.04490086,-0.9155281,-0.3977386,0.4603061,0.6459805,0.2429706,-0.07003763,0.6416475,0.1019113,-0.02744503,1.195755,0.07730082,-0.04735285,-0.9642166,-0.1270907,0.172555,1.42093,-0.7266309,0,0,0,0,-0.7071068,0,0,0,0,0,-0.7071068,0,0,0,0,0,-0.7071068,0,0,0,0,0,-0.7071068,0,0,0,0,0,-0.7071068,0
32.59814,36,5,1,0.1198962,1.414953,-0.6347728,-0.04360755,-0.9138221,-0.4017985,0.4603689,0.6459429,0.2427865,-0.07029304,0.6418434,0.1016606,-0.02870049,1.196,0.07788225,-0.04688426,-0.9642486,-0.1289956,0.1712995,1.43123,-0.7194004,0,0,0,0,-0.7071068,0,0,0,0,0,-0.7071068,0,0,0,0,0,-0.7071068,0,0,0,0,0,-0.7071068,0,0,0,0,0,-0.7071068,0
32.60961,36,5,1,0.1185495,1.418753,-0.6323953,-0.04457894,-0.9130532,-0.4034488,0.4604144,0.6459342,0.2426302,-0.07034898,0.6419329,0.1014522,-0.02939921,1.19611,0.07814671,-0.04660545,-0.9642011,-0.1300887,0.1706008,1.436365,-0.7157289,0,0,0,0,-0.7071068,0,0,0,0,0,-0.7071068,0,0,0,0,0,-0.7071068,0,0,0,0,0,-0.7071068,0,0,0,0,0,-0.7071068,0
32.63178,36,5,1,0.1153667,1.426469,-0.6271954,-0.04240121,-0.9113474,-0.4076675,0.4604594,0.6460601,0.2422714,-0.07064228,0.6420228,0.1011447,-0.03072783,1.196306,0.078725,-0.04594187,-0.9641445,-0.1319892,0.1692722,1.446494,-0.7082447,0,0,0,0,-0.7071068,0,0,0,0,0,-0.7071068,0,0,0,0,0,-0.7071068,0,0,0,0,0,-0.7071068,0,0,0,0,0,-0.7071068,0
32.6431,36,5,1,0.113813,1.430397,-0.624723,-0.03974891,-0.9103879,-0.4101073,0.460491,0.6461145,0.2422477,-0.07078512,0.6419691,0.101061,-0.03147054,1.196357,0.07900956,-0.04550723,-0.9641632,-0.132739,0.1685295,1.451605,-0.7043537,0,0,0,0,-0.7071068,0,0,0,0,0,-0.7071068,0,0,0,0,0,-0.7071068,0,0,0,0,0,-0.7071068,0,0,0,0,0,-0.7071068,0
32.66475,36,5,1,0.1108604,1.43776,-0.6195388,-0.03606662,-0.9082271,-0.4152959,0.4604962,0.6462195,0.2420896,-0.07067405,0.6419333,0.1013373,-0.03296007,1.196513,0.07959435,-0.04466564,-0.9642162,-0.1343151,0.1670399,1.461342,-0.6967716,0,0,0,0,-0.7071068,0,0,0,0,0,-0.7071068,0,0,0,0,0,-0.7071068,0,0,0,0,0,-0.7071068,0,0,0,0,0,-0.7071068,0
32.67667,36,5,1,0.1095591,1.441168,-0.617049,-0.03634436,-0.9073765,-0.4172163,0.4604574,0.646122,0.2421496,-0.07058407,0.6418988,0.1014599,-0.03370862,1.196669,0.0798903,-0.04427155,-0.964182,-0.1354495,0.1662914,1.466363,-0.6928356,0,0,0,0,-0.7071068,0,0,0,0,0,-0.7071068,0,0,0,0,0,-0.7071068,0,0,0,0,0,-0.7071068,0,0,0,0,0,-0.7071068,0
32.69798,36,5,1,0.1066811,1.448501,-0.611688,-0.03359008,-0.9054798,-0.4216534,0.460447,0.6460909,0.2420612,-0.07064559,0.6415372,0.1014412,-0.03519515,1.196846,0.08051197,-0.04304141,-0.9641325,-0.1373684,0.1648049,1.476111,-0.6848788,0,0,0,0,-0.7071068,0,0,0,0,0,-0.7071068,0,0,0,0,0,-0.7071068,0,0,0,0,0,-0.7071068,0,0,0,0,0,-0.7071068,0
32.70963,36,5,1,0.105251,1.452021,-0.6092981,-0.03068934,-0.9047992,-0.4233211,0.4604291,0.6460811,0.2421034,-0.07054743,0.6412523,0.1015124,-0.0359566,1.196919,0.08085163,-0.04218982,-0.9641088,-0.1382873,0.1640434,1.480927,-0.6808146,0,0,0,0,-0.7071068,0,0,0,0,0,-0.7071068,0,0,0,0,0,-0.7071068,0,0,0,0,0,-0.7071068,0,0,0,0,0,-0.7071068,0
32.73145,36,5,1,0.1025346,1.458896,-0.6045378,-0.02865997,-0.9036487,-0.4260013,0.4604255,0.646033,0.2422877,-0.07047084,0.640828,0.1017661,-0.03744987,1.197302,0.08157796,-0.04051609,-0.9639477,-0.1408027,0.1625501,1.490948,-0.6723372,0,0,0,0,-0.7071068,0,0,0,0,0,-0.7071068,0,0,0,0,0,-0.7071068,0,0,0,0,0,-0.7071068,0,0,0,0,0,-0.7071068,0
32.74313,36,5,1,0.1010841,1.462345,-0.6020415,-0.0280443,-0.9029915,-0.4275741,0.4604239,0.6460993,0.2423798,-0.07049045,0.6406527,0.1018395,-0.03818389,1.197619,0.08201116,-0.03978335,-0.9637946,-0.142299,0.1618161,1.495776,-0.668188,0,0,0,0,-0.7071068,0,0,0,0,0,-0.7071068,0,0,0,0,0,-0.7071068,0,0,0,0,0,-0.7071068,0,0,0,0,0,-0.7071068,0
32.76468,36,5,1,0.0976146,1.469692,-0.5967134,-0.01851501,-0.9021102,-0.4302689,0.460621,0.6460651,0.2423851,-0.07059979,0.6406089,0.1014196,-0.03957172,1.198093,0.08285701,-0.03793339,-0.963493,-0.1453475,0.1604283,1.505466,-0.6595722,0,0,0,0,-0.7071068,0,0,0,0,0,-0.7071068,0,0,0,0,0,-0.7071068,0,0,0,0,0,-0.7071068,0,0,0,0,0,-0.7071068,0
32.776,36,5,1,0.09567828,1.473376,-0.5940135,-0.006350115,-0.9021833,-0.4305221,0.4607041,0.6460572,0.2423742,-0.07056635,0.6406995,0.1012271,-0.0402397,1.19828,0.0833264,-0.03690929,-0.9634554,-0.1464686,0.1597603,1.510221,-0.65516,0,0,0,0,-0.7071068,0,0,0,0,0,-0.7071068,0,0,0,0,0,-0.7071068,0,0,0,0,0,-0.7071068,0,0,0,0,0,-0.7071068,0
32.79813,37,5,1,0.09144194,1.480992,-0.5887865,0.02692282,-0.9036872,-0.4265197,0.4607237,0.6460599,0.2424586,-0.06993155,0.6409478,0.1018645,-0.04150461,1.198633,0.08440818,-0.03518752,-0.9632572,-0.1494211,0.1584954,1.519659,-0.6460506,0,0,0,0,-0.7071068,0,0,0,0,0,-0.7071068,0,0,0,0,0,-0.7071068,0,0,0,0,0,-0.7071068,0,0,0,0,0,-0.7071068,0
32.80967,37,5,1,0.08964664,1.484368,-0.5859769,0.04837565,-0.9046955,-0.4222509,0.4608184,0.6459054,0.2426879,-0.06976934,0.6407967,0.1018801,-0.0421004,1.198927,0.08502495,-0.03518069,-0.9629953,-0.15161,0.1578996,1.524464,-0.641353,0,0,0,0,-0.7071068,0,0,0,0,0,-0.7071068,0,0,0,0,0,-0.7071068,0,0,0,0,0,-0.7071068,0,0,0,0,0,-0.7071068,0
32.83146,37,5,1,0.0873074,1.491138,-0.579753,0.07802585,-0.9043289,-0.4180508,0.4606993,0.6459041,0.2428953,-0.0695729,0.6401664,0.1017754,-0.04314518,1.1995,0.08637144,-0.03661197,-0.962166,-0.1570349,0.1568548,1.533891,-0.6318071,0,0,0,0,-0.7071068,0,0,0,0,0,-0.7071068,0,0,0,0,0,-0.7071068,0,0,0,0,0,-0.7071068,0,0,0,0,0,-0.7071068,0
32.84306,37,5,1,0.08654935,1.494677,-0.5766602,0.08779083,-0.903513,-0.4175738,0.4606991,0.6457709,0.2431475,-0.06954069,0.6398567,0.1015781,-0.04364895,1.199704,0.08706586,-0.03770858,-0.9616819,-0.1599282,0.1563511,1.538499,-0.6269379,0,0,0,0,-0.7071068,0,0,0,0,0,-0.7071068,0,0,0,0,0,-0.7071068,0,0,0,0,0,-0.7071068,0,0,0,0,0,-0.7071068,0
32.86471,37,5,1,0.08740801,1.501875,-0.5690444,0.0847546,-0.9002897,-0.4246029,0.4609073,0.6457247,0.243121,-0.06903807,0.6399377,0.101007,-0.04458733,1.200134,0.08847808,-0.04052562,-0.9605555,-0.1661888,0.1554127,1.547566,-0.6171468,0,0,0,0,-0.7071068,0,0,0,0,0,-0.7071068,0,0,0,0,0,-0.7071068,0,0,0,0,0,-0.7071068,0,0,0,0,0,-0.7071068,0
32.87624,37,5,1,0.08642907,1.504776,-0.5652009,0.0819428,-0.898941,-0.4279311,0.46102,0.645686,0.2428852,-0.06905708,0.6402738,0.1005058,-0.04504326,1.200381,0.08916171,-0.04163589,-0.960013,-0.1692047,0.1549567,1.552116,-0.6121901,0,0,0,0,-0.7071068,0,0,0,0,0,-0.7071068,0,0,0,0,0,-0.7071068,0,0,0,0,0,-0.7071068,0,0,0,0,0,-0.7071068,0
32.89791,37,5,1,0.08765704,1.511465,-0.5570593,0.06656738,-0.8963186,-0.4360912,0.4611324,0.6455767,0.2423979,-0.06974169,0.6411633,0.09921554,-0.04596746,1.200986,0.09050231,-0.04351002,-0.9589581,-0.1745517,0.1540325,1.561167,-0.6022651,0,0,0,0,-0.7071068,0,0,0,0,0,-0.7071068,0,0,0,0,0,-0.7071068,0,0,0,0,0,-0.7071068,0,0,0,0,0,-0.7071068,0
32.90965,37,5,1,0.08816559,1.514755,-0.5532555,0.06071511,-0.8954065,-0.4388615,0.4611936,0.6455441,0.2420264,-0.07024988,0.6416067,0.09853386,-0.04635462,1.201216,0.0911501,-0.04414203,-0.958459,-0.1771486,0.1536454,1.565576,-0.5972718,0,0,0,0,-0.7071068,0,0,0,0,0,-0.7071068,0,0,0,0,0,-0.7071068,0,0,0,0,0,-0.7071068,0,0,0,0,0,-0.7071068,0
32.93141,37,5,1,0.08827204,1.521437,-0.5456355,0.06284139,-0.8935313,-0.4420815,0.4611855,0.6455305,0.2414932,-0.07101441,0.6422833,0.09764702,-0.04710665,1.201706,0.09240916,-0.04473612,-0.957587,-0.1813794,0.1528933,1.574376,-0.5871653,0,0,0,0,-0.7071068,0,0,0,0,0,-0.7071068,0,0,0,0,0,-0.7071068,0,0,0,0,0,-0.7071068,0,0,0,0,0,-0.7071068,0
32.94305,37,5,1,0.08825917,1.524825,-0.5416996,0.0657146,-0.8924381,-0.4436371,0.4611512,0.6456013,0.241312,-0.0712322,0.6424257,0.09755245,-0.04748108,1.201897,0.09304024,-0.04480118,-0.9572102,-0.1833176,0.1525189,1.578686,-0.5820439,0,0,0,0,-0.7071068,0,0,0,0,0,-0.7071068,0,0,0,0,0,-0.7071068,0,0,0,0,0,-0.7071068,0,0,0,0,0,-0.7071068,0
32.96455,37,5,1,0.08832747,1.53155,-0.5338491,0.06825826,-0.8901759,-0.4474719,0.4610733,0.6457865,0.241014,-0.07188282,0.6424442,0.09773292,-0.04830885,1.202259,0.09428512,-0.0451365,-0.9565853,-0.1862057,0.1516912,1.587071,-0.5718486,0,0,0,0,-0.7071068,0,0,0,0,0,-0.7071068,0,0,0,0,0,-0.7071068,0,0,0,0,0,-0.7071068,0,0,0,0,0,-0.7071068,0
32.97628,37,5,1,0.08885057,1.534938,-0.5298565,0.06656557,-0.8889581,-0.4500923,0.4610104,0.645908,0.2408355,-0.07218809,0.6424085,0.09786642,-0.04872915,1.202418,0.09489267,-0.0449067,-0.9562421,-0.1878504,0.1512709,1.591197,-0.5667121,0,0,0,0,-0.7071068,0,0,0,0,0,-0.7071068,0,0,0,0,0,-0.7071068,0,0,0,0,0,-0.7071068,0,0,0,0,0,-0.7071068,0
32.99794,37,5,1,0.08982248,1.541735,-0.5216103,0.05367728,-0.8858398,-0.4582774,0.460833,0.6458654,0.2408322,-0.07275198,0.6421286,0.09836815,-0.04951354,1.202731,0.09603378,-0.04482974,-0.9556042,-0.1909395,0.1504865,1.599496,-0.5562332,0,0,0,0,-0.7071068,0,0,0,0,0,-0.7071068,0,0,0,0,0,-0.7071068,0,0,0,0,0,-0.7071068,0,0,0,0,0,-0.7071068,0
33.00956,37,5,1,0.09023768,1.545176,-0.5174755,0.04629236,-0.8840739,-0.4626848,0.4608285,0.6458614,0.2408081,-0.07276518,0.6420141,0.09854197,-0.04995013,1.202891,0.0965573,-0.04489504,-0.9551823,-0.192687,0.1500499,1.603428,-0.5511931,0,0,0,0,-0.7071068,0,0,0,0,0,-0.7071068,0,0,0,0,0,-0.7071068,0,0,0,0,0,-0.7071068,0,0,0,0,0,-0.7071068,0
33.03127,37,5,1,0.09090049,1.551826,-0.5091767,0.03374107,-0.8806515,-0.4705979,0.4608655,0.6458884,0.2408145,-0.07237247,0.6419711,0.09847156,-0.05074081,1.203204,0.09765962,-0.04407706,-0.9545437,-0.1954733,0.1492592,1.611373,-0.5407351,0,0,0,0,-0.7071068,0,0,0,0,0,-0.7071068,0,0,0,0,0,-0.7071068,0,0,0,0,0,-0.7071068,0,0,0,0,0,-0.7071068,0
33.04286,37,5,1,0.09100408,1.555337,-0.5049016,0.02999252,-0.8786174,-0.47475,0.4608842,0.645856,0.2408144,-0.07207548,0.6418273,0.09854757,-0.05109574,1.203355,0.09818877,-0.04343593,-0.9543168,-0.1966772,0.1489043,1.615304,-0.535463,0,0,0,0,-0.7071068,0,0,0,0,0,-0.7071068,0,0,0,0,0,-0.7071068,0,0,0,0,0,-0.7071068,0,0,0,0,0,-0.7071068,0
33.06454,37,5,1,0.09095664,1.562149,-0.4964471,0.02646825,-0.8740086,-0.4834789,0.4610679,0.6458418,0.2411273,-0.0711214,0.6414579,0.09929612,-0.05166584,1.203716,0.09935079,-0.04220802,-0.9537593,-0.1993133,0.1483342,1.623096,-0.5247474,0,0,0,0,-0.7071068,0,0,0,0,0,-0.7071068,0,0,0,0,0,-0.7071068,0,0,0,0,0,-0.7071068,0,0,0,0,0,-0.7071068,0
33.07616,37,5,1,0.09063847,1.565436,-0.4922493,0.02605541,-0.871657,-0.4877503,0.461116,0.6457983,0.2412569,-0.07065506,0.6412618,0.09959526,-0.05190632,1.203936,0.09993567,-0.04166204,-0.953436,-0.2006568,0.1480937,1.626946,-0.5193812,0,0,0,0,-0.7071068,0,0,0,0,0,-0.7071068,0,0,0,0,0,-0.7071068,0,0,0,0,0,-0.7071068,0,0,0,0,0,-0.7071068,0
33.09795,37,5,1,0.09027273,1.571937,-0.4842237,0.02269273,-0.867761,-0.4949625,0.4611274,0.645792,0.2415824,-0.06976292,0.6408852,0.1003541,-0.05241259,1.204211,0.1010771,-0.04085534,-0.9527358,-0.2032904,0.1475874,1.634472,-0.5084561,0,0,0,0,-0.7071068,0,0,0,0,0,-0.7071068,0,0,0,0,0,-0.7071068,0,0,0,0,0,-0.7071068,0,0,0,0,0,-0.7071068,0
33.10928,37,5,1,0.08993191,1.574971,-0.4806177,0.0198102,-0.8661932,-0.4979659,0.4611302,0.6457677,0.2416825,-0.06932509,0.6408058,0.1008263,-0.05265281,1.204331,0.1016219,-0.04050067,-0.9524456,-0.2044605,0.1473472,1.638113,-0.5030425,0,0,0,0,-0.7071068,0,0,0,0,0,-0.7071068,0,0,0,0,0,-0.7071068,0,0,0,0,0,-0.7071068,0,0,0,0,0,-0.7071068,0
33.13142,37,5,1,0.08920056,1.580591,-0.4733447,0.01361459,-0.8627644,-0.5043836,0.4611026,0.6456929,0.2418614,-0.0687798,0.6406939,0.1011917,-0.05310232,1.204592,0.102726,-0.03989416,-0.951833,-0.2067595,0.1468977,1.645353,-0.4920495,0,0,0,0,-0.7071068,0,0,0,0,0,-0.7071068,0,0,0,0,0,-0.7071068,0,0,0,0,0,-0.7071068,0,0,0,0,0,-0.7071068,0
33.14298,37,5,1,0.08874375,1.583265,-0.469808,0.009814188,-0.8610401,-0.5075817,0.461087,0.645647,0.2420007,-0.06868982,0.6406764,0.1013002,-0.05332598,1.204689,0.1033079,-0.03969759,-0.9515516,-0.2077988,0.146674,1.648914,-0.4864351,0,0,0,0,-0.7071068,0,0,0,0,0,-0.7071068,0,0,0,0,0,-0.7071068,0,0,0,0,0,-0.7071068,0,0,0,0,0,-0.7071068,0
33.16459,37,5,1,0.08786113,1.587974,-0.4632991,0.003058314,-0.8584687,-0.5123073,0.4611903,0.6455854,0.242055,-0.06854847,0.640925,0.1015156,-0.05383661,1.204774,0.1044074,-0.03927506,-0.9510618,-0.2095953,0.1461634,1.655709,-0.4753405,0,0,0,0,-0.7071068,0,0,0,0,0,-0.7071068,0,0,0,0,0,-0.7071068,0,0,0,0,0,-0.7071068,0,0,0,0,0,-0.7071068,0
33.17657,37,5,1,0.08753104,1.590247,-0.4601539,0.0001326799,-0.8574284,-0.5141494,0.4612109,0.6455956,0.2420431,-0.06846595,0.6410685,0.1016843,-0.05413773,1.204807,0.1048402,-0.03897595,-0.9508919,-0.2102283,0.1458623,1.659037,-0.469875,0,0,0,0,-0.7071068,0,0,0,0,0,-0.7071068,0,0,0,0,0,-0.7071068,0,0,0,0,0,-0.7071068,0,0,0,0,0,-0.7071068,0
33.19781,37,5,1,0.08701665,1.594538,-0.4545283,-0.001704454,-0.8562448,-0.5161948,0.4612423,0.6456071,0.2421361,-0.06798532,0.6412774,0.1022938,-0.05521628,1.204627,0.105857,-0.03746556,-0.950973,-0.2105505,0.1447837,1.665349,-0.458685,0,0,0,0,-0.7071068,0,0,0,0,0,-0.7071068,0,0,0,0,0,-0.7071068,0,0,0,0,0,-0.7071068,0,0,0,0,0,-0.7071068,0
33.20961,37,5,1,0.0866595,1.596371,-0.4520321,-0.001169533,-0.8559607,-0.5166762,0.4611979,0.6456189,0.2422212,-0.067534,0.641284,0.1029613,-0.0558428,1.204597,0.1064146,-0.03608829,-0.9511677,-0.2106144,0.1441572,1.668495,-0.4530235,0,0,0,0,-0.7071068,0,0,0,0,0,-0.7071068,0,0,0,0,0,-0.7071068,0,0,0,0,0,-0.7071068,0,0,0,0,0,-0.7071068,0
33.2312,37,5,1,0.08601195,1.600089,-0.446934,-0.001352757,-0.8553385,-0.5177404,0.4609946,0.6455734,0.2426493,-0.06642778,0.6409568,0.1047684,-0.0571619,1.204694,0.1076992,-0.03194432,-0.951587,-0.2115827,0.1428381,1.674981,-0.4411934,0,0,0,0,-0.7071068,0,0,0,0,0,-0.7071068,0,0,0,0,0,-0.7071068,0,0,0,0,0,-0.7071068,0,0,0,0,0,-0.7071068,0
33.24292,37,5,1,0.08539481,1.601861,-0.4445483,-0.001372933,-0.855046,-0.5182425,0.460805,0.6455421,0.242902,-0.06588861,0.6406495,0.1056431,-0.05785692,1.204859,0.1083803,-0.02961897,-0.9517155,-0.2126738,0.1421431,1.678115,-0.4354804,0,0,0,0,-0.7071068,0,0,0,0,0,-0.7071068,0,0,0,0,0,-0.7071068,0,0,0,0,0,-0.7071068,0,0,0,0,0,-0.7071068,0
33.26452,37,5,1,0.08488376,1.605403,-0.4398656,0.001139611,-0.8552611,-0.5179131,0.4605375,0.6455673,0.2433152,-0.06503929,0.6399372,0.1072735,-0.05923849,1.205198,0.1097109,-0.02523987,-0.9519199,-0.2153585,0.1407615,1.678798,-0.4335615,0,0,0,0,-0.7071068,0,0,0,0,0,-0.7071068,0,0,0,0,0,-0.7071068,0,0,0,0,0,-0.7071068,0,0,0,0,0,-0.7071068,0
33.276,37,5,1,0.0843826,1.607003,-0.437847,0.00787428,-0.8564609,-0.5158112,0.4604402,0.6456023,0.2434814,-0.0645601,0.6396201,0.1081048,-0.05995965,1.20537,0.110368,-0.02343344,-0.9520365,-0.2167898,0.1400404,1.675893,-0.438128,0,0,0,0,-0.7071068,0,0,0,0,0,-0.7071068,0,0,0,0,0,-0.7071068,0,0,0,0,0,-0.7071068,0,0,0,0,0,-0.7071068,0
33.29799,38,5,1,0.08360202,1.610514,-0.4334581,0.02089566,-0.8571842,-0.514038,0.460334,0.6458883,0.2436108,-0.06434783,0.6392455,0.1091814,-0.06137978,1.205726,0.1119012,-0.02027828,-0.9521042,-0.2202763,0.1386202,1.669929,-0.4470402,0,0,0,0,-0.7071068,0,0,0,0,0,-0.7071068,0,0,0,0,0,-0.7071068,0,0,0,0,0,-0.7071068,0,0,0,0,0,-0.7071068,0
33.30944,38,5,1,0.08348376,1.612362,-0.4310245,0.02633891,-0.8567443,-0.514354,0.4603278,0.6459218,0.2436032,-0.06431833,0.6391189,0.1094629,-0.06206038,1.205928,0.1126489,-0.01875319,-0.9520297,-0.2222731,0.1379396,1.666963,-0.4513953,0,0,0,0,-0.7071068,0,0,0,0,0,-0.7071068,0,0,0,0,0,-0.7071068,0,0,0,0,0,-0.7071068,0,0,0,0,0,-0.7071068,0
33.33125,38,5,1,0.08303256,1.615553,-0.4254484,0.03167692,-0.8543578,-0.5177199,0.4603712,0.6459421,0.2435339,-0.06423182,0.6389421,0.1098535,-0.0632114,1.206363,0.1141724,-0.01585337,-0.9516892,-0.226567,0.1367886,1.660948,-0.4599953,0,0,0,0,-0.7071068,0,0,0,0,0,-0.7071068,0,0,0,0,0,-0.7071068,0,0,0,0,0,-0.7071068,0,0,0,0,0,-0.7071068,0
33.34279,38,5,1,0.08286411,1.617435,-0.4226258,0.03305365,-0.8528112,-0.5200797,0.460414,0.6459154,0.2435194,-0.06407905,0.6388042,0.1099684,-0.06380409,1.206584,0.1148859,-0.01439359,-0.9514049,-0.2288098,0.1361959,1.657834,-0.4643855,0,0,0,0,-0.7071068,0,0,0,0,0,-0.7071068,0,0,0,0,0,-0.7071068,0,0,0,0,0,-0.7071068,0,0,0,0,0,-0.7071068,0
33.36444,38,5,1,0.08290679,1.621367,-0.4163883,0.02945483,-0.848133,-0.5279197,0.4605583,0.6457095,0.2436492,-0.06373077,0.6388341,0.1096669,-0.06477938,1.206982,0.1162696,-0.01152226,-0.9507148,-0.2332585,0.1352206,1.651514,-0.4730229,0,0,0,0,-0.7071068,0,0,0,0,0,-0.7071068,0,0,0,0,0,-0.7071068,0,0,0,0,0,-0.7071068,0,0,0,0,0,-0.7071068,0
33.37615,38,5,1,0.08281548,1.623383,-0.4134274,0.02763501,-0.8461089,-0.5313265,0.4606459,0.6456852,0.2435988,-0.06344917,0.6389043,0.1097642,-0.06511875,1.207207,0.1169245,-0.01000478,-0.9503608,-0.235328,0.1348813,1.648339,-0.477317,0,0,0,0,-0.7071068,0,0,0,0,0,-0.7071068,0,0,0,0,0,-0.7071068,0,0,0,0,0,-0.7071068,0,0,0,0,0,-0.7071068,0
33.39775,38,5,1,0.08205313,1.627467,-0.4080108,0.02718443,-0.8436135,-0.5354127,0.4608565,0.6457105,0.2435634,-0.06302446,0.6391782,0.1101022,-0.06576488,1.207532,0.1180909,-0.00759086,-0.9494839,-0.2390842,0.1342351,1.641648,-0.4861082,0,0,0,0,-0.7071068,0,0,0,0,0,-0.7071068,0,0,0,0,0,-0.7071068,0,0,0,0,0,-0.7071068,0,0,0,0,0,-0.7071068,0
33.4096,38,5,1,0.08143622,1.629466,-0.4052094,0.02860531,-0.8421367,-0.5376577,0.4608965,0.6457177,0.2435065,-0.06300917,0.639302,0.110323,-0.06604894,1.20774,0.118698,-0.007058628,-0.9492387,-0.2401166,0.1339511,1.638376,-0.4903207,0,0,0,0,-0.7071068,0,0,0,0,0,-0.7071068,0,0,0,0,0,-0.7071068,0,0,0,0,0,-0.7071068,0,0,0,0,0,-0.7071068,0
33.43118,38,5,1,0.08048708,1.63328,-0.3995079,0.03138849,-0.8393985,-0.5417889,0.4609245,0.6456295,0.2434619,-0.06288478,0.6393719,0.1103486,-0.06645555,1.208116,0.1200337,-0.004953608,-0.9491819,-0.2404403,0.1335444,1.631513,-0.4987681,0,0,0,0,-0.7071068,0,0,0,0,0,-0.7071068,0,0,0,0,0,-0.7071068,0,0,0,0,0,-0.7071068,0,0,0,0,0,-0.7071068,0
33.44264,38,5,1,0.08016343,1.634943,-0.3966275,0.03120059,-0.8380815,-0.5438637,0.4609516,0.6455168,0.2434301,-0.06272323,0.639491,0.1101007,-0.06656232,1.208171,0.1200933,-0.004061885,-0.9482147,-0.2432171,0.1334377,1.62793,-0.5035077,0,0,0,0,-0.7071068,0,0,0,0,0,-0.7071068,0,0,0,0,0,-0.7071068,0,0,0,0,0,-0.7071068,0,0,0,0,0,-0.7071068,0
33.46463,38,5,1,0.07983751,1.638234,-0.3908872,0.031672,-0.8348899,-0.5486838,0.4608341,0.6455244,0.2435326,-0.06225567,0.6396977,0.1100455,-0.06684912,1.208372,0.1207579,-0.00270696,-0.9475111,-0.2446866,0.1331509,1.620619,-0.5125155,0,0,0,0,-0.7071068,0,0,0,0,0,-0.7071068,0,0,0,0,0,-0.7071068,0,0,0,0,0,-0.7071068,0,0,0,0,0,-0.7071068,0
33.47636,38,5,1,0.07994527,1.639646,-0.3881615,0.03143638,-0.8331108,-0.5513622,0.4607508,0.6456043,0.243579,-0.0623145,0.6397659,0.1105012,-0.06687691,1.208403,0.1211091,-0.002261758,-0.9473221,-0.2449742,0.1331231,1.61694,-0.5168279,0,0,0,0,-0.7071068,0,0,0,0,0,-0.7071068,0,0,0,0,0,-0.7071068,0,0,0,0,0,-0.7071068,0,0,0,0,0,-0.7071068,0
33.49741,38,5,1,0.08046872,1.642035,-0.3829469,0.03133088,-0.8298696,-0.5562174,0.4606216,0.6457068,0.2437486,-0.06264152,0.6396204,0.110903,-0.06707677,1.208163,0.1215482,-0.001735449,-0.9472381,-0.2446212,0.1329232,1.609136,-0.5256755,0,0,0,0,-0.7071068,0,0,0,0,0,-0.7071068,0,0,0,0,0,-0.7071068,0,0,0,0,0,-0.7071068,0,0,0,0,0,-0.7071068,0
33.50931,38,5,1,0.08101184,1.642566,-0.3809525,0.03030968,-0.8283913,-0.5584825,0.4605375,0.6457435,0.2438534,-0.06271156,0.6394652,0.1111336,-0.06719988,1.20792,0.1217793,-0.001841061,-0.9473993,-0.2439024,0.1328001,1.605135,-0.5299522,0,0,0,0,-0.7071068,0,0,0,0,0,-0.7071068,0,0,0,0,0,-0.7071068,0,0,0,0,0,-0.7071068,0,0,0,0,0,-0.7071068,0
33.53075,38,5,0,0.08257765,1.642621,-0.3776954,0.0271281,-0.8257248,-0.5625362,0.4603662,0.6458832,0.2440438,-0.06256717,0.6390457,0.1122937,-0.06730351,1.207456,0.1222044,-0.002773717,-0.9479348,-0.2420785,0.1326965,1.596826,-0.5387185,0,0,0,0,-0.7071068,0,0,0,0,0,-0.7071068,0,0,0,0,0,-0.7071068,0,0,0,0,0,-0.7071068,0,0,0,0,0,-0.7071068,0
33.54263,38,5,0,0.08378107,1.642024,-0.3767982,0.02551958,-0.8246487,-0.5641043,0.4603627,0.6459254,0.2441214,-0.06225637,0.638851,0.1128471,-0.06731927,1.207192,0.1224244,-0.0033646,-0.9482688,-0.2409652,0.1326807,1.592577,-0.543061,0,0,0,0,-0.7071068,0,0,0,0,0,-0.7071068,0,0,0,0,0,-0.7071068,0,0,0,0,0,-0.7071068,0,0,0,0,0,-0.7071068,0
33.56406,38,5,0,0.08717663,1.639432,-0.3769671,0.02060583,-0.8231553,-0.5662737,0.4603066,0.6459485,0.2443059,-0.0616072,0.6386419,0.1134731,-0.06712548,1.206498,0.1229483,-0.004752435,-0.9489657,-0.23856,0.1328745,1.583821,-0.5515501,0,0,0,0,-0.7071068,0,0,0,0,0,-0.7071068,0,0,0,0,0,-0.7071068,0,0,0,0,0,-0.7071068,0,0,0,0,0,-0.7071068,0
33.57588,38,5,0,0.08921189,1.637078,-0.3786884,0.01636118,-0.8235869,-0.5656423,0.4602009,0.645957,0.2443125,-0.06174196,0.6386049,0.1133288,-0.0670296,1.206109,0.1232305,-0.005504437,-0.9492959,-0.2373352,0.1329704,1.579352,-0.5557241,0,0,0,0,-0.7071068,0,0,0,0,0,-0.7071068,0,0,0,0,0,-0.7071068,0,0,0,0,0,-0.7071068,0,0,0,0,0,-0.7071068,0
33.59751,38,5,0,0.09430166,1.631067,-0.3852555,0.005254835,-0.8274421,-0.5598438,0.4597596,0.6458904,0.2447129,-0.06012638,0.6385593,0.1158311,-0.06669655,1.20548,0.1239179,-0.00693357,-0.949887,-0.2351846,0.1333035,1.570446,-0.5638675,0,0,0,0,-0.7071068,0,0,0,0,0,-0.7071068,0,0,0,0,0,-0.7071068,0,0,0,0,0,-0.7071068,0,0,0,0,0,-0.7071068,0
33.60907,38,5,0,0.09659477,1.627333,-0.3902096,0.00137791,-0.8311009,-0.5542423,0.4595962,0.6459188,0.2447664,-0.06003777,0.6383179,0.1163526,-0.06647751,1.205235,0.1242524,-0.007765047,-0.9500741,-0.234486,0.1335225,1.565976,-0.567937,0,0,0,0,-0.7071068,0,0,0,0,0,-0.7071068,0,0,0,0,0,-0.7071068,0,0,0,0,0,-0.7071068,0,0,0,0,0,-0.7071068,0
33.63076,38,5,0,0.09963281,1.619387,-0.400993,0.0008077621,-0.8391004,-0.5417889,0.4593103,0.6458446,0.245033,-0.06012307,0.6377008,0.1170681,-0.06579889,1.20486,0.1250679,-0.009673305,-0.9503333,-0.233317,0.1342011,1.557171,-0.5757068,0,0,0,0,-0.7071068,0,0,0,0,0,-0.7071068,0,0,0,0,0,-0.7071068,0,0,0,0,0,-0.7071068,0,0,0,0,0,-0.7071068,0
33.64232,38,5,0,0.1008783,1.615558,-0.4061276,0.001371145,-0.8428878,-0.5357991,0.4592722,0.6458087,0.2452538,-0.06020827,0.6374434,0.1173823,-0.06530492,1.204696,0.1254909,-0.01030851,-0.950493,-0.2325394,0.1346951,1.552709,-0.5795594,0,0,0,0,-0.7071068,0,0,0,0,0,-0.7071068,0,0,0,0,0,-0.7071068,0,0,0,0,0,-0.7071068,0,0,0,0,0,-0.7071068,0
33.66406,38,5,0,0.1023778,1.606377,-0.4192536,0.003087401,-0.8517421,-0.5218049,0.4590301,0.645914,0.2455398,-0.06029758,0.6368272,0.1178475,-0.06426435,1.204581,0.1260878,-0.01101543,-0.9507821,-0.230896,0.1357357,1.543895,-0.5874197,0,0,0,0,-0.7071068,0,0,0,0,0,-0.7071068,0,0,0,0,0,-0.7071068,0,0,0,0,0,-0.7071068,0,0,0,0,0,-0.7071068,0
33.6755,38,5,0,0.1032756,1.601302,-0.4252539,0.002313584,-0.8555467,-0.5156215,0.4589929,0.6459029,0.2457043,-0.06003513,0.6365124,0.118217,-0.06366953,1.204494,0.1263025,-0.01128234,-0.9508073,-0.2305496,0.1363305,1.539462,-0.5913321,0,0,0,0,-0.7071068,0,0,0,0,0,-0.7071068,0,0,0,0,0,-0.7071068,0,0,0,0,0,-0.7071068,0,0,0,0,0,-0.7071068,0
33.69742,38,5,0,0.1050789,1.591114,-0.439094,-0.003119946,-0.8625954,-0.5039353,0.4589442,0.6458657,0.2459166,-0.05941143,0.6363407,0.1188525,-0.06218471,1.204457,0.1265494,-0.01161651,-0.9508318,-0.2296747,0.1378153,1.530565,-0.5993067,0,0,0,0,-0.7071068,0,0,0,0,0,-0.7071068,0,0,0,0,0,-0.7071068,0,0,0,0,0,-0.7071068,0,0,0,0,0,-0.7071068,0
33.70896,38,5,0,0.106431,1.585388,-0.4462604,-0.007862806,-0.8659189,-0.4981576,0.4589422,0.6457601,0.2460941,-0.05925597,0.6363577,0.118804,-0.06137662,1.204501,0.1265761,-0.01195732,-0.9507807,-0.2293574,0.1386234,1.526114,-0.6033546,0,0,0,0,-0.7071068,0,0,0,0,0,-0.7071068,0,0,0,0,0,-0.7071068,0,0,0,0,0,-0.7071068,0,0,0,0,0,-0.7071068,0
33.73076,38,5,0,0.108754,1.574066,-0.4607406,-0.01517372,-0.8730756,-0.4853587,0.4592692,0.6454237,0.2463606,-0.0583289,0.6365205,0.118763,-0.0594583,1.20462,0.1264381,-0.01247609,-0.9507142,-0.2283961,0.1405417,1.517193,-0.6114976,0,0,0,0,-0.7071068,0,0,0,0,0,-0.7071068,0,0,0,0,0,-0.7071068,0,0,0,0,0,-0.7071068,0,0,0,0,0,-0.7071068,0
33.74247,38,5,1,0.1098903,1.567895,-0.4680802,-0.01789214,-0.8768551,-0.4784005,0.459558,0.6452676,0.246442,-0.05759254,0.6365584,0.1188599,-0.05853679,1.204605,0.1262675,-0.01273496,-0.9507209,-0.2276425,0.1414632,1.512586,-0.6156406,0,0,0,0,-0.7071068,0,0,0,0,0,-0.7071068,0,0,0,0,0,-0.7071068,0,0,0,0,0,-0.7071068,0,0,0,0,0,-0.7071068,0
33.76404,38,5,1,0.1116224,1.555413,-0.4825184,-0.01901379,-0.8846552,-0.4635934,0.4599095,0.6451402,0.2467305,-0.05635225,0.6369109,0.1188735,-0.0564584,1.204412,0.1257205,-0.013757,-0.9508699,-0.2256573,0.1435416,1.503189,-0.6239641,0,0,0,0,-0.7071068,0,0,0,0,0,-0.7071068,0,0,0,0,0,-0.7071068,0,0,0,0,0,-0.7071068,0,0,0,0,0,-0.7071068,0
33.77622,38,5,1,0.1124324,1.549224,-0.4896181,-0.0202141,-0.8881559,-0.4567497,0.4600926,0.6450351,0.246773,-0.05595732,0.6371507,0.1189165,-0.05538528,1.204247,0.1253897,-0.01460398,-0.9509718,-0.2245496,0.1446147,1.498348,-0.6281533,0,0,0,0,-0.7071068,0,0,0,0,0,-0.7071068,0,0,0,0,0,-0.7071068,0,0,0,0,0,-0.7071068,0,0,0,0,0,-0.7071068,0
33.79745,38,5,1,0.1138622,1.537079,-0.5030187,-0.02176476,-0.8944253,-0.4442335,0.4602269,0.6449666,0.2468216,-0.05551348,0.6375113,0.1190698,-0.05339332,1.203747,0.124618,-0.01737091,-0.9513357,-0.2217382,0.1466067,1.488473,-0.6364797,0,0,0,0,-0.7071068,0,0,0,0,0,-0.7071068,0,0,0,0,0,-0.7071068,0,0,0,0,0,-0.7071068,0,0,0,0,0,-0.7071068,0
33.80883,38,5,1,0.1144418,1.530729,-0.5093408,-0.02248713,-0.8968537,-0.4393288,0.4602117,0.6450479,0.2466635,-0.05587255,0.6377798,0.1189974,-0.05245787,1.203443,0.1241793,-0.01918671,-0.9514978,-0.2203396,0.1475421,1.483337,-0.64072,0,0,0,0,-0.7071068,0,0,0,0,0,-0.7071068,0,0,0,0,0,-0.7071068,0,0,0,0,0,-0.7071068,0,0,0,0,0,-0.7071068,0
33.83072,38,5,1,0.1159983,1.518325,-0.5217757,-0.02444609,-0.9014535,-0.4296876,0.4602658,0.6449572,0.246407,-0.0566795,0.6384673,0.1184285,-0.05049517,1.203027,0.1230117,-0.02281509,-0.9519143,-0.2174,0.1495048,1.473392,-0.649207,0,0,0,0,-0.7071068,0,0,0,0,0,-0.7071068,0,0,0,0,0,-0.7071068,0,0,0,0,0,-0.7071068,0,0,0,0,0,-0.7071068,0
33.84241,38,5,1,0.116674,1.512066,-0.5276497,-0.02538891,-0.9037606,-0.4247426,0.4603638,0.6449221,0.2462536,-0.05725356,0.638832,0.1179909,-0.04965306,1.202762,0.122371,-0.02475483,-0.9521655,-0.2157839,0.1503469,1.468257,-0.6534995,0,0,0,0,-0.7071068,0,0,0,0,0,-0.7071068,0,0,0,0,0,-0.7071068,0,0,0,0,0,-0.7071068,0,0,0,0,0,-0.7071068,0
33.86425,38,5,1,0.1180913,1.499166,-0.5398292,-0.02819903,-0.9085631,-0.4141868,0.4602367,0.6451908,0.2456445,-0.05903576,0.6397379,0.1164633,-0.04797819,1.202103,0.1209054,-0.02811874,-0.9527117,-0.2123499,0.1520218,1.45781,-0.6621283,0,0,0,0,-0.7071068,0,0,0,0,0,-0.7071068,0,0,0,0,0,-0.7071068,0,0,0,0,0,-0.7071068,0,0,0,0,0,-0.7071068,0
33.87598,38,5,1,0.1187697,1.492722,-0.5456942,-0.02988583,-0.9108297,-0.4090484,0.4601766,0.6452905,0.2452955,-0.05988537,0.6401528,0.1158514,-0.04716076,1.201762,0.1200626,-0.0294333,-0.9530435,-0.2104158,0.1528392,1.452488,-0.666527,0,0,0,0,-0.7071068,0,0,0,0,0,-0.7071068,0,0,0,0,0,-0.7071068,0,0,0,0,0,-0.7071068,0,0,0,0,0,-0.7071068,0
33.8976,38,5,1,0.1201338,1.480071,-0.5573692,-0.03459722,-0.91509,-0.3990617,0.4599966,0.6455342,0.244726,-0.0614907,0.6406576,0.1150919,-0.045866,1.201182,0.1183493,-0.03161621,-0.9537783,-0.206428,0.154134,1.441995,-0.6751442,0,0,0,0,-0.7071068,0,0,0,0,0,-0.7071068,0,0,0,0,0,-0.7071068,0,0,0,0,0,-0.7071068,0,0,0,0,0,-0.7071068,0
33.90894,38,5,1,0.1206582,1.473603,-0.5630599,-0.03644539,-0.9172385,-0.3939551,0.4598941,0.6457645,0.2446161,-0.06220961,0.6407248,0.114864,-0.04522989,1.200926,0.1174572,-0.03272384,-0.9540962,-0.2045987,0.1547701,1.436715,-0.6794494,0,0,0,0,-0.7071068,0,0,0,0,0,-0.7071068,0,0,0,0,0,-0.7071068,0,0,0,0,0,-0.7071068,0,0,0,0,0,-0.7071068,0
33.93103,38,5,1,0.1213234,1.46056,-0.5740282,-0.04029807,-0.9219025,-0.3827216,0.45979,0.6459123,0.2444504,-0.0635002,0.6405629,0.1142674,-0.04409344,1.200558,0.1155252,-0.03513205,-0.9545973,-0.2010097,0.1559066,1.426282,-0.6880486,0,0,0,0,-0.7071068,0,0,0,0,0,-0.7071068,0,0,0,0,0,-0.7071068,0,0,0,0,0,-0.7071068,0,0,0,0,0,-0.7071068,0
33.9427,38,5,1,0.1213749,1.45433,-0.5792728,-0.04189667,-0.9243211,-0.3767943,0.4596193,0.6459028,0.2443022,-0.06403058,0.6404799,0.1139031,-0.04357921,1.200378,0.1145313,-0.03621935,-0.9548551,-0.199118,0.1564208,1.420961,-0.6923631,0,0,0,0,-0.7071068,0,0,0,0,0,-0.7071068,0,0,0,0,0,-0.7071068,0,0,0,0,0,-0.7071068,0,0,0,0,0,-0.7071068,0
33.96422,38,5,1,0.1211613,1.442478,-0.5895019,-0.04531206,-0.9283803,-0.3666692,0.459544,0.6459693,0.2442249,-0.064642,0.6402562,0.1133451,-0.04260958,1.200077,0.112391,-0.03860145,-0.9551882,-0.1957297,0.1573904,1.410427,-0.7009436,0,0,0,0,-0.7071068,0,0,0,0,0,-0.7071068,0,0,0,0,0,-0.7071068,0,0,0,0,0,-0.7071068,0,0,0,0,0,-0.7071068,0
33.97581,38,5,1,0.121224,1.437441,-0.5947449,-0.04675058,-0.9302876,-0.3619522,0.4595837,0.6459666,0.2441792,-0.06486341,0.640098,0.1129842,-0.04216026,1.199952,0.111225,-0.03954887,-0.9552841,-0.1942838,0.1578397,1.405208,-0.7052335,0,0,0,0,-0.7071068,0,0,0,0,0,-0.7071068,0,0,0,0,0,-0.7071068,0,0,0,0,0,-0.7071068,0,0,0,0,0,-0.7071068,0
33.99758,38,5,1,0.1186758,1.428507,-0.6030982,-0.04385944,-0.9332647,-0.3555855,0.4596956,0.6459708,0.2440988,-0.06520985,0.6397927,0.1118241,-0.04131798,1.199765,0.108936,-0.04046381,-0.9556763,-0.1906035,0.158682,1.394482,-0.713818,0,0,0,0,-0.7071068,0,0,0,0,0,-0.7071068,0,0,0,0,0,-0.7071068,0,0,0,0,0,-0.7071068,0,0,0,0,0,-0.7071068,0
34.02078,38,5,1,0.116365,1.419272,-0.6114803,-0.03789994,-0.9366442,-0.3478784,0.4598495,0.6459287,0.2440948,-0.06584845,0.6395971,0.1107577,-0.04094209,1.199618,0.1077588,-0.04064332,-0.9559698,-0.1885685,0.1590579,1.38925,-0.7179534,0,0,0,0,-0.7071068,0,0,0,0,0,-0.7071068,0,0,0,0,0,-0.7071068,0,0,0,0,0,-0.7071068,0,0,0,0,0,-0.7071068,0
34.03704,38,5,1,0.1146113,1.410191,-0.6196163,-0.03298375,-0.9402674,-0.338749,0.4600356,0.6459399,0.2439367,-0.06650484,0.6395488,0.1097798,-0.03997114,1.199098,0.1042411,-0.04101671,-0.9570482,-0.1819414,0.1600289,1.372887,-0.7303622,0,0,0,0,-0.7071068,0,0,0,0,0,-0.7071068,0,0,0,0,0,-0.7071068,0,0,0,0,0,-0.7071068,0,0,0,0,0,-0.7071068,0
34.04816,38,5,1,0.1147826,1.406031,-0.6227031,-0.03301136,-0.9411612,-0.3362685,0.4600598,0.645938,0.2438698,-0.06683387,0.6398023,0.1093427,-0.03971289,1.198914,0.1030748,-0.04122765,-0.9573991,-0.1797502,0.1602871,1.369794,-0.7331087,0,0,0,0,-0.7071068,0,0,0,0,0,-0.7071068,0,0,0,0,0,-0.7071068,0,0,0,0,0,-0.7071068,0,0,0,0,0,-0.7071068,0
34.05955,38,5,1,0.1148554,1.401873,-0.6260839,-0.03320049,-0.9420179,-0.3338587,0.4601326,0.645905,0.2437825,-0.06715864,0.6399586,0.108763,-0.03933768,1.198761,0.1019056,-0.04136467,-0.9577504,-0.1775318,0.1606623,1.364305,-0.7371352,0,0,0,0,-0.7071068,0,0,0,0,0,-0.7071068,0,0,0,0,0,-0.7071068,0,0,0,0,0,-0.7071068,0,0,0,0,0,-0.7071068,0
34.08147,38,5,1,0.1166564,1.393434,-0.6319869,-0.03708759,-0.9430059,-0.3305993,0.4601392,0.6458162,0.2435378,-0.06779685,0.6402426,0.1075813,-0.03870825,1.198477,0.09961129,-0.04216434,-0.9583335,-0.1731875,0.1612917,1.35339,-0.7449654,0,0,0,0,-0.7071068,0,0,0,0,0,-0.7071068,0,0,0,0,0,-0.7071068,0,0,0,0,0,-0.7071068,0,0,0,0,0,-0.7071068,0
34.09338,38,5,1,0.1174179,1.389108,-0.6349433,-0.03756924,-0.9438546,-0.3280997,0.460161,0.6458168,0.2434603,-0.06805669,0.6403515,0.1071699,-0.03836307,1.198314,0.09844887,-0.04251016,-0.9586456,-0.170865,0.1616369,1.347745,-0.7489018,0,0,0,0,-0.7071068,0,0,0,0,0,-0.7071068,0,0,0,0,0,-0.7071068,0,0,0,0,0,-0.7071068,0,0,0,0,0,-0.7071068,0
34.11492,38,5,1,0.1186816,1.380755,-0.6409426,-0.03317098,-0.9457695,-0.3229718,0.4601978,0.6458862,0.243294,-0.06882977,0.640582,0.1064825,-0.03765805,1.198023,0.09614152,-0.04342104,-0.9593539,-0.1660834,0.162342,1.336652,-0.756518,0,0,0,0,-0.7071068,0,0,0,0,0,-0.7071068,0,0,0,0,0,-0.7071068,0,0,0,0,0,-0.7071068,0,0,0,0,0,-0.7071068,0
34.12681,39,5,1,0.1188718,1.376701,-0.6435381,-0.03035071,-0.9463872,-0.3214791,0.4602238,0.6459222,0.2432046,-0.06913444,0.6407958,0.1061473,-0.03732852,1.197869,0.09500283,-0.04397151,-0.9596766,-0.1637668,0.1626715,1.330932,-0.760312,0,0,0,0,-0.7071068,0,0,0,0,0,-0.7071068,0,0,0,0,0,-0.7071068,0,0,0,0,0,-0.7071068,0,0,0,0,0,-0.7071068,0
34.14795,39,5,1,0.1188906,1.368226,-0.6488886,-0.02608623,-0.9481499,-0.3167225,0.4601777,0.6458777,0.2430016,-0.0700381,0.6410811,0.105279,-0.03662118,1.197688,0.09279474,-0.04492632,-0.9603324,-0.159242,0.1633788,1.319924,-0.7675316,0,0,0,0,-0.7071068,0,0,0,0,0,-0.7071068,0,0,0,0,0,-0.7071068,0,0,0,0,0,-0.7071068,0,0,0,0,0,-0.7071068,0
34.1596,39,5,1,0.1189841,1.363509,-0.6515332,-0.0251548,-0.9493307,-0.3132639,0.460174,0.6458784,0.2428382,-0.07048784,0.6412166,0.1048696,-0.03625983,1.197713,0.09162293,-0.04544967,-0.9605585,-0.1573909,0.1637402,1.314432,-0.7711807,0,0,0,0,-0.7071068,0,0,0,0,0,-0.7071068,0,0,0,0,0,-0.7071068,0,0,0,0,0,-0.7071068,0,0,0,0,0,-0.7071068,0
34.18135,39,5,1,0.1204797,1.353261,-0.6573156,-0.02207972,-0.952446,-0.3038909,0.4601775,0.6457969,0.2426451,-0.0707228,0.6416302,0.1041968,-0.03576463,1.198448,0.08911072,-0.04654255,-0.9606467,-0.155409,0.1642354,1.304114,-0.778502,0,0,0,0,-0.7071068,0,0,0,0,0,-0.7071068,0,0,0,0,0,-0.7071068,0,0,0,0,0,-0.7071068,0,0,0,0,0,-0.7071068,0
34.19353,39,5,1,0.1214346,1.347967,-0.660215,-0.01780988,-0.9540977,-0.2989195,0.4601903,0.6457778,0.2425492,-0.07083911,0.6417991,0.1038686,-0.03564541,1.199094,0.08774608,-0.04731546,-0.9606063,-0.1548241,0.1643546,1.299119,-0.7822437,0,0,0,0,-0.7071068,0,0,0,0,0,-0.7071068,0,0,0,0,0,-0.7071068,0,0,0,0,0,-0.7071068,0,0,0,0,0,-0.7071068,0
34.2146,39,5,1,0.1241987,1.337102,-0.6663144,-0.006210178,-0.957423,-0.2883177,0.4601547,0.6458117,0.2425097,-0.07001957,0.6422184,0.1041019,-0.03600979,1.200592,0.0846841,-0.04593565,-0.9606386,-0.1538588,0.1639902,1.289297,-0.7899188,0,0,0,0,-0.7071068,0,0,0,0,0,-0.7071068,0,0,0,0,0,-0.7071068,0,0,0,0,0,-0.7071068,0,0,0,0,0,-0.7071068,0
34.22645,39,5,1,0.1254218,1.331613,-0.6690331,-0.003967211,-0.9584365,-0.2848424,0.4601595,0.6457658,0.2425217,-0.06939502,0.6422359,0.1044056,-0.03633209,1.201112,0.08312733,-0.0434621,-0.9609375,-0.152404,0.1636679,1.284352,-0.7936289,0,0,0,0,-0.7071068,0,0,0,0,0,-0.7071068,0,0,0,0,0,-0.7071068,0,0,0,0,0,-0.7071068,0,0,0,0,0,-0.7071068,0
34.24826,39,5,1,0.1274722,1.320477,-0.6746035,-0.0006525367,-0.960158,-0.2787888,0.460024,0.6455271,0.2428839,-0.06834121,0.6420829,0.1050302,-0.03725391,1.201528,0.07983942,-0.03417362,-0.9620626,-0.1476086,0.1627461,1.273489,-0.8012127,0,0,0,0,-0.7071068,0,0,0,0,0,-0.7071068,0,0,0,0,0,-0.7071068,0,0,0,0,0,-0.7071068,0,0,0,0,0,-0.7071068,0
34.25979,39,5,1,0.1283284,1.314749,-0.6773351,-0.000146091,-0.9608945,-0.2761575,0.4599595,0.6454036,0.2429915,-0.06813505,0.6418603,0.1051785,-0.03781828,1.201447,0.07820537,-0.02830369,-0.9628094,-0.1443858,0.1621817,1.267543,-0.8050019,0,0,0,0,-0.7071068,0,0,0,0,0,-0.7071068,0,0,0,0,0,-0.7071068,0,0,0,0,0,-0.7071068,0,0,0,0,0,-0.7071068,0
34.28133,39,5,1,0.1307466,1.302402,-0.6827679,-0.008948177,-0.9622101,-0.2713471,0.4598514,0.645353,0.2431503,-0.06865293,0.6413565,0.1050143,-0.03903902,1.201264,0.07486176,-0.01857366,-0.9643775,-0.1373583,0.160961,1.256088,-0.8123387,0,0,0,0,-0.7071068,0,0,0,0,0,-0.7071068,0,0,0,0,0,-0.7071068,0,0,0,0,0,-0.7071068,0,0,0,0,0,-0.7071068,0
34.29302,39,5,1,0.1318854,1.296154,-0.6855114,-0.01339652,-0.9629586,-0.2685054,0.4598434,0.6453456,0.2431793,-0.06878623,0.6412558,0.1049722,-0.03974911,1.201099,0.07318607,-0.01485826,-0.9652026,-0.1337335,0.1602509,1.250206,-0.815966,0,0,0,0,-0.7071068,0,0,0,0,0,-0.7071068,0,0,0,0,0,-0.7071068,0,0,0,0,0,-0.7071068,0,0,0,0,0,-0.7071068,0
34.31471,39,5,1,0.1339212,1.283413,-0.6911846,-0.01770467,-0.9652039,-0.2602015,0.4600568,0.6453964,0.2431916,-0.07007694,0.6413957,0.103567,-0.04115634,1.200541,0.06974211,-0.00988033,-0.966998,-0.1255675,0.1588437,1.238242,-0.8231563,0,0,0,0,-0.7071068,0,0,0,0,0,-0.7071068,0,0,0,0,0,-0.7071068,0,0,0,0,0,-0.7071068,0,0,0,0,0,-0.7071068,0
34.32614,39,5,1,0.1347054,1.277026,-0.6938067,-0.01480697,-0.9665998,-0.2551986,0.4602709,0.6453724,0.2430675,-0.07063641,0.6418006,0.1025283,-0.04191495,1.200179,0.06801311,-0.007976308,-0.967874,-0.1213859,0.158085,1.232,-0.8267414,0,0,0,0,-0.7071068,0,0,0,0,0,-0.7071068,0,0,0,0,0,-0.7071068,0,0,0,0,0,-0.7071068,0,0,0,0,0,-0.7071068,0
34.34796,39,5,1,0.1372443,1.264413,-0.6985779,-0.00925152,-0.9690909,-0.2457386,0.4607117,0.6452216,0.2427714,-0.07089893,0.6426079,0.1009847,-0.04343685,1.199413,0.06452549,-0.004572224,-0.9697166,-0.1130202,0.1565631,1.219765,-0.8337024,0,0,0,0,-0.7071068,0,0,0,0,0,-0.7071068,0,0,0,0,0,-0.7071068,0,0,0,0,0,-0.7071068,0,0,0,0,0,-0.7071068,0
34.35967,39,5,1,0.1388481,1.257707,-0.701206,-0.008067146,-0.9702746,-0.24094,0.4609912,0.6449645,0.2426036,-0.07073633,0.643255,0.1000062,-0.04429604,1.199011,0.06281871,-0.002817821,-0.9705887,-0.1093538,0.155704,1.213489,-0.8371139,0,0,0,0,-0.7071068,0,0,0,0,0,-0.7071068,0,0,0,0,0,-0.7071068,0,0,0,0,0,-0.7071068,0,0,0,0,0,-0.7071068,0
34.38115,39,5,1,0.1428165,1.2449,-0.7053612,-0.01080172,-0.9723473,-0.2317498,0.4612984,0.6445556,0.2422716,-0.06991581,0.644694,0.09828921,-0.04582674,1.198311,0.05929166,0.0008906797,-0.9722305,-0.1027665,0.1541733,1.201075,-0.8438928,0,0,0,0,-0.7071068,0,0,0,0,0,-0.7071068,0,0,0,0,0,-0.7071068,0,0,0,0,0,-0.7071068,0,0,0,0,0,-0.7071068,0
34.39347,39,5,1,0.1447125,1.23883,-0.7070485,-0.01275271,-0.9730524,-0.2283812,0.4614504,0.6443044,0.2420709,-0.0692811,0.6455109,0.09751289,-0.04665766,1.197965,0.05752473,0.002513412,-0.9730077,-0.09983775,0.1533423,1.195023,-0.8471727,0,0,0,0,-0.7071068,0,0,0,0,0,-0.7071068,0,0,0,0,0,-0.7071068,0,0,0,0,0,-0.7071068,0,0,0,0,0,-0.7071068,0
34.41446,39,5,1,0.1480653,1.227129,-0.7105821,-0.01743518,-0.974167,-0.2228382,0.4615077,0.64408,0.241816,-0.06917601,0.6467002,0.09611569,-0.04823579,1.197387,0.05391131,0.00600975,-0.9744116,-0.09473879,0.1517642,1.182726,-0.8537491,0,0,0,0,-0.7071068,0,0,0,0,0,-0.7071068,0,0,0,0,0,-0.7071068,0,0,0,0,0,-0.7071068,0,0,0,0,0,-0.7071068,0
34.42622,39,5,1,0.1492173,1.221706,-0.7120877,-0.01835782,-0.9746391,-0.2206284,0.4614594,0.6440384,0.2416794,-0.06958239,0.6471184,0.0954918,-0.04910465,1.197185,0.05207419,0.007760797,-0.975058,-0.09229575,0.1508954,1.17665,-0.8569989,0,0,0,0,-0.7071068,0,0,0,0,0,-0.7071068,0,0,0,0,0,-0.7071068,0,0,0,0,0,-0.7071068,0,0,0,0,0,-0.7071068,0
34.44796,39,5,1,0.1510046,1.21131,-0.7153471,-0.0184091,-0.9758009,-0.2154893,0.4610604,0.6443328,0.241494,-0.071176,0.6474652,0.0951354,-0.05100008,1.196693,0.04855519,0.01153081,-0.9763166,-0.08824432,0.1489999,1.164132,-0.8632611,0,0,0,0,-0.7071068,0,0,0,0,0,-0.7071068,0,0,0,0,0,-0.7071068,0,0,0,0,0,-0.7071068,0,0,0,0,0,-0.7071068,0
34.45964,39,5,1,0.1524692,1.205663,-0.717557,-0.01910007,-0.9764555,-0.2123959,0.4608161,0.6446205,0.2415938,-0.07198872,0.6473177,0.09528593,-0.05202457,1.19643,0.04679923,0.0136017,-0.976943,-0.08633061,0.1479754,1.158104,-0.8662613,0,0,0,0,-0.7071068,0,0,0,0,0,-0.7071068,0,0,0,0,0,-0.7071068,0,0,0,0,0,-0.7071068,0,0,0,0,0,-0.7071068,0
34.48119,39,5,0,0.1544367,1.194868,-0.7208059,-0.01806991,-0.9778386,-0.2060314,0.4604223,0.6450043,0.241733,-0.07407321,0.6469986,0.09529029,-0.05417584,1.195839,0.04340298,0.01840125,-0.9782835,-0.08229421,0.1458242,1.145747,-0.8720561,0,0,0,0,-0.7071068,0,0,0,0,0,-0.7071068,0,0,0,0,0,-0.7071068,0,0,0,0,0,-0.7071068,0,0,0,0,0,-0.7071068,0
34.49285,39,5,0,0.1554274,1.189463,-0.7222517,-0.01629951,-0.9785708,-0.2025473,0.4602164,0.645154,0.2417465,-0.07509401,0.6467126,0.09508673,-0.0553545,1.195542,0.04174676,0.0210669,-0.9790186,-0.079775,0.1446455,1.139482,-0.874857,0,0,0,0,-0.7071068,0,0,0,0,0,-0.7071068,0,0,0,0,0,-0.7071068,0,0,0,0,0,-0.7071068,0,0,0,0,0,-0.7071068,0
34.51452,39,5,0,0.1582268,1.17833,-0.7251773,-0.01681302,-0.9799696,-0.1948723,0.4598748,0.6454114,0.2418152,-0.07687753,0.6461182,0.09559534,-0.0576495,1.194855,0.03860116,0.02663459,-0.9804806,-0.07427919,0.1423505,1.126906,-0.8801396,0,0,0,0,-0.7071068,0,0,0,0,0,-0.7071068,0,0,0,0,0,-0.7071068,0,0,0,0,0,-0.7071068,0,0,0,0,0,-0.7071068,0
34.52633,39,5,0,0.1595425,1.172915,-0.7264958,-0.01712132,-0.9805783,-0.1913078,0.4596856,0.6454425,0.2416939,-0.07744468,0.6459455,0.09575767,-0.05877935,1.194495,0.03706663,0.02907417,-0.9811374,-0.07199618,0.1412207,1.120568,-0.8826773,0,0,0,0,-0.7071068,0,0,0,0,0,-0.7071068,0,0,0,0,0,-0.7071068,0,0,0,0,0,-0.7071068,0,0,0,0,0,-0.7071068,0
34.54897,39,5,0,0.1622301,1.16298,-0.729277,-0.01890767,-0.9814277,-0.1859553,0.4596236,0.6455251,0.24171,-0.07801778,0.6454151,0.09538697,-0.06096194,1.193825,0.0343793,0.03350706,-0.9822833,-0.06756968,0.1390381,1.107602,-0.8872778,0,0,0,0,-0.7071068,0,0,0,0,0,-0.7071068,0,0,0,0,0,-0.7071068,0,0,0,0,0,-0.7071068,0,0,0,0,0,-0.7071068,0
34.56062,39,5,0,0.1632826,1.157979,-0.730841,-0.02047098,-0.9817142,-0.1840643,0.4597049,0.645444,0.2417439,-0.07740699,0.6450495,0.09517482,-0.06197346,1.193539,0.03312477,0.03547003,-0.982771,-0.06557471,0.1380265,1.101072,-0.8894272,0,0,0,0,-0.7071068,0,0,0,0,0,-0.7071068,0,0,0,0,0,-0.7071068,0,0,0,0,0,-0.7071068,0,0,0,0,0,-0.7071068,0
34.57201,39,5,0,0.1639021,1.153319,-0.7320896,-0.02205458,-0.9819297,-0.1826245,0.4595675,0.6453778,0.2418285,-0.07734033,0.6446953,0.09514084,-0.06293087,1.193197,0.03187735,0.03733366,-0.9832151,-0.06343044,0.1370691,1.094443,-0.8915237,0,0,0,0,-0.7071068,0,0,0,0,0,-0.7071068,0,0,0,0,0,-0.7071068,0,0,0,0,0,-0.7071068,0,0,0,0,0,-0.7071068,0
34.58339,39,5,0,0.1645692,1.148351,-0.7337618,-0.02269752,-0.9823405,-0.1803943,0.4597984,0.6452667,0.2418405,-0.07687195,0.6442788,0.09468502,-0.06383507,1.192828,0.03071562,0.03932838,-0.9836115,-0.0611365,0.1361649,1.087926,-0.8934656,0,0,0,0,-0.7071068,0,0,0,0,0,-0.7071068,0,0,0,0,0,-0.7071068,0,0,0,0,0,-0.7071068,0,0,0,0,0,-0.7071068,0
34.59506,39,5,0,0.1649504,1.143539,-0.7353969,-0.02310561,-0.9828262,-0.1777912,0.4598654,0.6453917,0.2418742,-0.07664926,0.6440851,0.09458238,-0.06466424,1.19241,0.02961333,0.04143008,-0.9839985,-0.05873173,0.1353358,1.081355,-0.8952987,0,0,0,0,-0.7071068,0,0,0,0,0,-0.7071068,0,0,0,0,0,-0.7071068,0,0,0,0,0,-0.7071068,0,0,0,0,0,-0.7071068,0
34.61753,39,5,0,0.1652276,1.133537,-0.7381545,-0.02527782,-0.9837391,-0.1724687,0.4602398,0.6452763,0.2417143,-0.07590687,0.6440169,0.09410559,-0.06624515,1.191586,0.0274096,0.0456944,-0.9846348,-0.0540136,0.1337548,1.068211,-0.8988175,0,0,0,0,-0.7071068,0,0,0,0,0,-0.7071068,0,0,0,0,0,-0.7071068,0,0,0,0,0,-0.7071068,0,0,0,0,0,-0.7071068,0
34.62912,39,5,0,0.1653676,1.12844,-0.7394691,-0.02709491,-0.9841654,-0.1698048,0.4603961,0.6452051,0.2415797,-0.0756249,0.6440185,0.0938015,-0.06691726,1.191278,0.02633947,0.04750333,-0.9848904,-0.05187317,0.1330827,1.061742,-0.9004712,0,0,0,0,-0.7071068,0,0,0,0,0,-0.7071068,0,0,0,0,0,-0.7071068,0,0,0,0,0,-0.7071068,0,0,0,0,0,-0.7071068,0
34.64085,39,5,0,0.1655327,1.123369,-0.740748,-0.02991247,-0.9846,-0.1668818,0.4604793,0.6450846,0.241603,-0.0753044,0.6440974,0.09356197,-0.06751406,1.190936,0.0253869,0.04911282,-0.9850963,-0.04982133,0.1324859,1.055119,-0.9019679,0,0,0,0,-0.7071068,0,0,0,0,0,-0.7071068,0,0,0,0,0,-0.7071068,0,0,0,0,0,-0.7071068,0,0,0,0,0,-0.7071068,0
34.65221,39,5,0,0.1655817,1.118273,-0.7420214,-0.03169073,-0.9850351,-0.1639849,0.4605679,0.6449955,0.2415164,-0.07517618,0.6441389,0.0930827,-0.06811231,1.19061,0.02446022,0.05060944,-0.9852797,-0.04777632,0.1318877,1.048424,-0.9033942,0,0,0,0,-0.7071068,0,0,0,0,0,-0.7071068,0,0,0,0,0,-0.7071068,0,0,0,0,0,-0.7071068,0,0,0,0,0,-0.7071068,0
34.66362,39,5,0,0.1658157,1.112976,-0.7435566,-0.0315168,-0.9856373,-0.1603976,0.460661,0.6449151,0.2414275,-0.07507577,0.6439974,0.09273341,-0.06853232,1.190234,0.02361471,0.05172028,-0.9854386,-0.04558937,0.1314677,1.041885,-0.9046733,0,0,0,0,-0.7071068,0,0,0,0,0,-0.7071068,0,0,0,0,0,-0.7071068,0,0,0,0,0,-0.7071068,0,0,0,0,0,-0.7071068,0
34.67551,39,5,0,0.1656452,1.107851,-0.7448063,-0.03010484,-0.9863232,-0.1563982,0.4607022,0.6449618,0.2413485,-0.07525359,0.6438726,0.09253506,-0.06891311,1.189821,0.02283058,0.05271388,-0.9855456,-0.04341922,0.1310869,1.035275,-0.9058439,0,0,0,0,-0.7071068,0,0,0,0,0,-0.7071068,0,0,0,0,0,-0.7071068,0,0,0,0,0,-0.7071068,0,0,0,0,0,-0.7071068,0
34.69723,39,5,0,0.1655823,1.097669,-0.7472857,-0.03003033,-0.9873428,-0.1498017,0.4607265,0.6450328,0.2411784,-0.07625311,0.6435539,0.09213351,-0.06948809,1.188955,0.02137585,0.05395094,-0.9857969,-0.03867152,0.1305119,1.02218,-0.9079162,0,0,0,0,-0.7071068,0,0,0,0,0,-0.7071068,0,0,0,0,0,-0.7071068,0,0,0,0,0,-0.7071068,0,0,0,0,0,-0.7071068,0
34.70882,39,5,0,0.1655353,1.09265,-0.7482165,-0.0317689,-0.9876388,-0.1473013,0.4606823,0.6451074,0.2411102,-0.07679767,0.6434748,0.09198255,-0.06968841,1.188509,0.02072243,0.05425654,-0.9858743,-0.03640614,0.1303116,1.015688,-0.9088039,0,0,0,0,-0.7071068,0,0,0,0,0,-0.7071068,0,0,0,0,0,-0.7071068,0,0,0,0,0,-0.7071068,0,0,0,0,0,-0.7071068,0
34.73092,39,5,0,0.165371,1.083003,-0.7499977,-0.03465196,-0.9881305,-0.1430474,0.4605899,0.6451877,0.241078,-0.07744291,0.6435734,0.0916472,-0.07003429,1.187694,0.01936506,0.05458761,-0.9860163,-0.0319652,0.1299657,1.002721,-0.9104902,0,0,0,0,-0.7071068,0,0,0,0,0,-0.7071068,0,0,0,0,0,-0.7071068,0,0,0,0,0,-0.7071068,0,0,0,0,0,-0.7071068,0
34.74238,39,5,0,0.1651395,1.07821,-0.7509323,-0.03598103,-0.9883803,-0.1408366,0.4605618,0.6451169,0.2409961,-0.07759961,0.6437165,0.0913519,-0.07013179,1.18727,0.01877963,0.05479122,-0.9860715,-0.02987392,0.1298682,0.9961205,-0.9111701,0,0,0,0,-0.7071068,0,0,0,0,0,-0.7071068,0,0,0,0,0,-0.7071068,0,0,0,0,0,-0.7071068,0,0,0,0,0,-0.7071068,0
34.76384,39,5,0,0.1644954,1.068205,-0.7532438,-0.0403325,-0.9888991,-0.1358235,0.4605046,0.6450568,0.2409432,-0.07766754,0.6440361,0.09094238,-0.07013459,1.186544,0.0176694,0.05506631,-0.9861584,-0.02531785,0.1298654,0.9834347,-0.9123244,0,0,0,0,-0.7071068,0,0,0,0,0,-0.7071068,0,0,0,0,0,-0.7071068,0,0,0,0,0,-0.7071068,0,0,0,0,0,-0.7071068,0
34.77593,39,5,0,0.1638585,1.063296,-0.7541555,-0.04233484,-0.9891905,-0.1332113,0.4605366,0.6451074,0.2408999,-0.07755365,0.6443186,0.0908004,-0.07007255,1.186173,0.01716553,0.05511844,-0.9862024,-0.02305219,0.1299275,0.9771076,-0.9127818,0,0,0,0,-0.7071068,0,0,0,0,0,-0.7071068,0,0,0,0,0,-0.7071068,0,0,0,0,0,-0.7071068,0,0,0,0,0,-0.7071068,0
34.79722,39,5,0,0.1627082,1.053589,-0.7561213,-0.0442531,-0.9898776,-0.1276992,0.4605544,0.6450902,0.2409019,-0.07743131,0.6446652,0.0906758,-0.06988338,1.185386,0.01624086,0.05500015,-0.9862036,-0.01884046,0.1301166,0.9641086,-0.9134688,0,0,0,0,-0.7071068,0,0,0,0,0,-0.7071068,0,0,0,0,0,-0.7071068,0,0,0,0,0,-0.7071068,0,0,0,0,0,-0.7071068,0
34.80876,39,5,0,0.1619183,1.048662,-0.7570077,-0.04431904,-0.9902999,-0.1245399,0.4605531,0.6450902,0.2409132,-0.07728807,0.6448244,0.09076344,-0.06972384,1.184999,0.01581635,0.0548555,-0.9861794,-0.01683409,0.1302762,0.9577654,-0.9137081,0,0,0,0,-0.7071068,0,0,0,0,0,-0.7071068,0,0,0,0,0,-0.7071068,0,0,0,0,0,-0.7071068,0,0,0,0,0,-0.7071068,0
34.8305,39,5,0,0.160877,1.038861,-0.7584096,-0.0461337,-0.9908216,-0.1190904,0.4605176,0.6449111,0.2409582,-0.07709718,0.6451139,0.09100248,-0.06933406,1.184302,0.0150626,0.05462153,-0.9861259,-0.01299142,0.1306659,0.9448909,-0.9139411,0,0,0,0,-0.7071068,0,0,0,0,0,-0.7071068,0,0,0,0,0,-0.7071068,0,0,0,0,0,-0.7071068,0,0,0,0,0,-0.7071068,0
34.84226,39,5,0,0.1606598,1.03415,-0.7590123,-0.04804371,-0.9909043,-0.116888,0.4605067,0.6449052,0.2409671,-0.07717252,0.6451834,0.09095187,-0.0691021,1.183953,0.01472379,0.05454276,-0.9860877,-0.01129844,0.1308979,0.9386269,-0.9139581,0,0,0,0,-0.7071068,0,0,0,0,0,-0.7071068,0,0,0,0,0,-0.7071068,0,0,0,0,0,-0.7071068,0,0,0,0,0,-0.7071068,0
34.86389,39,5,0,0.159619,1.024753,-0.760569,-0.05291541,-0.9910561,-0.112531,0.4604677,0.6449107,0.2410243,-0.07749133,0.6452417,0.09069863,-0.06870936,1.183383,0.01407091,0.05449592,-0.9860283,-0.007755484,0.1312906,0.9259492,-0.9138117,0,0,0,0,-0.7071068,0,0,0,0,0,-0.7071068,0,0,0,0,0,-0.7071068,0,0,0,0,0,-0.7071068,0,0,0,0,0,-0.7071068,0
34.87577,39,5,0,0.1588137,1.02024,-0.761247,-0.05546784,-0.9911153,-0.1107007,0.4604545,0.6449306,0.2410407,-0.07761469,0.645319,0.09072803,-0.06849825,1.183014,0.01380199,0.05457257,-0.9859962,-0.005825123,0.1315018,0.9195609,-0.9136128,0,0,0,0,-0.7071068,0,0,0,0,0,-0.7071068,0,0,0,0,0,-0.7071068,0,0,0,0,0,-0.7071068,0,0,0,0,0,-0.7071068,0
34.89724,39,5,1,0.1564852,1.011564,-0.7631744,-0.05648185,-0.9916363,-0.1064999,0.4604562,0.6449004,0.2411085,-0.07789193,0.6453338,0.09072152,-0.06793672,1.182367,0.0133018,0.05462704,-0.9859309,-0.001915593,0.1320633,0.906847,-0.9130335,0,0,0,0,-0.7071068,0,0,0,0,0,-0.7071068,0,0,0,0,0,-0.7071068,0,0,0,0,0,-0.7071068,0,0,0,0,0,-0.7071068,0
34.90874,39,5,1,0.1552638,1.007179,-0.7639154,-0.05683527,-0.9918966,-0.1044151,0.4604702,0.6449035,0.2411343,-0.07791347,0.645326,0.09076626,-0.06765015,1.182053,0.01305001,0.05429937,-0.9858741,-0.0001091398,0.1323498,0.9005271,-0.9126777,0,0,0,0,-0.7071068,0,0,0,0,0,-0.7071068,0,0,0,0,0,-0.7071068,0,0,0,0,0,-0.7071068,0,0,0,0,0,-0.7071068,0
34.93068,39,5,1,0.152774,0.9981765,-0.7650162,-0.05722189,-0.9924459,-0.09974128,0.4604645,0.6447854,0.2412592,-0.07761202,0.6450982,0.09095962,-0.06692628,1.181454,0.01256052,0.05341799,-0.9857566,0.003077861,0.1330737,0.8879355,-0.911813,0,0,0,0,-0.7071068,0,0,0,0,0,-0.7071068,0,0,0,0,0,-0.7071068,0,0,0,0,0,-0.7071068,0,0,0,0,0,-0.7071068,0
34.94242,39,5,1,0.151848,0.9935656,-0.7654523,-0.05782792,-0.9926582,-0.09739265,0.4605567,0.6447977,0.2413368,-0.07739121,0.6449393,0.09113809,-0.06655302,1.181111,0.01236901,0.05299474,-0.9856777,0.004835371,0.133447,0.8815101,-0.9112456,0,0,0,0,-0.7071068,0,0,0,0,0,-0.7071068,0,0,0,0,0,-0.7071068,0,0,0,0,0,-0.7071068,0,0,0,0,0,-0.7071068,0
34.96386,39,5,1,0.1505398,0.9842578,-0.7661661,-0.06101003,-0.992886,-0.09257694,0.4606663,0.6447214,0.2413803,-0.07669269,0.6448396,0.09149293,-0.06576853,1.180286,0.01215028,0.05218964,-0.9855074,0.008305486,0.1342315,0.8688085,-0.9098424,0,0,0,0,-0.7071068,0,0,0,0,0,-0.7071068,0,0,0,0,0,-0.7071068,0,0,0,0,0,-0.7071068,0,0,0,0,0,-0.7071068,0
34.97532,39,5,1,0.1501625,0.9792789,-0.7668155,-0.06436158,-0.9929501,-0.08921541,0.46068,0.6446288,0.2414336,-0.07647838,0.6448206,0.09161215,-0.06538739,1.179926,0.01201426,0.05207275,-0.9853946,0.009905659,0.1346126,0.8624411,-0.9090871,0,0,0,0,-0.7071068,0,0,0,0,0,-0.7071068,0,0,0,0,0,-0.7071068,0,0,0,0,0,-0.7071068,0,0,0,0,0,-0.7071068,0
34.99714,39,5,1,0.1491591,0.9701507,-0.7676798,-0.06864905,-0.9931227,-0.08345331,0.4607551,0.6446106,0.241399,-0.07610963,0.6448292,0.09184771,-0.06466705,1.179202,0.01156157,0.0512921,-0.9851604,0.0130755,0.135333,0.8498116,-0.9076316,0,0,0,0,-0.7071068,0,0,0,0,0,-0.7071068,0,0,0,0,0,-0.7071068,0,0,0,0,0,-0.7071068,0,0,0,0,0,-0.7071068,0
35.0086,39,5,1,0.1485536,0.9656293,-0.7679724,-0.06977515,-0.9932338,-0.08102617,0.4607686,0.6445984,0.2413681,-0.07601646,0.6448458,0.09191655,-0.0643454,1.17886,0.01132376,0.05093796,-0.9850298,0.01476547,0.1356546,0.843502,-0.9068416,0,0,0,0,-0.7071068,0,0,0,0,0,-0.7071068,0,0,0,0,0,-0.7071068,0,0,0,0,0,-0.7071068,0,0,0,0,0,-0.7071068,0
35.03043,39,5,1,0.1471647,0.9571952,-0.7684945,-0.07078674,-0.9934989,-0.07739773,0.4608224,0.6446123,0.2411855,-0.07618265,0.6448934,0.09213795,-0.06371993,1.178045,0.01085509,0.05070917,-0.9847863,0.01854443,0.1362801,0.83079,-0.9051188,0,0,0,0,-0.7071068,0,0,0,0,0,-0.7071068,0,0,0,0,0,-0.7071068,0,0,0,0,0,-0.7071068,0,0,0,0,0,-0.7071068,0
35.04208,39,5,1,0.1465188,0.9528515,-0.7686597,-0.07194849,-0.9935751,-0.07555939,0.4607762,0.6446683,0.2411637,-0.07638343,0.6448585,0.09222154,-0.06346876,1.17762,0.01062711,0.05066895,-0.9846423,0.02061438,0.1365312,0.8244553,-0.9041869,0,0,0,0,-0.7071068,0,0,0,0,0,-0.7071068,0,0,0,0,0,-0.7071068,0,0,0,0,0,-0.7071068,0,0,0,0,0,-0.7071068,0
35.0638,39,5,1,0.1457108,0.9438679,-0.768694,-0.07565333,-0.9935941,-0.07122502,0.4606427,0.6446379,0.2411223,-0.07667291,0.6447423,0.09246863,-0.06295788,1.176831,0.01001339,0.05072824,-0.9844066,0.02455278,0.1370421,0.8117798,-0.9023238,0,0,0,0,-0.7071068,0,0,0,0,0,-0.7071068,0,0,0,0,0,-0.7071068,0,0,0,0,0,-0.7071068,0,0,0,0,0,-0.7071068,0
35.07541,39,5,1,0.1454312,0.9392537,-0.7689811,-0.07725865,-0.9936355,-0.06857877,0.4606189,0.6446347,0.2411027,-0.0767476,0.6447458,0.09255087,-0.06276017,1.176422,0.009733237,0.0506545,-0.984285,0.02665548,0.1372398,0.8054932,-0.9013076,0,0,0,0,-0.7071068,0,0,0,0,0,-0.7071068,0,0,0,0,0,-0.7071068,0,0,0,0,0,-0.7071068,0,0,0,0,0,-0.7071068,0
35.09713,40,5,1,0.1446489,0.930214,-0.7691718,-0.07928995,-0.9938272,-0.06322483,0.4605503,0.6449291,0.2410733,-0.07678785,0.6447449,0.09260715,-0.06233941,1.175625,0.009096533,0.05079642,-0.9840031,0.03056186,0.1376606,0.7929482,-0.8992102,0,0,0,0,-0.7071068,0,0,0,0,0,-0.7071068,0,0,0,0,0,-0.7071068,0,0,0,0,0,-0.7071068,0,0,0,0,0,-0.7071068,0
35.10852,40,5,1,0.1441367,0.9259526,-0.7692639,-0.07965078,-0.9939903,-0.06057381,0.460531,0.644953,0.2410861,-0.07680847,0.6446968,0.09267385,-0.06212206,1.175266,0.00874237,0.05066089,-0.9838587,0.03238691,0.1378779,0.7866867,-0.8981181,0,0,0,0,-0.7071068,0,0,0,0,0,-0.7071068,0,0,0,0,0,-0.7071068,0,0,0,0,0,-0.7071068,0,0,0,0,0,-0.7071068,0
35.13041,40,5,1,0.1432232,0.917413,-0.7692786,-0.08098114,-0.9942014,-0.05575124,0.4606549,0.6448138,0.241134,-0.07644864,0.6446473,0.09261086,-0.06172974,1.174562,0.007969797,0.05058048,-0.9835441,0.03602795,0.1382703,0.7742929,-0.8958818,0,0,0,0,-0.7071068,0,0,0,0,0,-0.7071068,0,0,0,0,0,-0.7071068,0,0,0,0,0,-0.7071068,0,0,0,0,0,-0.7071068,0
35.1423,40,5,1,0.1428389,0.9131082,-0.7692214,-0.08214345,-0.9942371,-0.05348213,0.4606656,0.6448289,0.2412128,-0.07631144,0.6446771,0.09255184,-0.06156088,1.174219,0.007601283,0.05070546,-0.9834038,0.03777409,0.1384391,0.7681161,-0.8946763,0,0,0,0,-0.7071068,0,0,0,0,0,-0.7071068,0,0,0,0,0,-0.7071068,0,0,0,0,0,-0.7071068,0,0,0,0,0,-0.7071068,0
35.16376,40,5,1,0.1422874,0.9046476,-0.7688731,-0.08495482,-0.9942,-0.04934689,0.4606601,0.6447395,0.2413504,-0.07606184,0.6447291,0.09252369,-0.06121962,1.173514,0.006826494,0.05117571,-0.9831743,0.04112944,0.1387804,0.7557536,-0.8921597,0,0,0,0,-0.7071068,0,0,0,0,0,-0.7071068,0,0,0,0,0,-0.7071068,0,0,0,0,0,-0.7071068,0,0,0,0,0,-0.7071068,0
35.17539,40,5,1,0.1420744,0.9002867,-0.7688361,-0.08583857,-0.9942216,-0.0472323,0.4606904,0.6447917,0.2413004,-0.07600355,0.6448086,0.09253405,-0.06106486,1.173163,0.006456923,0.05138114,-0.9830664,0.04284892,0.1389351,0.7496071,-0.89082,0,0,0,0,-0.7071068,0,0,0,0,0,-0.7071068,0,0,0,0,0,-0.7071068,0,0,0,0,0,-0.7071068,0,0,0,0,0,-0.7071068,0
35.19698,40,5,1,0.1418835,0.8917453,-0.7686988,-0.0869294,-0.9942912,-0.04293393,0.4605811,0.6446195,0.2413155,-0.07605349,0.6448181,0.09242001,-0.06078393,1.172543,0.005498342,0.05209532,-0.9828426,0.04621484,0.1392161,0.7374808,-0.8882394,0,0,0,0,-0.7071068,0,0,0,0,0,-0.7071068,0,0,0,0,0,-0.7071068,0,0,0,0,0,-0.7071068,0,0,0,0,0,-0.7071068,0
35.2089,40,5,1,0.1416477,0.8873672,-0.7684623,-0.08795287,-0.994274,-0.04073374,0.4605506,0.6445975,0.2413389,-0.07611992,0.6448961,0.09239241,-0.06068011,1.17206,0.005099289,0.05210147,-0.982738,0.04802147,0.1393199,0.7312486,-0.8867967,0,0,0,0,-0.7071068,0,0,0,0,0,-0.7071068,0,0,0,0,0,-0.7071068,0,0,0,0,0,-0.7071068,0,0,0,0,0,-0.7071068,0
35.23042,40,5,1,0.1408779,0.8782814,-0.7680389,-0.09119569,-0.9941791,-0.03520599,0.4605736,0.6446438,0.2413845,-0.076138,0.6449375,0.09242879,-0.06045896,1.171336,0.00442671,0.05258087,-0.9825587,0.0516841,0.139541,0.7190255,-0.8836377,0,0,0,0,-0.7071068,0,0,0,0,0,-0.7071068,0,0,0,0,0,-0.7071068,0,0,0,0,0,-0.7071068,0,0,0,0,0,-0.7071068,0
35.24254,40,5,1,0.1405353,0.8737208,-0.7677072,-0.09214626,-0.9941833,-0.03246498,0.4605826,0.6446311,0.2414335,-0.07605141,0.6449082,0.09242977,-0.06032784,1.170972,0.004066341,0.05283467,-0.9824664,0.05337892,0.1396722,0.7129123,-0.882008,0,0,0,0,-0.7071068,0,0,0,0,0,-0.7071068,0,0,0,0,0,-0.7071068,0,0,0,0,0,-0.7071068,0,0,0,0,0,-0.7071068,0
35.26368,40,5,1,0.1396049,0.86484,-0.7669998,-0.09202978,-0.9943933,-0.02770776,0.4604823,0.6447493,0.2416064,-0.07607623,0.6448125,0.09241999,-0.06007928,1.170252,0.003385305,0.05320014,-0.9822729,0.05660942,0.1399207,0.7007952,-0.8785936,0,0,0,0,-0.7071068,0,0,0,0,0,-0.7071068,0,0,0,0,0,-0.7071068,0,0,0,0,0,-0.7071068,0,0,0,0,0,-0.7071068,0
35.27553,40,5,1,0.1392795,0.8602273,-0.7665786,-0.09231946,-0.9944298,-0.02558683,0.4604246,0.6446879,0.2417646,-0.07606958,0.6447915,0.09247431,-0.05994441,1.169888,0.003074668,0.05340321,-0.9821753,0.05827405,0.1400556,0.6948186,-0.8768135,0,0,0,0,-0.7071068,0,0,0,0,0,-0.7071068,0,0,0,0,0,-0.7071068,0,0,0,0,0,-0.7071068,0,0,0,0,0,-0.7071068,0
35.29697,40,5,1,0.138646,0.8508445,-0.7654802,-0.0962591,-0.9941611,-0.02017295,0.4603739,0.6446956,0.2416959,-0.07612327,0.6449241,0.09246429,-0.05975153,1.169152,0.002417628,0.05395431,-0.9819394,0.06142757,0.1402485,0.6828181,-0.8731257,0,0,0,0,-0.7071068,0,0,0,0,0,-0.7071068,0,0,0,0,0,-0.7071068,0,0,0,0,0,-0.7071068,0,0,0,0,0,-0.7071068,0
35.30878,40,5,1,0.1383052,0.8460764,-0.7648865,-0.09690821,-0.9941643,-0.01705024,0.4603658,0.6447419,0.2415813,-0.07617181,0.6449749,0.09240028,-0.05967093,1.168774,0.002198692,0.05427555,-0.9818234,0.06275144,0.1403291,0.6768244,-0.8711031,0,0,0,0,-0.7071068,0,0,0,0,0,-0.7071068,0,0,0,0,0,-0.7071068,0,0,0,0,0,-0.7071068,0,0,0,0,0,-0.7071068,0
35.33035,40,5,1,0.1377186,0.8369495,-0.7638143,-0.09026985,-0.9949768,-0.009306025,0.4604627,0.6447078,0.2415192,-0.07629558,0.6449477,0.09218162,-0.05948926,1.168123,0.001691718,0.05436703,-0.9815861,0.06555826,0.1405107,0.6649476,-0.866977,0,0,0,0,-0.7071068,0,0,0,0,0,-0.7071068,0,0,0,0,0,-0.7071068,0,0,0,0,0,-0.7071068,0,0,0,0,0,-0.7071068,0
35.34217,40,5,1,0.1375069,0.8320619,-0.7630764,-0.08816675,-0.9951817,-0.005598836,0.4605267,0.6446422,0.2414397,-0.07633121,0.6449369,0.09218625,-0.05936098,1.167786,0.001408692,0.05447066,-0.9814746,0.06682514,0.140639,0.6590736,-0.8648989,0,0,0,0,-0.7071068,0,0,0,0,0,-0.7071068,0,0,0,0,0,-0.7071068,0,0,0,0,0,-0.7071068,0,0,0,0,0,-0.7071068,0
35.36388,40,5,1,0.1375973,0.8223494,-0.7615806,-0.09182975,-0.9947863,0.001755916,0.4606144,0.64478,0.2413355,-0.0763547,0.6448814,0.09206244,-0.05922652,1.167301,0.0009637624,0.05457922,-0.9812169,0.06935722,0.1407735,0.6475025,-0.8604634,0,0,0,0,-0.7071068,0,0,0,0,0,-0.7071068,0,0,0,0,0,-0.7071068,0,0,0,0,0,-0.7071068,0,0,0,0,0,-0.7071068,0
35.37561,40,5,1,0.137722,0.8175778,-0.7610406,-0.09420358,-0.9945279,0.004710376,0.4606279,0.644791,0.2412799,-0.07655693,0.6449135,0.09193488,-0.05911507,1.167055,0.0006866679,0.05468432,-0.9810603,0.07070018,0.1408849,0.6416684,-0.8582022,0,0,0,0,-0.7071068,0,0,0,0,0,-0.7071068,0,0,0,0,0,-0.7071068,0,0,0,0,0,-0.7071068,0,0,0,0,0,-0.7071068,0
35.39714,40,5,1,0.1377744,0.8091938,-0.7595586,-0.09400366,-0.9945123,0.00927569,0.460454,0.644631,0.2410438,-0.07708666,0.6449759,0.09154569,-0.05889434,1.166521,0.0001709163,0.05492517,-0.9807603,0.07324872,0.1411057,0.6302857,-0.853637,0,0,0,0,-0.7071068,0,0,0,0,0,-0.7071068,0,0,0,0,0,-0.7071068,0,0,0,0,0,-0.7071068,0,0,0,0,0,-0.7071068,0
35.40882,40,5,1,0.1376863,0.8051263,-0.7587365,-0.09178674,-0.9947189,0.01168879,0.4604806,0.6446273,0.2409526,-0.07716506,0.6451256,0.09118987,-0.05876952,1.166128,-0.0001837648,0.05494952,-0.9806025,0.07458977,0.1412305,0.624378,-0.8513304,0,0,0,0,-0.7071068,0,0,0,0,0,-0.7071068,0,0,0,0,0,-0.7071068,0,0,0,0,0,-0.7071068,0,0,0,0,0,-0.7071068,0
35.43037,40,5,1,0.1380285,0.7964379,-0.7569166,-0.0923835,-0.9945638,0.01697931,0.4606129,0.6445541,0.2408068,-0.07713206,0.6454471,0.09092115,-0.05853607,1.165524,-0.0007671043,0.05505831,-0.9803159,0.07712489,0.1414639,0.6129785,-0.8465487,0,0,0,0,-0.7071068,0,0,0,0,0,-0.7071068,0,0,0,0,0,-0.7071068,0,0,0,0,0,-0.7071068,0,0,0,0,0,-0.7071068,0
35.44213,40,5,1,0.1384204,0.7922529,-0.7560464,-0.0938067,-0.9943451,0.01944813,0.4606986,0.644455,0.240761,-0.07717837,0.6455183,0.09071442,-0.05841526,1.165314,-0.001103487,0.05531339,-0.9801662,0.07828911,0.1415847,0.6073982,-0.8441378,0,0,0,0,-0.7071068,0,0,0,0,0,-0.7071068,0,0,0,0,0,-0.7071068,0,0,0,0,0,-0.7071068,0,0,0,0,0,-0.7071068,0
35.46373,40,5,1,0.1391199,0.7839582,-0.7538871,-0.09399983,-0.9941587,0.0239837,0.4606856,0.6443892,0.240784,-0.07727332,0.6455331,0.09052006,-0.05823305,1.164861,-0.001669694,0.05589005,-0.9798786,0.08045872,0.141767,0.5962171,-0.8390573,0,0,0,0,-0.7071068,0,0,0,0,0,-0.7071068,0,0,0,0,0,-0.7071068,0,0,0,0,0,-0.7071068,0,0,0,0,0,-0.7071068,0
35.47514,40,5,1,0.1395518,0.7797354,-0.7528459,-0.0933947,-0.9941086,0.02642379,0.4607636,0.6444054,0.2409044,-0.0770687,0.6455081,0.09063664,-0.05810484,1.164588,-0.001917135,0.05619772,-0.9797156,0.08154581,0.1418952,0.5906371,-0.836432,0,0,0,0,-0.7071068,0,0,0,0,0,-0.7071068,0,0,0,0,0,-0.7071068,0,0,0,0,0,-0.7071068,0,0,0,0,0,-0.7071068,0
35.49691,40,5,0,0.1406566,0.7713938,-0.7503577,-0.09333514,-0.993892,0.03112692,0.4607703,0.6444138,0.2408514,-0.07699899,0.6452882,0.09075779,-0.05784563,1.164026,-0.002380095,0.05662337,-0.9793472,0.08387321,0.1421544,0.5795341,-0.8310302,0,0,0,0,-0.7071068,0,0,0,0,0,-0.7071068,0,0,0,0,0,-0.7071068,0,0,0,0,0,-0.7071068,0,0,0,0,0,-0.7071068,0
35.50855,40,5,0,0.1412566,0.7670377,-0.7489274,-0.09300327,-0.99379,0.0340116,0.4607458,0.6444281,0.240928,-0.07697862,0.6450994,0.09095661,-0.05766509,1.163794,-0.002798967,0.05659766,-0.9791442,0.08518726,0.1423349,0.5740966,-0.8284736,0,0,0,0,-0.7071068,0,0,0,0,0,-0.7071068,0,0,0,0,0,-0.7071068,0,0,0,0,0,-0.7071068,0,0,0,0,0,-0.7071068,0
35.53027,40,5,0,0.142459,0.7581676,-0.7460397,-0.09174272,-0.9935617,0.04025161,0.4607036,0.6444336,0.2409372,-0.07694275,0.6449324,0.09089192,-0.05732102,1.16319,-0.003149476,0.05665517,-0.9786614,0.08795327,0.142679,0.5630512,-0.8226935,0,0,0,0,-0.7071068,0,0,0,0,0,-0.7071068,0,0,0,0,0,-0.7071068,0,0,0,0,0,-0.7071068,0,0,0,0,0,-0.7071068,0
35.54196,40,5,0,0.1431491,0.7536734,-0.7444873,-0.09112459,-0.9934511,0.04295985,0.4607035,0.6444277,0.240926,-0.07693139,0.6448973,0.09084741,-0.05716226,1.162865,-0.003363799,0.05692906,-0.9783939,0.08961358,0.1428377,0.5575455,-0.8197842,0,0,0,0,-0.7071068,0,0,0,0,0,-0.7071068,0,0,0,0,0,-0.7071068,0,0,0,0,0,-0.7071068,0,0,0,0,0,-0.7071068,0
35.56358,40,5,0,0.1447768,0.7444475,-0.7410882,-0.09348645,-0.9928505,0.04788015,0.4607071,0.6444162,0.2407516,-0.07688677,0.6452435,0.09076526,-0.05690137,1.162156,-0.003593732,0.05727784,-0.9778479,0.09308934,0.1430986,0.5465562,-0.8136517,0,0,0,0,-0.7071068,0,0,0,0,0,-0.7071068,0,0,0,0,0,-0.7071068,0,0,0,0,0,-0.7071068,0,0,0,0,0,-0.7071068,0
35.57505,40,5,0,0.1455544,0.7397355,-0.7393909,-0.09534907,-0.9924468,0.05070837,0.4607179,0.6445656,0.240843,-0.07684714,0.6453062,0.0907471,-0.05673236,1.161801,-0.003724977,0.05726072,-0.9775828,0.09474871,0.1432676,0.5411017,-0.8105449,0,0,0,0,-0.7071068,0,0,0,0,0,-0.7071068,0,0,0,0,0,-0.7071068,0,0,0,0,0,-0.7071068,0,0,0,0,0,-0.7071068,0
35.59693,40,5,0,0.1470474,0.729996,-0.7359787,-0.09758484,-0.9917156,0.05746566,0.4607064,0.6446656,0.2407487,-0.07704233,0.6452975,0.09075122,-0.0564427,1.161085,-0.003959261,0.05738933,-0.9769891,0.09786499,0.1435573,0.530217,-0.8041537,0,0,0,0,-0.7071068,0,0,0,0,0,-0.7071068,0,0,0,0,0,-0.7071068,0,0,0,0,0,-0.7071068,0,0,0,0,0,-0.7071068,0
35.60882,40,5,0,0.1475257,0.7251948,-0.7341996,-0.09740836,-0.9915216,0.06077791,0.4606762,0.6447126,0.2407553,-0.07712059,0.6452217,0.09087071,-0.05626204,1.16074,-0.004075665,0.05748023,-0.9766471,0.0994336,0.143738,0.5248734,-0.80093,0,0,0,0,-0.7071068,0,0,0,0,0,-0.7071068,0,0,0,0,0,-0.7071068,0,0,0,0,0,-0.7071068,0,0,0,0,0,-0.7071068,0
35.6302,40,5,0,0.1485942,0.7158283,-0.7306026,-0.09801536,-0.9910196,0.06583298,0.4606403,0.6446204,0.2408508,-0.07715346,0.6449729,0.09094903,-0.05587081,1.160044,-0.004289672,0.05804445,-0.9759824,0.1024139,0.1441292,0.5140891,-0.7942306,0,0,0,0,-0.7071068,0,0,0,0,0,-0.7071068,0,0,0,0,0,-0.7071068,0,0,0,0,0,-0.7071068,0,0,0,0,0,-0.7071068,0
35.64174,40,5,0,0.1492842,0.7111272,-0.728823,-0.09986481,-0.9905755,0.06808336,0.4606083,0.644662,0.240918,-0.07700554,0.6448756,0.09100163,-0.05558416,1.159767,-0.004459057,0.05848247,-0.9756775,0.103766,0.1444159,0.5090027,-0.791021,0,0,0,0,-0.7071068,0,0,0,0,0,-0.7071068,0,0,0,0,0,-0.7071068,0,0,0,0,0,-0.7071068,0,0,0,0,0,-0.7071068,0
35.66375,40,5,0,0.1508767,0.7020938,-0.7254201,-0.1060487,-0.9894145,0.07227138,0.4605348,0.6446927,0.2410313,-0.07699882,0.6448352,0.09114213,-0.05505447,1.159291,-0.004819244,0.05993224,-0.9751669,0.1055912,0.1449455,0.4986393,-0.7842636,0,0,0,0,-0.7071068,0,0,0,0,0,-0.7071068,0,0,0,0,0,-0.7071068,0,0,0,0,0,-0.7071068,0,0,0,0,0,-0.7071068,0
35.67501,40,5,0,0.1513731,0.6975518,-0.7237518,-0.1084311,-0.9889031,0.07429421,0.4605271,0.6446863,0.2411041,-0.07699638,0.6447794,0.09121954,-0.05479386,1.159174,-0.005025588,0.0609671,-0.9749726,0.105902,0.1452062,0.4936334,-0.7808626,0,0,0,0,-0.7071068,0,0,0,0,0,-0.7071068,0,0,0,0,0,-0.7071068,0,0,0,0,0,-0.7071068,0,0,0,0,0,-0.7071068,0
35.69688,40,5,0,0.1523286,0.6886706,-0.7201992,-0.1114855,-0.9880975,0.07799394,0.4605793,0.6445785,0.2412315,-0.07691836,0.6446558,0.0909835,-0.05422756,1.159177,-0.005501166,0.06344901,-0.9746543,0.1062504,0.1457724,0.4840857,-0.7741195,0,0,0,0,-0.7071068,0,0,0,0,0,-0.7071068,0,0,0,0,0,-0.7071068,0,0,0,0,0,-0.7071068,0,0,0,0,0,-0.7071068,0
35.70829,40,5,0,0.152433,0.6843697,-0.718356,-0.1111299,-0.9879558,0.08008535,0.4605978,0.6445545,0.2412868,-0.07688812,0.644648,0.09089699,-0.05394151,1.159153,-0.005748585,0.06435462,-0.9745122,0.1065817,0.1460585,0.4792686,-0.7706558,0,0,0,0,-0.7071068,0,0,0,0,0,-0.7071068,0,0,0,0,0,-0.7071068,0,0,0,0,0,-0.7071068,0,0,0,0,0,-0.7071068,0
35.72932,40,5,0,0.1526619,0.6754465,-0.714727,-0.1111092,-0.9874796,0.0853648,0.4606639,0.644428,0.2413612,-0.07663886,0.6448679,0.09077479,-0.05325032,1.158979,-0.006057486,0.0652711,-0.9742286,0.1077503,0.1467497,0.4695752,-0.7634157,0,0,0,0,-0.7071068,0,0,0,0,0,-0.7071068,0,0,0,0,0,-0.7071068,0,0,0,0,0,-0.7071068,0,0,0,0,0,-0.7071068,0
35.74137,40,5,0,0.1529455,0.67083,-0.712966,-0.1120705,-0.9870615,0.08818051,0.460596,0.6443802,0.2413596,-0.07663296,0.6450179,0.09070127,-0.05288566,1.158819,-0.006197728,0.06518455,-0.9740907,0.1084965,0.1471143,0.4651403,-0.7600859,0,0,0,0,-0.7071068,0,0,0,0,0,-0.7071068,0,0,0,0,0,-0.7071068,0,0,0,0,0,-0.7071068,0,0,0,0,0,-0.7071068,0
35.76276,40,5,0,0.1535104,0.661476,-0.7092014,-0.1145888,-0.9859169,0.09519994,0.460636,0.6442623,0.2413164,-0.07642844,0.6453913,0.09051369,-0.05210692,1.15831,-0.006544027,0.06374981,-0.9738042,0.1102286,0.1478931,0.4553193,-0.7526985,0,0,0,0,-0.7071068,0,0,0,0,0,-0.7071068,0,0,0,0,0,-0.7071068,0,0,0,0,0,-0.7071068,0,0,0,0,0,-0.7071068,0
35.77435,40,5,0,0.1536518,0.6569494,-0.7073374,-0.1155156,-0.9854206,0.09829891,0.4606619,0.6442653,0.2414145,-0.07634844,0.6454751,0.09037219,-0.05164262,1.158023,-0.006697107,0.06305462,-0.9736004,0.1114781,0.1483574,0.4503886,-0.7489024,0,0,0,0,-0.7071068,0,0,0,0,0,-0.7071068,0,0,0,0,0,-0.7071068,0,0,0,0,0,-0.7071068,0,0,0,0,0,-0.7071068,0
35.79606,40,5,0,0.1537698,0.6481335,-0.7036505,-0.1167047,-0.9845437,0.1040464,0.460687,0.6441774,0.2413461,-0.07635742,0.6457775,0.09017889,-0.05047864,1.157223,-0.007024188,0.06169014,-0.973031,0.1147205,0.1495214,0.4403857,-0.7412155,0,0,0,0,-0.7071068,0,0,0,0,0,-0.7071068,0,0,0,0,0,-0.7071068,0,0,0,0,0,-0.7071068,0,0,0,0,0,-0.7071068,0
35.80829,40,5,0,0.1537674,0.6438067,-0.7017081,-0.1174827,-0.9841521,0.1061419,0.4606836,0.6441708,0.2413325,-0.07640884,0.645842,0.09016872,-0.04980835,1.156757,-0.00713636,0.06096584,-0.9726499,0.1167579,0.1501917,0.4354984,-0.7373855,0,0,0,0,-0.7071068,0,0,0,0,0,-0.7071068,0,0,0,0,0,-0.7071068,0,0,0,0,0,-0.7071068,0,0,0,0,0,-0.7071068,0
35.82933,40,5,0,0.1537437,0.6353472,-0.69783,-0.1214086,-0.9831204,0.1090674,0.4606425,0.6442935,0.2413372,-0.07669336,0.6458808,0.09046839,-0.04830022,1.155644,-0.007409949,0.05865346,-0.971664,0.1211273,0.1516998,0.42536,-0.7294228,0,0,0,0,-0.7071068,0,0,0,0,0,-0.7071068,0,0,0,0,0,-0.7071068,0,0,0,0,0,-0.7071068,0,0,0,0,0,-0.7071068,0
35.84081,40,5,0,0.1536873,0.6310424,-0.6957548,-0.1239924,-0.9824501,0.1106325,0.4606886,0.644263,0.2412892,-0.07679539,0.6459253,0.0904749,-0.04760519,1.154961,-0.007603496,0.05705892,-0.9710909,0.123506,0.1523948,0.4203746,-0.7255973,0,0,0,0,-0.7071068,0,0,0,0,0,-0.7071068,0,0,0,0,0,-0.7071068,0,0,0,0,0,-0.7071068,0,0,0,0,0,-0.7071068,0
35.86267,40,5,0,0.15339,0.6221834,-0.6916259,-0.130563,-0.9808224,0.1135992,0.4606766,0.644279,0.2411097,-0.07702494,0.6459339,0.09063784,-0.04584784,1.153442,-0.008024633,0.05306672,-0.969553,0.12977,0.1541522,0.4101456,-0.7176932,0,0,0,0,-0.7071068,0,0,0,0,0,-0.7071068,0,0,0,0,0,-0.7071068,0,0,0,0,0,-0.7071068,0,0,0,0,0,-0.7071068,0
35.87437,40,5,0,0.1531006,0.6178271,-0.6897073,-0.1335667,-0.9800642,0.1151547,0.460705,0.6443268,0.2409919,-0.07698187,0.6459609,0.09056737,-0.04490272,1.152509,-0.008255981,0.05112261,-0.9685961,0.1336617,0.1550973,0.4048537,-0.7136603,0,0,0,0,-0.7071068,0,0,0,0,0,-0.7071068,0,0,0,0,0,-0.7071068,0,0,0,0,0,-0.7071068,0,0,0,0,0,-0.7071068,0
35.89596,40,5,0,0.1516898,0.6086546,-0.6857641,-0.1411441,-0.9781945,0.1189952,0.4607396,0.6443863,0.2407893,-0.07704688,0.6460147,0.09039,-0.04286245,1.150318,-0.008739926,0.04785831,-0.9664536,0.1423346,0.1571376,0.394147,-0.7056164,0,0,0,0,-0.7071068,0,0,0,0,0,-0.7071068,0,0,0,0,0,-0.7071068,0,0,0,0,0,-0.7071068,0,0,0,0,0,-0.7071068,0
35.9076,40,5,0,0.1509901,0.6041113,-0.6837729,-0.1445972,-0.9772875,0.1211909,0.4607383,0.6444123,0.2407198,-0.07711963,0.6460293,0.09027381,-0.04175884,1.149202,-0.009025514,0.04635375,-0.9652523,0.1471689,0.1582412,0.3887949,-0.7015607,0,0,0,0,-0.7071068,0,0,0,0,0,-0.7071068,0,0,0,0,0,-0.7071068,0,0,0,0,0,-0.7071068,0,0,0,0,0,-0.7071068,0
35.92926,40,5,0,0.1487734,0.5949073,-0.6802228,-0.1494278,-0.9757962,0.1272906,0.4606632,0.6445222,0.2405728,-0.07743689,0.6460655,0.09031402,-0.03954422,1.147113,-0.009802159,0.04391449,-0.9629058,0.1563366,0.1604558,0.3783706,-0.6935925,0,0,0,0,-0.7071068,0,0,0,0,0,-0.7071068,0,0,0,0,0,-0.7071068,0,0,0,0,0,-0.7071068,0,0,0,0,0,-0.7071068,0
35.94063,40,5,0,0.1473603,0.5904834,-0.6784182,-0.1507634,-0.9752101,0.131034,0.4605035,0.6446227,0.2405826,-0.07760715,0.6460553,0.09036569,-0.03841185,1.146123,-0.01031508,0.04285132,-0.9618726,0.1605005,0.1615881,0.3732597,-0.6896805,0,0,0,0,-0.7071068,0,0,0,0,0,-0.7071068,0,0,0,0,0,-0.7071068,0,0,0,0,0,-0.7071068,0,0,0,0,0,-0.7071068,0
35.96259,40,5,0,0.1448644,0.5821241,-0.6749933,-0.1535454,-0.9739368,0.1374733,0.4603955,0.6446705,0.2406777,-0.07776891,0.6458588,0.09059966,-0.03618054,1.144266,-0.01150314,0.04084606,-0.9599085,0.1683973,0.1638195,0.3632022,-0.6818537,0,0,0,0,-0.7071068,0,0,0,0,0,-0.7071068,0,0,0,0,0,-0.7071068,0,0,0,0,0,-0.7071068,0,0,0,0,0,-0.7071068,0
35.97404,40,5,0,0.1441699,0.5781413,-0.6731587,-0.1552223,-0.9732778,0.1398832,0.4603558,0.6445377,0.2407902,-0.07772866,0.6457208,0.09063698,-0.03505135,1.143356,-0.01221588,0.03990985,-0.9590867,0.1719794,0.1649487,0.3583377,-0.678117,0,0,0,0,-0.7071068,0,0,0,0,0,-0.7071068,0,0,0,0,0,-0.7071068,0,0,0,0,0,-0.7071068,0,0,0,0,0,-0.7071068,0
35.99586,40,5,0,0.1429431,0.5702945,-0.669395,-0.1595407,-0.9716071,0.144033,0.4603501,0.6444377,0.241126,-0.07752734,0.6452751,0.0908414,-0.03285432,1.141526,-0.01363879,0.03717939,-0.957606,0.1787516,0.1671457,0.3485818,-0.6704103,0,0,0,0,-0.7071068,0,0,0,0,0,-0.7071068,0,0,0,0,0,-0.7071068,0,0,0,0,0,-0.7071068,0,0,0,0,0,-0.7071068,0
36.00762,40,5,0,0.1423438,0.5664521,-0.6674586,-0.1616255,-0.9707826,0.146055,0.4603763,0.6444092,0.2413271,-0.0773965,0.6449631,0.09093586,-0.03182914,1.14066,-0.01443724,0.03537152,-0.9569378,0.1820197,0.1681709,0.3438231,-0.666618,0,0,0,0,-0.7071068,0,0,0,0,0,-0.7071068,0,0,0,0,0,-0.7071068,0,0,0,0,0,-0.7071068,0,0,0,0,0,-0.7071068,0
36.02933,40,5,0,0.1409282,0.5587041,-0.663509,-0.1648586,-0.9693698,0.1503137,0.460475,0.644347,0.2415515,-0.07724287,0.6447138,0.09089293,-0.02980909,1.138889,-0.01603081,0.03140429,-0.955693,0.1882605,0.1701909,0.3343127,-0.6588673,0,0,0,0,-0.7071068,0,0,0,0,0,-0.7071068,0,0,0,0,0,-0.7071068,0,0,0,0,0,-0.7071068,0,0,0,0,0,-0.7071068,0
36.04068,40,5,0,0.1400597,0.5549402,-0.6616188,-0.1662894,-0.9687058,0.1525496,0.4605748,0.6442347,0.2414602,-0.07705085,0.6450101,0.09056596,-0.0288127,1.137985,-0.01683174,0.02926712,-0.9549983,0.1915066,0.1711873,0.3295856,-0.654941,0,0,0,0,-0.7071068,0,0,0,0,0,-0.7071068,0,0,0,0,0,-0.7071068,0,0,0,0,0,-0.7071068,0,0,0,0,0,-0.7071068,0
36.06252,40,5,0,0.1386779,0.5469723,-0.6572569,-0.1695944,-0.9671975,0.1575681,0.4608126,0.644205,0.2411474,-0.07695806,0.6456587,0.09014617,-0.02670906,1.136039,-0.01841088,0.02551086,-0.9535283,0.1980542,0.1732909,0.3201967,-0.647094,0,0,0,0,-0.7071068,0,0,0,0,0,-0.7071068,0,0,0,0,0,-0.7071068,0,0,0,0,0,-0.7071068,0,0,0,0,0,-0.7071068,0
36.07384,40,5,0,0.1380749,0.5429641,-0.6550444,-0.1717971,-0.9662538,0.1603961,0.4609027,0.6440997,0.2409924,-0.07698499,0.6460888,0.08968148,-0.02564541,1.135063,-0.01923034,0.02371112,-0.9526865,0.2017379,0.1743546,0.3155242,-0.6431203,0,0,0,0,-0.7071068,0,0,0,0,0,-0.7071068,0,0,0,0,0,-0.7071068,0,0,0,0,0,-0.7071068,0,0,0,0,0,-0.7071068,0
36.08515,40,5,0,0.1375142,0.5388316,-0.6527415,-0.1741098,-0.9651898,0.1635382,0.4610133,0.6440328,0.2408153,-0.07704234,0.6465223,0.08931026,-0.02466086,1.134069,-0.02002279,0.02184449,-0.9518684,0.2050279,0.1753391,0.3108031,-0.6389997,0,0,0,0,-0.7071068,0,0,0,0,0,-0.7071068,0,0,0,0,0,-0.7071068,0,0,0,0,0,-0.7071068,0,0,0,0,0,-0.7071068,0
36.10746,40,5,0,0.1368857,0.5305539,-0.647781,-0.1778875,-0.9628679,0.170597,0.4610706,0.6439826,0.2403979,-0.07749605,0.6471635,0.08833629,-0.02267988,1.132175,-0.02167523,0.01813151,-0.9502967,0.2116083,0.1773201,0.3016892,-0.6308997,0,0,0,0,-0.7071068,0,0,0,0,0,-0.7071068,0,0,0,0,0,-0.7071068,0,0,0,0,0,-0.7071068,0,0,0,0,0,-0.7071068,0
36.12983,40,5,0,0.1368221,0.5227422,-0.6427425,-0.1800637,-0.9610502,0.1759875,0.4610311,0.6440802,0.2399984,-0.07854248,0.6475075,0.08751111,-0.02075084,1.130258,-0.02328262,0.01416738,-0.9485545,0.2181996,0.1792492,0.2926779,-0.6226056,0,0,0,0,-0.7071068,0,0,0,0,0,-0.7071068,0,0,0,0,0,-0.7071068,0,0,0,0,0,-0.7071068,0,0,0,0,0,-0.7071068,0
36.14147,40,5,0,0.1369174,0.5188653,-0.6402326,-0.1808164,-0.9602706,0.1781756,0.4610451,0.6441313,0.2398175,-0.07909368,0.6476499,0.08706291,-0.01983652,1.129269,-0.02405112,0.01216649,-0.9476399,0.2215827,0.1801635,0.2881639,-0.6183304,0,0,0,0,-0.7071068,0,0,0,0,0,-0.7071068,0,0,0,0,0,-0.7071068,0,0,0,0,0,-0.7071068,0,0,0,0,0,-0.7071068,0
36.1633,40,5,0,0.137546,0.5111783,-0.6346026,-0.183212,-0.958782,0.1815118,0.4608653,0.6442548,0.2394916,-0.08065065,0.6478691,0.08618032,-0.01809548,1.12727,-0.0256185,0.00813105,-0.9459496,0.2281377,0.1819045,0.2793219,-0.6098572,0,0,0,0,-0.7071068,0,0,0,0,0,-0.7071068,0,0,0,0,0,-0.7071068,0,0,0,0,0,-0.7071068,0,0,0,0,0,-0.7071068,0
36.17536,40,5,0,0.1380648,0.5069786,-0.6313773,-0.1854495,-0.9577184,0.183504,0.4608107,0.6442951,0.2392957,-0.08128957,0.6479971,0.08581441,-0.01723369,1.126356,-0.02644917,0.006258585,-0.9452407,0.2312008,0.1827663,0.2750484,-0.6056327,0,0,0,0,-0.7071068,0,0,0,0,0,-0.7071068,0,0,0,0,0,-0.7071068,0,0,0,0,0,-0.7071068,0,0,0,0,0,-0.7071068,0
36.19666,40,5,0,0.1393153,0.4981673,-0.6248172,-0.1903492,-0.9548124,0.1893726,0.4608209,0.6442811,0.2390507,-0.08204757,0.6481891,0.08516455,-0.0156042,1.124607,-0.02813549,0.002739578,-0.9438843,0.2369116,0.1843958,0.2667235,-0.5971694,0,0,0,0,-0.7071068,0,0,0,0,0,-0.7071068,0,0,0,0,0,-0.7071068,0,0,0,0,0,-0.7071068,0,0,0,0,0,-0.7071068,0
36.208,40,5,0,0.1401768,0.4938626,-0.621609,-0.1915784,-0.9533842,0.1932025,0.4608248,0.6442721,0.2390048,-0.08218148,0.6481336,0.08494362,-0.01468562,1.123816,-0.02908924,0.0009550229,-0.9432462,0.2395619,0.1853144,0.2626981,-0.5930004,0,0,0,0,-0.7071068,0,0,0,0,0,-0.7071068,0,0,0,0,0,-0.7071068,0,0,0,0,0,-0.7071068,0,0,0,0,0,-0.7071068,0
36.22992,40,5,0,0.1418193,0.4852771,-0.6147824,-0.1914329,-0.9513486,0.2006012,0.4608156,0.6442704,0.2389384,-0.08239665,0.6478745,0.08480734,-0.01324437,1.122198,-0.03074927,-0.002326131,-0.9419427,0.2448482,0.1867556,0.2547452,-0.5843654,0,0,0,0,-0.7071068,0,0,0,0,0,-0.7071068,0,0,0,0,0,-0.7071068,0,0,0,0,0,-0.7071068,0,0,0,0,0,-0.7071068,0
36.2413,40,5,0,0.1425525,0.4812316,-0.6112476,-0.1904566,-0.950689,0.2036436,0.4608156,0.6442673,0.2390061,-0.08233916,0.647726,0.08482892,-0.01250844,1.121413,-0.03152989,-0.003840499,-0.9413357,0.2473316,0.1874916,0.2508651,-0.5799845,0,0,0,0,-0.7071068,0,0,0,0,0,-0.7071068,0,0,0,0,0,-0.7071068,0,0,0,0,0,-0.7071068,0,0,0,0,0,-0.7071068,0
36.26321,40,6,0,0.1447156,0.473155,-0.6043099,-0.1920847,-0.9486795,0.208217,0.4608298,0.644102,0.2390011,-0.08226261,0.6477197,0.08396284,-0.01087369,1.12006,-0.03323333,-0.006292619,-0.9403079,0.2522211,0.1891263,0.2433984,-0.5712132,0,0,0,0,-0.7071068,0,0,0,0,0,-0.7071068,0,0,0,0,0,-0.7071068,0,0,0,0,0,-0.7071068,0,0,0,0,0,-0.7071068,0
36.2746,40,6,0,0.1460048,0.4690475,-0.6005982,-0.1945553,-0.9473373,0.209746,0.4609261,0.6441914,0.2388812,-0.08225306,0.6477187,0.0836233,-0.009996742,1.119538,-0.03403738,-0.007345669,-0.9398988,0.2543656,0.1900033,0.2442453,-0.5743959,0,0,0,0,-0.7071068,0,0,0,0,0,-0.7071068,0,0,0,0,0,-0.7071068,0,0,0,0,0,-0.7071068,0,0,0,0,0,-0.7071068,0
36.28578,40,6,0,0.1473491,0.4649081,-0.5968083,-0.1970565,-0.9459005,0.2115279,0.4609124,0.6441232,0.2389028,-0.08229342,0.6477658,0.08337152,-0.009215311,1.118906,-0.03480406,-0.008408166,-0.9394957,0.2564134,0.1907847,0.2467387,-0.5805199,0,0,0,0,-0.7071068,0,0,0,0,0,-0.7071068,0,0,0,0,0,-0.7071068,0,0,0,0,0,-0.7071068,0,0,0,0,0,-0.7071068,0
36.30791,40,6,0,0.1502598,0.4568617,-0.5892594,-0.1990106,-0.9433226,0.216913,0.4609673,0.6440476,0.2389863,-0.08261814,0.6477276,0.0829634,-0.007611449,1.117845,-0.03650829,-0.01090256,-0.938594,0.2602048,0.1923885,0.251806,-0.5924546,0,0,0,0,-0.7071068,0,0,0,0,0,-0.7071068,0,0,0,0,0,-0.7071068,0,0,0,0,0,-0.7071068,0,0,0,0,0,-0.7071068,0
36.33014,40,6,0,0.1526047,0.4485708,-0.5817004,-0.198271,-0.9411298,0.2233207,0.4608144,0.6440006,0.2391504,-0.08278763,0.6474448,0.08278763,-0.006092046,1.116713,-0.03786745,-0.01390819,-0.9375769,0.2640193,0.193908,0.2570512,-0.6040956,0,0,0,0,-0.7071068,0,0,0,0,0,-0.7071068,0,0,0,0,0,-0.7071068,0,0,0,0,0,-0.7071068,0,0,0,0,0,-0.7071068,0
36.34141,40,6,1,0.1537495,0.4446388,-0.5778998,-0.1988034,-0.9399725,0.2260177,0.4607911,0.6439674,0.2392901,-0.08268198,0.6472636,0.08268198,-0.005328432,1.116127,-0.03848733,-0.01531975,-0.9370931,0.2659383,0.1946716,0.2597961,-0.6099484,0,0,0,0,-0.7071068,0,0,0,0,0,-0.7071068,0,0,0,0,0,-0.7071068,0,0,0,0,0,-0.7071068,0,0,0,0,0,-0.7071068,0
36.36345,40,6,1,0.1560114,0.4366256,-0.5702137,-0.2014653,-0.9373666,0.2306903,0.4607617,0.6438372,0.2395042,-0.08255118,0.6471055,0.08216517,-0.003756127,1.115083,-0.03971793,-0.01767738,-0.9362094,0.2696128,0.1962439,0.2653247,-0.621243,0,0,0,0,-0.7071068,0,0,0,0,0,-0.7071068,0,0,0,0,0,-0.7071068,0,0,0,0,0,-0.7071068,0,0,0,0,0,-0.7071068,0
36.37468,40,6,1,0.1571388,0.4327434,-0.5664051,-0.2027556,-0.9360098,0.2330996,0.4608857,0.6438165,0.2395383,-0.08235256,0.6470574,0.08205355,-0.0028879,1.114668,-0.04038188,-0.01868755,-0.9357256,0.271547,0.1971121,0.2683098,-0.6269828,0,0,0,0,-0.7071068,0,0,0,0,0,-0.7071068,0,0,0,0,0,-0.7071068,0,0,0,0,0,-0.7071068,0,0,0,0,0,-0.7071068,0
36.39655,40,6,1,0.1592267,0.425244,-0.5587911,-0.2052163,-0.9333363,0.2380525,0.4608944,0.643747,0.2395984,-0.08215123,0.6471004,0.08155322,-0.001313669,1.113664,-0.04139753,-0.02069208,-0.9348148,0.2750793,0.1986863,0.274059,-0.6378337,0,0,0,0,-0.7071068,0,0,0,0,0,-0.7071068,0,0,0,0,0,-0.7071068,0,0,0,0,0,-0.7071068,0,0,0,0,0,-0.7071068,0
36.40823,40,6,1,0.1601165,0.4216409,-0.5549343,-0.2057362,-0.9322133,0.2408176,0.4609008,0.6437314,0.2396325,-0.08213054,0.6471729,0.08155798,-0.0005534739,1.113222,-0.04191763,-0.0216397,-0.9343089,0.2767911,0.1994465,0.2771186,-0.6433293,0,0,0,0,-0.7071068,0,0,0,0,0,-0.7071068,0,0,0,0,0,-0.7071068,0,0,0,0,0,-0.7071068,0,0,0,0,0,-0.7071068,0
36.42996,40,6,1,0.161876,0.4145617,-0.5472063,-0.206074,-0.930274,0.246103,0.4609309,0.6436596,0.2396682,-0.08206621,0.647387,0.08127511,0.001055142,1.112256,-0.04285607,-0.023744,-0.9333764,0.2799166,0.2010551,0.2832803,-0.654147,0,0,0,0,-0.7071068,0,0,0,0,0,-0.7071068,0,0,0,0,0,-0.7071068,0,0,0,0,0,-0.7071068,0,0,0,0,0,-0.7071068,0
36.44122,40,6,1,0.1628285,0.4112079,-0.5429968,-0.2065085,-0.9291863,0.24874,0.4609258,0.6436315,0.2396391,-0.08208455,0.6475153,0.08137277,0.001827739,1.111793,-0.0432719,-0.02479877,-0.9328994,0.2814629,0.2018277,0.2863839,-0.6593874,0,0,0,0,-0.7071068,0,0,0,0,0,-0.7071068,0,0,0,0,0,-0.7071068,0,0,0,0,0,-0.7071068,0,0,0,0,0,-0.7071068,0
36.45234,40,6,1,0.1637944,0.4077532,-0.5389792,-0.2073743,-0.9279151,0.2513567,0.4608636,0.643603,0.2395882,-0.08210725,0.6475424,0.08143865,0.002650485,1.111435,-0.04378391,-0.02583197,-0.9324301,0.2829625,0.2026505,0.2897063,-0.6647969,0,0,0,0,-0.7071068,0,0,0,0,0,-0.7071068,0,0,0,0,0,-0.7071068,0,0,0,0,0,-0.7071068,0,0,0,0,0,-0.7071068,0
36.4746,40,6,1,0.1661953,0.4012442,-0.5311794,-0.2092295,-0.9246237,0.2567986,0.4609385,0.6436057,0.2396208,-0.08229551,0.6475022,0.08134995,0.004156603,1.110561,-0.0444826,-0.0277814,-0.931421,0.2857321,0.2041566,0.2962027,-0.675069,0,0,0,0,-0.7071068,0,0,0,0,0,-0.7071068,0,0,0,0,0,-0.7071068,0,0,0,0,0,-0.7071068,0,0,0,0,0,-0.7071068,0
36.49679,40,6,0,0.1685309,0.395149,-0.5237597,-0.2105738,-0.9218,0.2612901,0.4608429,0.6436392,0.2395342,-0.08262045,0.6474837,0.08117609,0.00562078,1.10977,-0.04495097,0.02965434,0.9302939,-0.2882603,0.2056208,0.3028587,-0.6849093,0,0,0,0,-0.7071068,0,0,0,0,0,-0.7071068,0,0,0,0,0,-0.7071068,0,0,0,0,0,-0.7071068,0,0,0,0,0,-0.7071068,0
36.50798,40,6,0,0.1696358,0.3928561,-0.5208516,-0.211529,-0.9208019,0.2620152,0.46086,0.6436756,0.2394862,-0.08280762,0.6474928,0.08105559,0.006144657,1.109299,-0.04500231,0.03071678,0.9297132,-0.2895347,0.2061447,0.3062982,-0.6897644,0,0,0,0,-0.7071068,0,0,0,0,0,-0.7071068,0,0,0,0,0,-0.7071068,0,0,0,0,0,-0.7071068,0,0,0,0,0,-0.7071068,0
36.52979,40,6,0,0.1716125,0.3888526,-0.5159519,-0.214816,-0.9188514,0.2623891,0.46089,0.6436163,0.2393641,-0.08332048,0.6476672,0.08061283,0.007300793,1.108806,-0.04524101,0.03266343,0.9286262,-0.2917673,0.2073008,0.3134348,-0.6991586,0,0,0,0,-0.7071068,0,0,0,0,0,-0.7071068,0,0,0,0,0,-0.7071068,0,0,0,0,0,-0.7071068,0,0,0,0,0,-0.7071068,0
36.54137,40,6,0,0.1729102,0.3868876,-0.5138403,-0.2163762,-0.9178804,0.2628272,0.460904,0.64363,0.2393355,-0.08355439,0.6477972,0.08036184,0.007867058,1.108619,-0.04530863,0.03326549,0.928172,-0.2925545,0.2078671,0.3171682,-0.7038217,0,0,0,0,-0.7071068,0,0,0,0,0,-0.7071068,0,0,0,0,0,-0.7071068,0,0,0,0,0,-0.7071068,0,0,0,0,0,-0.7071068,0
36.56329,40,6,0,0.1745454,0.3846312,-0.5115927,-0.2194323,-0.9165422,0.2630036,0.4609387,0.6436597,0.2393468,-0.08382311,0.6477031,0.07975613,0.008897361,1.108356,-0.04549365,0.03397414,0.9274095,-0.293546,0.2088974,0.3249074,-0.7131684,0,0,0,0,-0.7071068,0,0,0,0,0,-0.7071068,0,0,0,0,0,-0.7071068,0,0,0,0,0,-0.7071068,0,0,0,0,0,-0.7071068,0
36.57452,40,6,0,0.1749713,0.3843327,-0.5116854,-0.2209046,-0.9163853,0.2626359,0.4609552,0.6436154,0.239401,-0.08386809,0.6477427,0.07941629,0.009424684,1.108506,-0.04548589,0.03386329,0.9271909,-0.2937282,0.2094247,0.329105,-0.7176872,0,0,0,0,-0.7071068,0,0,0,0,0,-0.7071068,0,0,0,0,0,-0.7071068,0,0,0,0,0,-0.7071068,0,0,0,0,0,-0.7071068,0
36.59645,40,6,0,0.1762663,0.3853495,-0.5131748,-0.223129,-0.9169633,0.2600543,0.460868,0.64349,0.2394948,-0.08380158,0.6478433,0.07892488,0.01032491,1.108843,-0.04553535,0.0338732,0.9267964,-0.2935319,0.2103249,0.3375678,-0.7266144,0,0,0,0,-0.7071068,0,0,0,0,0,-0.7071068,0,0,0,0,0,-0.7071068,0,0,0,0,0,-0.7071068,0,0,0,0,0,-0.7071068,0
36.60788,40,6,0,0.1767696,0.3867688,-0.5151197,-0.2236436,-0.9176755,0.2576789,0.4608519,0.6435111,0.2394898,-0.08372059,0.6477662,0.07873212,0.01065788,1.108984,-0.0454349,0.03386912,0.9266585,-0.2933007,0.2106579,0.3418213,-0.7309033,0,0,0,0,-0.7071068,0,0,0,0,0,-0.7071068,0,0,0,0,0,-0.7071068,0,0,0,0,0,-0.7071068,0,0,0,0,0,-0.7071068,0
36.63015,40,6,0,0.1779507,0.390996,-0.5201525,-0.2246301,-0.9196352,0.2504265,0.4608627,0.6433846,0.2397847,-0.08350646,0.6475971,0.07852396,0.01129006,1.10962,-0.0453259,0.03385539,0.9264196,-0.2925878,0.2112901,0.3508208,-0.7395163,0,0,0,0,-0.7071068,0,0,0,0,0,-0.7071068,0,0,0,0,0,-0.7071068,0,0,0,0,0,-0.7071068,0,0,0,0,0,-0.7071068,0
36.65199,40,6,0,0.179396,0.3982902,-0.5274182,-0.2249254,-0.9227741,0.2394173,0.460806,0.6433235,0.2401432,-0.08331968,0.6474549,0.07848287,0.01163305,1.110368,-0.04493589,0.03367911,0.926496,-0.2912259,0.2116331,0.3601941,-0.7478456,0,0,0,0,-0.7071068,0,0,0,0,0,-0.7071068,0,0,0,0,0,-0.7071068,0,0,0,0,0,-0.7071068,0,0,0,0,0,-0.7071068,0
36.66317,40,6,0,0.1799352,0.4018006,-0.5312049,-0.2246723,-0.9244366,0.2344669,0.4608621,0.6433306,0.2403814,-0.0830766,0.6472638,0.07864829,0.01182854,1.110723,-0.04475353,0.03338395,0.9266263,-0.2904476,0.2118285,0.3647328,-0.751794,0,0,0,0,-0.7071068,0,0,0,0,0,-0.7071068,0,0,0,0,0,-0.7071068,0,0,0,0,0,-0.7071068,0,0,0,0,0,-0.7071068,0
36.67451,40,6,0,0.1802169,0.4063206,-0.5361901,-0.2234029,-0.926584,0.2292482,0.4608717,0.6432241,0.2405034,-0.08281162,0.6473651,0.07890156,0.01177269,1.111121,-0.04451097,0.032931,0.9268906,-0.2894911,0.2117727,0.3694949,-0.7557958,0,0,0,0,-0.7071068,0,0,0,0,0,-0.7071068,0,0,0,0,0,-0.7071068,0,0,0,0,0,-0.7071068,0,0,0,0,0,-0.7071068,0
36.69644,40,6,0,0.1806142,0.4162662,-0.5467338,-0.2216125,-0.9303575,0.2188128,0.4608001,0.6430794,0.2406549,-0.08213501,0.6475717,0.07912011,0.01174229,1.111972,-0.0439399,0.03229176,0.9275849,-0.2870957,0.2117423,0.3791018,-0.7635444,0,0,0,0,-0.7071068,0,0,0,0,0,-0.7071068,0,0,0,0,0,-0.7071068,0,0,0,0,0,-0.7071068,0,0,0,0,0,-0.7071068,0
36.70775,40,6,0,0.1808623,0.422358,-0.5529535,-0.2227343,-0.9318489,0.2126047,0.4607449,0.6430459,0.2407547,-0.08183794,0.6476603,0.07930663,0.0117289,1.112441,-0.04370368,0.03195806,0.9280602,-0.2854558,0.2117289,0.3839897,-0.7674099,0,0,0,0,-0.7071068,0,0,0,0,0,-0.7071068,0,0,0,0,0,-0.7071068,0,0,0,0,0,-0.7071068,0,0,0,0,0,-0.7071068,0
36.72982,40,6,0,0.1808285,0.4357444,-0.5656192,-0.2215913,-0.9363198,0.1988613,0.4605269,0.6430143,0.2409315,-0.08168292,0.647796,0.07985593,0.01134756,1.113307,-0.04309946,0.03147468,0.928951,-0.2826101,0.2113476,0.3938096,-0.7749258,0,0,0,0,-0.7071068,0,0,0,0,0,-0.7071068,0,0,0,0,0,-0.7071068,0,0,0,0,0,-0.7071068,0,0,0,0,0,-0.7071068,0
36.74113,40,6,0,0.1806863,0.442467,-0.5720604,-0.2200331,-0.9387602,0.1921567,0.4604203,0.643066,0.2409783,-0.08175741,0.6477138,0.08027236,0.01119271,1.113773,-0.04278469,0.03129917,0.9294368,-0.2811998,0.2111927,0.3988243,-0.7786408,0,0,0,0,-0.7071068,0,0,0,0,0,-0.7071068,0,0,0,0,0,-0.7071068,0,0,0,0,0,-0.7071068,0,0,0,0,0,-0.7071068,0
36.76308,40,6,0,0.1798299,0.4568795,-0.5853439,-0.2158241,-0.9439411,0.1784062,0.4602239,0.6432744,0.2409368,-0.08186466,0.6476191,0.08129209,0.01051609,1.11461,-0.04190228,0.03082979,0.9306,-0.2782062,0.2105161,0.408802,-0.785668,0,0,0,0,-0.7071068,0,0,0,0,0,-0.7071068,0,0,0,0,0,-0.7071068,0,0,0,0,0,-0.7071068,0,0,0,0,0,-0.7071068,0
36.77433,40,6,0,0.1789832,0.4650769,-0.5925317,-0.2130464,-0.9466401,0.1717457,0.4603615,0.6433914,0.2408828,-0.08193631,0.647553,0.08176368,0.01013327,1.115101,-0.04148928,0.03066352,0.9312385,-0.2765071,0.2101333,0.4138901,-0.7891407,0,0,0,0,-0.7071068,0,0,0,0,0,-0.7071068,0,0,0,0,0,-0.7071068,0,0,0,0,0,-0.7071068,0,0,0,0,0,-0.7071068,0
36.7966,40,6,0,0.1776198,0.4810023,-0.6062034,-0.2107399,-0.95049,0.1586815,0.4602338,0.6436058,0.2407889,-0.08212659,0.6471944,0.08281712,0.00935153,1.116172,-0.0405796,0.0303978,0.9326306,-0.2725455,0.2093515,0.4242547,-0.7959037,0,0,0,0,-0.7071068,0,0,0,0,0,-0.7071068,0,0,0,0,0,-0.7071068,0,0,0,0,0,-0.7071068,0,0,0,0,0,-0.7071068,0
36.81861,40,6,0,0.1762305,0.4975141,-0.6197436,-0.2074568,-0.9540394,0.1470004,0.4601654,0.6438729,0.2406679,-0.08241007,0.6467319,0.08365494,0.00871434,1.11753,-0.03978929,0.02956323,0.9340721,-0.2682486,0.2087143,0.4351548,-0.8027443,0,0,0,0,-0.7071068,0,0,0,0,0,-0.7071068,0,0,0,0,0,-0.7071068,0,0,0,0,0,-0.7071068,0,0,0,0,0,-0.7071068,0
36.82981,40,6,0,0.1754183,0.5057036,-0.6262735,-0.2061219,-0.9556975,0.1410475,0.4601292,0.643997,0.2405722,-0.08253608,0.6465622,0.08408978,0.008394112,1.118276,-0.03935352,0.02888483,0.9348427,-0.2659958,0.2083941,0.4405902,-0.8059705,0,0,0,0,-0.7071068,0,0,0,0,0,-0.7071068,0,0,0,0,0,-0.7071068,0,0,0,0,0,-0.7071068,0,0,0,0,0,-0.7071068,0
36.84122,40,6,0,0.1744201,0.5140512,-0.6327439,-0.2051185,-0.9571408,0.1355949,0.4601453,0.6440812,0.2405396,-0.08247069,0.6462803,0.08451331,0.008032232,1.119036,-0.03891632,0.02823829,0.9356157,-0.2636232,0.2080322,0.446182,-0.8092458,0,0,0,0,-0.7071068,0,0,0,0,0,-0.7071068,0,0,0,0,0,-0.7071068,0,0,0,0,0,-0.7071068,0,0,0,0,0,-0.7071068,0
36.86312,40,6,0,0.1727141,0.5307708,-0.6453591,-0.2033565,-0.9597057,0.1252273,0.4602828,0.6442872,0.2404836,-0.08203246,0.6457649,0.08540655,0.007275992,1.120698,-0.03805712,0.02684782,0.9372085,-0.2588647,0.207276,0.457499,-0.8156288,0,0,0,0,-0.7071068,0,0,0,0,0,-0.7071068,0,0,0,0,0,-0.7071068,0,0,0,0,0,-0.7071068,0,0,0,0,0,-0.7071068,0
36.87441,40,6,0,0.1688059,0.5358102,-0.6497887,-0.2016561,-0.9610983,0.1204032,0.4604062,0.6442308,0.240375,-0.0817489,0.6454917,0.08572321,0.006402115,1.12142,-0.03751837,0.02606174,0.9380749,-0.2561495,0.2064021,0.4631122,-0.8186711,0,0,0,0,-0.7071068,0,0,0,0,0,-0.7071068,0,0,0,0,0,-0.7071068,0,0,0,0,0,-0.7071068,0,0,0,0,0,-0.7071068,0
36.89639,40,6,0,0.1661424,0.5523595,-0.6613436,-0.1951273,-0.9646068,0.1109463,0.460535,0.6442065,0.2404326,-0.08083454,0.6449462,0.08651572,0.005184751,1.123005,-0.03633773,-0.0249477,-0.9398254,0.250646,0.2051848,0.4744769,-0.8244779,0,0,0,0,-0.7071068,0,0,0,0,0,-0.7071068,0,0,0,0,0,-0.7071068,0,0,0,0,0,-0.7071068,0,0,0,0,0,-0.7071068,0
36.90786,40,6,0,0.1649866,0.5608867,-0.6666837,-0.1919281,-0.9662076,0.1065983,0.4605404,0.6441772,0.2404401,-0.08045105,0.6446798,0.08694721,0.004769413,1.123958,-0.03591376,-0.02446692,-0.9407222,0.2476943,0.2047694,0.4804232,-0.8275341,0,0,0,0,-0.7071068,0,0,0,0,0,-0.7071068,0,0,0,0,0,-0.7071068,0,0,0,0,0,-0.7071068,0,0,0,0,0,-0.7071068,0
36.92979,40,6,0,0.1628406,0.5771487,-0.6768427,-0.18776,-0.9686347,0.09801768,0.4605335,0.6442459,0.2405538,-0.07962458,0.6441932,0.0878478,0.003654464,1.125808,-0.03490891,-0.02316785,-0.9425175,0.2417481,0.2036545,0.4922435,-0.8333081,0,0,0,0,-0.7071068,0,0,0,0,0,-0.7071068,0,0,0,0,0,-0.7071068,0,0,0,0,0,-0.7071068,0,0,0,0,0,-0.7071068,0
36.94114,40,6,0,0.1619679,0.5853127,-0.6817802,-0.1858517,-0.969685,0.09384868,0.4605279,0.6442997,0.2406133,-0.07950348,0.6439915,0.08805189,0.003217191,1.126755,-0.03444435,-0.02270631,-0.9434286,0.2386274,0.2032172,0.4982944,-0.8362279,0,0,0,0,-0.7071068,0,0,0,0,0,-0.7071068,0,0,0,0,0,-0.7071068,0,0,0,0,0,-0.7071068,0,0,0,0,0,-0.7071068,0
36.96314,40,6,0,0.1604213,0.6011028,-0.6909214,-0.1820483,-0.9716476,0.08569706,0.4604488,0.6444609,0.2406918,-0.07922377,0.6436201,0.08875777,0.002095189,1.128474,-0.03325516,-0.0216363,-0.945151,0.2326544,0.2020952,0.5101022,-0.8415597,0,0,0,0,-0.7071068,0,0,0,0,0,-0.7071068,0,0,0,0,0,-0.7071068,0,0,0,0,0,-0.7071068,0,0,0,0,0,-0.7071068,0
36.97435,40,6,1,0.1596578,0.6090709,-0.69521,-0.1806738,-0.9725825,0.0810319,0.4605279,0.6444067,0.2406845,-0.07914472,0.6434896,0.08887824,0.001189269,1.129009,-0.03233682,-0.02127752,-0.9459525,0.2299051,0.2011893,0.5158298,-0.8439129,0,0,0,0,-0.7071068,0,0,0,0,0,-0.7071068,0,0,0,0,0,-0.7071068,0,0,0,0,0,-0.7071068,0,0,0,0,0,-0.7071068,0
36.99635,40,6,1,0.158341,0.6250206,-0.703117,-0.1786106,-0.9742684,0.07069533,0.4604734,0.6444943,0.2408539,-0.07924125,0.6431503,0.0893296,-1.213141E-05,1.130587,-0.03100259,-0.02043926,-0.9475309,0.224324,0.1999879,0.5276202,-0.8488481,0,0,0,0,-0.7071068,0,0,0,0,0,-0.7071068,0,0,0,0,0,-0.7071068,0,0,0,0,0,-0.7071068,0,0,0,0,0,-0.7071068,0
37.0079,40,6,1,0.1578189,0.6329174,-0.7070132,-0.1773157,-0.9750599,0.06591536,0.4604407,0.6446124,0.2409839,-0.07923068,0.6430318,0.08960594,-0.000867678,1.131171,-0.03012413,-0.020067,-0.948325,0.2214408,0.1991323,0.5334336,-0.8510972,0,0,0,0,-0.7071068,0,0,0,0,0,-0.7071068,0,0,0,0,0,-0.7071068,0,0,0,0,0,-0.7071068,0,0,0,0,0,-0.7071068,0
37.02964,40,6,1,0.1567902,0.6483972,-0.7138556,-0.1722639,-0.9770766,0.05691236,0.4604037,0.6446128,0.241157,-0.07911246,0.6429328,0.08989618,-0.00181519,1.132871,-0.02905262,-0.01943761,-0.9498379,0.2154968,0.1981848,0.5455559,-0.8560954,0,0,0,0,-0.7071068,0,0,0,0,0,-0.7071068,0,0,0,0,0,-0.7071068,0,0,0,0,0,-0.7071068,0,0,0,0,0,-0.7071068,0
37.04208,40,6,1,0.1562527,0.6562049,-0.717146,-0.1704226,-0.9778995,0.05213903,0.4603973,0.6445365,0.2411658,-0.07899975,0.6429586,0.09001047,-0.002271223,1.133693,-0.02848972,-0.01908504,-0.9505684,0.2126467,0.1977288,0.551648,-0.8585205,0,0,0,0,-0.7071068,0,0,0,0,0,-0.7071068,0,0,0,0,0,-0.7071068,0,0,0,0,0,-0.7071068,0,0,0,0,0,-0.7071068,0
37.0632,40,6,1,0.1558694,0.6710904,-0.7227359,-0.1677378,-0.9791645,0.04302104,0.4603901,0.6445129,0.2412276,-0.07860925,0.642991,0.09029744,-0.003169787,1.135259,-0.02731453,-0.01846552,-0.9518991,0.2072819,0.1968302,0.563827,-0.8631996,0,0,0,0,-0.7071068,0,0,0,0,0,-0.7071068,0,0,0,0,0,-0.7071068,0,0,0,0,0,-0.7071068,0,0,0,0,0,-0.7071068,0
37.07437,40,6,1,0.1557372,0.6783599,-0.7254851,-0.1662954,-0.9797437,0.03891891,0.4603956,0.6444598,0.2412865,-0.07846042,0.6430227,0.09039713,-0.003949848,1.135814,-0.02635763,-0.01818328,-0.9525367,0.2046602,0.1960502,0.5697958,-0.865147,0,0,0,0,-0.7071068,0,0,0,0,0,-0.7071068,0,0,0,0,0,-0.7071068,0,0,0,0,0,-0.7071068,0,0,0,0,0,-0.7071068,0
37.09622,40,6,1,0.1557494,0.692392,-0.7300463,-0.162647,-0.9808457,0.03200446,0.4603627,0.6444501,0.2414034,-0.07825349,0.6429798,0.0906771,-0.004975758,1.137085,-0.02497537,-0.01768489,-0.9537078,0.1996281,0.1950243,0.5816592,-0.8692899,0,0,0,0,-0.7071068,0,0,0,0,0,-0.7071068,0,0,0,0,0,-0.7071068,0,0,0,0,0,-0.7071068,0,0,0,0,0,-0.7071068,0
37.10793,40,6,1,0.1558687,0.6994931,-0.732328,-0.1597142,-0.9815631,0.02892827,0.460316,0.6444366,0.2414368,-0.0783005,0.6429607,0.09080421,-0.00539315,1.137788,-0.02434933,-0.01731271,-0.9542385,0.1971797,0.1946069,0.5877386,-0.8713897,0,0,0,0,-0.7071068,0,0,0,0,0,-0.7071068,0,0,0,0,0,-0.7071068,0,0,0,0,0,-0.7071068,0,0,0,0,0,-0.7071068,0
37.12962,40,6,1,0.1562979,0.7133908,-0.7364965,-0.1538729,-0.9829109,0.02216733,0.4602828,0.6445562,0.2415591,-0.07844908,0.6430441,0.09077033,-0.006680737,1.138909,-0.02268134,-0.01631275,-0.9552573,0.1924953,0.1933193,0.5996878,-0.8750551,0,0,0,0,-0.7071068,0,0,0,0,0,-0.7071068,0,0,0,0,0,-0.7071068,0,0,0,0,0,-0.7071068,0,0,0,0,0,-0.7071068,0
37.14091,40,6,1,0.1566759,0.720216,-0.7381161,-0.1517011,-0.9833876,0.01842722,0.4602911,0.6445241,0.2415349,-0.07846723,0.6431634,0.09074364,-0.007126187,1.139565,-0.02203564,-0.01567034,-0.9557371,0.1903384,0.1928738,0.605851,-0.8770425,0,0,0,0,-0.7071068,0,0,0,0,0,-0.7071068,0,0,0,0,0,-0.7071068,0,0,0,0,0,-0.7071068,0,0,0,0,0,-0.7071068,0
37.163,40,6,1,0.1576906,0.7336122,-0.7414702,-0.147374,-0.984211,0.01151631,0.4602289,0.6444901,0.2415262,-0.07855964,0.6433175,0.09074102,-0.00801853,1.140833,-0.02071273,-0.01420419,-0.9567351,0.1859771,0.1919815,0.6181372,-0.8808308,0,0,0,0,-0.7071068,0,0,0,0,0,-0.7071068,0,0,0,0,0,-0.7071068,0,0,0,0,0,-0.7071068,0,0,0,0,0,-0.7071068,0
37.17414,40,6,1,0.1581813,0.7403657,-0.7430061,-0.1459395,-0.9845142,0.007720374,0.4602242,0.6444643,0.2415489,-0.07850085,0.6433724,0.09074445,-0.009060717,1.141083,-0.01943955,-0.01356232,-0.957264,0.1837929,0.1909393,0.6238783,-0.8820274,0,0,0,0,-0.7071068,0,0,0,0,0,-0.7071068,0,0,0,0,0,-0.7071068,0,0,0,0,0,-0.7071068,0,0,0,0,0,-0.7071068,0
37.18531,40,6,1,0.1586109,0.7470125,-0.7444037,-0.1443685,-0.9848715,0.004033841,0.4602559,0.6444626,0.2416199,-0.0782518,0.6433728,0.09092832,-0.009715685,1.141577,-0.01846953,-0.01281843,-0.9578056,0.1815573,0.1902843,0.6299239,-0.8835026,0,0,0,0,-0.7071068,0,0,0,0,0,-0.7071068,0,0,0,0,0,-0.7071068,0,0,0,0,0,-0.7071068,0,0,0,0,0,-0.7071068,0
37.20769,40,6,1,0.1594229,0.7600644,-0.7471595,-0.1403747,-0.9856714,-0.002447456,0.4602735,0.644455,0.2417506,-0.07782874,0.6432882,0.09127422,-0.01034541,1.142926,-0.01723397,-0.01132113,-0.9588956,0.1769498,0.1896546,0.6423839,-0.8870081,0,0,0,0,-0.7071068,0,0,0,0,0,-0.7071068,0,0,0,0,0,-0.7071068,0,0,0,0,0,-0.7071068,0,0,0,0,0,-0.7071068,0
37.2296,40,6,1,0.1603527,0.7732416,-0.749431,-0.1380934,-0.986066,-0.009578697,0.4602995,0.6444577,0.2418858,-0.07722934,0.6431231,0.09162123,-0.01104176,1.144285,-0.01587178,-0.01000577,-0.9599619,0.1721114,0.1889582,0.654944,-0.8902211,0,0,0,0,-0.7071068,0,0,0,0,0,-0.7071068,0,0,0,0,0,-0.7071068,0,0,0,0,0,-0.7071068,0,0,0,0,0,-0.7071068,0
37.24082,40,6,1,0.1609043,0.7798617,-0.7504445,-0.1369614,-0.9862429,-0.01371435,0.4603423,0.6443945,0.241925,-0.07710755,0.6430254,0.09184827,-0.01136832,1.144951,-0.01517509,-0.00932499,-0.9604452,0.1698008,0.1886317,0.6611922,-0.8917294,0,0,0,0,-0.7071068,0,0,0,0,0,-0.7071068,0,0,0,0,0,-0.7071068,0,0,0,0,0,-0.7071068,0,0,0,0,0,-0.7071068,0
37.25195,40,6,1,0.1614187,0.786556,-0.7513484,-0.1342321,-0.9866405,-0.01805236,0.4603565,0.6444095,0.2419066,-0.07703317,0.6429822,0.0920215,-0.01169515,1.145597,-0.01444853,-0.008741796,-0.9609321,0.1675025,0.1883048,0.6675362,-0.8932023,0,0,0,0,-0.7071068,0,0,0,0,0,-0.7071068,0,0,0,0,0,-0.7071068,0,0,0,0,0,-0.7071068,0,0,0,0,0,-0.7071068,0
37.2743,40,6,1,0.1623255,0.7993838,-0.7530047,-0.1286725,-0.9873466,-0.02507479,0.46036,0.6443616,0.2420237,-0.07656536,0.6428723,0.09252439,-0.0125617,1.146428,-0.01247614,-0.007592008,-0.961869,0.1629653,0.1874383,0.679652,-0.8954361,0,0,0,0,-0.7071068,0,0,0,0,0,-0.7071068,0,0,0,0,0,-0.7071068,0,0,0,0,0,-0.7071068,0,0,0,0,0,-0.7071068,0
37.29626,40,6,1,0.1636357,0.811385,-0.7542688,-0.1264347,-0.9874728,-0.03070877,0.4603969,0.6444587,0.2421266,-0.07603452,0.6428029,0.09316095,-0.0133922,1.147427,-0.0105611,-0.006456286,-0.9628158,0.15848,0.1866078,0.6920189,-0.8975596,0,0,0,0,-0.7071068,0,0,0,0,0,-0.7071068,0,0,0,0,0,-0.7071068,0,0,0,0,0,-0.7071068,0,0,0,0,0,-0.7071068,0
37.30755,40,6,1,0.1641294,0.8175049,-0.754768,-0.1253635,-0.9875238,-0.0336916,0.4603691,0.6444365,0.2421522,-0.07579806,0.6426437,0.0935172,-0.01363886,1.147991,-0.009768096,-0.005817361,-0.9632659,0.1562739,0.1863611,0.6983224,-0.8987305,0,0,0,0,-0.7071068,0,0,0,0,0,-0.7071068,0,0,0,0,0,-0.7071068,0,0,0,0,0,-0.7071068,0,0,0,0,0,-0.7071068,0
37.32959,41,6,1,0.1649515,0.8292706,-0.7558807,-0.1222384,-0.9877591,-0.04052972,0.4603888,0.6444354,0.2423335,-0.07519778,0.6423808,0.09424154,-0.01464333,1.148839,-0.00758851,-0.004501663,-0.9641361,0.1517394,0.1853567,0.7106367,-0.9003263,0,0,0,0,-0.7071068,0,0,0,0,0,-0.7071068,0,0,0,0,0,-0.7071068,0,0,0,0,0,-0.7071068,0,0,0,0,0,-0.7071068,0
37.34092,41,6,1,0.1652922,0.835157,-0.7562095,-0.1214674,-0.9877867,-0.0442385,0.4603352,0.6444936,0.2424828,-0.07477802,0.6421765,0.09473568,-0.01485549,1.149354,-0.006713029,-0.003889062,-0.9645221,0.1494932,0.1851445,0.7169406,-0.9012828,0,0,0,0,-0.7071068,0,0,0,0,0,-0.7071068,0,0,0,0,0,-0.7071068,0,0,0,0,0,-0.7071068,0,0,0,0,0,-0.7071068,0
37.36309,41,6,1,0.1662007,0.8467112,-0.7569979,-0.1207409,-0.9876357,-0.05154665,0.4602653,0.6445612,0.2427211,-0.07429428,0.6417995,0.09564857,-0.01509825,1.150405,-0.004963138,-0.002824642,-0.9652777,0.1452197,0.1849018,0.7295626,-0.9030464,0,0,0,0,-0.7071068,0,0,0,0,0,-0.7071068,0,0,0,0,0,-0.7071068,0,0,0,0,0,-0.7071068,0,0,0,0,0,-0.7071068,0
37.38503,41,6,1,0.1674371,0.8573434,-0.7573267,-0.1200472,-0.9873361,-0.05787937,0.4601826,0.6445819,0.2429793,-0.07378904,0.6414868,0.09671161,-0.01604665,1.151066,-0.00259687,-0.002453439,-0.9660352,0.1403863,0.1839533,0.7418995,-0.9040284,0,0,0,0,-0.7071068,0,0,0,0,0,-0.7071068,0,0,0,0,0,-0.7071068,0,0,0,0,0,-0.7071068,0,0,0,0,0,-0.7071068,0
37.3967,41,6,1,0.167941,0.862424,-0.7574512,-0.1177905,-0.9874656,-0.06048195,0.4600522,0.6446003,0.2430672,-0.0734107,0.6413755,0.09707912,-0.01613253,1.151639,-0.001758596,-0.002427049,-0.966393,0.13799,0.1838675,0.748192,-0.9047586,0,0,0,0,-0.7071068,0,0,0,0,0,-0.7071068,0,0,0,0,0,-0.7071068,0,0,0,0,0,-0.7071068,0,0,0,0,0,-0.7071068,0
37.41843,41,6,1,0.1689109,0.8724775,-0.7576894,-0.1137021,-0.9876504,-0.06528895,0.4600163,0.6446253,0.2432195,-0.07291914,0.6410493,0.09779035,-0.01653949,1.152529,0.0001957808,-0.002303243,-0.9670849,0.1330645,0.1834605,0.7609106,-0.9059009,0,0,0,0,-0.7071068,0,0,0,0,0,-0.7071068,0,0,0,0,0,-0.7071068,0,0,0,0,0,-0.7071068,0,0,0,0,0,-0.7071068,0
37.44094,41,6,1,0.1697641,0.8820057,-0.7578012,-0.1129518,-0.9873983,-0.07039776,0.4599428,0.6446636,0.2434412,-0.07238863,0.6408193,0.09852082,-0.01689078,1.153418,0.002353983,-0.00181143,-0.9677068,0.1286135,0.1831092,0.773443,-0.9065987,0,0,0,0,-0.7071068,0,0,0,0,0,-0.7071068,0,0,0,0,0,-0.7071068,0,0,0,0,0,-0.7071068,0,0,0,0,0,-0.7071068,0
37.46279,41,6,1,0.1702316,0.8914889,-0.7576813,-0.1108577,-0.9873359,-0.07595584,0.4599209,0.6445707,0.2435803,-0.07214688,0.6406102,0.09897403,-0.01737614,1.154208,0.004618751,-0.001364432,-0.9683566,0.1239127,0.1826239,0.7860443,-0.9070379,0,0,0,0,-0.7071068,0,0,0,0,0,-0.7071068,0,0,0,0,0,-0.7071068,0,0,0,0,0,-0.7071068,0,0,0,0,0,-0.7071068,0
37.47414,41,6,1,0.1704688,0.8959019,-0.7576963,-0.1098803,-0.9872956,-0.07823962,0.4598999,0.6446062,0.2436715,-0.07205406,0.640497,0.09941959,-0.01761128,1.154611,0.005854271,-0.00124044,-0.9686713,0.1213948,0.1823887,0.792305,-0.9070722,0,0,0,0,-0.7071068,0,0,0,0,0,-0.7071068,0,0,0,0,0,-0.7071068,0,0,0,0,0,-0.7071068,0,0,0,0,0,-0.7071068,0
37.4961,41,6,1,0.1709514,0.9046341,-0.7576715,-0.1078032,-0.9872445,-0.08209179,0.4599389,0.6445842,0.2438276,-0.07178047,0.6403522,0.09999906,-0.01781737,1.155689,0.008042004,-0.001353584,-0.9691592,0.1161331,0.1821826,0.805253,-0.9073134,0,0,0,0,-0.7071068,0,0,0,0,0,-0.7071068,0,0,0,0,0,-0.7071068,0,0,0,0,0,-0.7071068,0,0,0,0,0,-0.7071068,0
37.5075,41,6,1,0.1710233,0.9089134,-0.7576772,-0.1076634,-0.9871579,-0.08415291,0.4599886,0.644577,0.2438969,-0.07163598,0.6403362,0.1000959,-0.0179389,1.156198,0.009243129,-0.001540545,-0.969386,0.1130425,0.1820611,0.8116669,-0.9072495,0,0,0,0,-0.7071068,0,0,0,0,0,-0.7071068,0,0,0,0,0,-0.7071068,0,0,0,0,0,-0.7071068,0,0,0,0,0,-0.7071068,0
37.52974,41,6,1,0.1711435,0.917465,-0.7576317,-0.1039974,-0.9873395,-0.08750121,0.4600122,0.644509,0.2439806,-0.07102033,0.6403944,0.1002836,-0.01802586,1.157367,0.01138996,-0.001630969,-0.969736,0.1074139,0.1819741,0.8247458,-0.9072526,0,0,0,0,-0.7071068,0,0,0,0,0,-0.7071068,0,0,0,0,0,-0.7071068,0,0,0,0,0,-0.7071068,0,0,0,0,0,-0.7071068,0
37.55161,41,6,1,0.1713623,0.9259087,-0.7577175,-0.1044616,-0.9869769,-0.09125991,0.4600983,0.6445187,0.2440449,-0.07054408,0.6406915,0.1003267,-0.01870896,1.158046,0.0138715,-0.00155957,-0.9700102,0.1019748,0.181291,0.8374388,-0.9067476,0,0,0,0,-0.7071068,0,0,0,0,0,-0.7071068,0,0,0,0,0,-0.7071068,0,0,0,0,0,-0.7071068,0,0,0,0,0,-0.7071068,0
37.56287,41,6,1,0.1715088,0.9300982,-0.7576755,-0.1052014,-0.986696,-0.09374437,0.4601143,0.6444297,0.2441367,-0.07034433,0.6407849,0.1003096,-0.01860901,1.158655,0.01492178,-0.001743436,-0.9701722,0.09918477,0.181391,0.8439166,-0.9065931,0,0,0,0,-0.7071068,0,0,0,0,0,-0.7071068,0,0,0,0,0,-0.7071068,0,0,0,0,0,-0.7071068,0,0,0,0,0,-0.7071068,0
37.57407,41,6,1,0.171642,0.9344858,-0.7575971,-0.106303,-0.9863022,-0.09675568,0.4601101,0.6444343,0.2441587,-0.070324,0.6408622,0.1004093,-0.01857305,1.159245,0.01594074,-0.001984756,-0.9703144,0.09630187,0.181427,0.8505704,-0.9064515,0,0,0,0,-0.7071068,0,0,0,0,0,-0.7071068,0,0,0,0,0,-0.7071068,0,0,0,0,0,-0.7071068,0,0,0,0,0,-0.7071068,0
37.59618,41,6,1,0.1717736,0.9433749,-0.7573119,-0.1044036,-0.9859566,-0.1024696,0.460084,0.6444027,0.2442444,-0.07008652,0.6408979,0.100669,-0.01838921,1.160378,0.01792551,-0.002628561,-0.970494,0.09078145,0.1816108,0.8636388,-0.9060523,0,0,0,0,-0.7071068,0,0,0,0,0,-0.7071068,0,0,0,0,0,-0.7071068,0,0,0,0,0,-0.7071068,0,0,0,0,0,-0.7071068,0
37.6074,41,6,1,0.1716368,0.9477465,-0.7573045,-0.1027362,-0.9859815,-0.1044055,0.4600203,0.644235,0.2445168,-0.07008832,0.6408904,0.1008156,-0.01834525,1.160935,0.0188839,-0.002848122,-0.9705517,0.08807756,0.1816548,0.870239,-0.9058253,0,0,0,0,-0.7071068,0,0,0,0,0,-0.7071068,0,0,0,0,0,-0.7071068,0,0,0,0,0,-0.7071068,0,0,0,0,0,-0.7071068,0
37.62946,41,6,1,0.1714932,0.9564329,-0.7572032,-0.1022161,-0.9856923,-0.1086859,0.459909,0.644353,0.2444023,-0.07003208,0.6409578,0.1011181,-0.01818632,1.161989,0.02078994,-0.003358152,-0.9706895,0.08279994,0.1818137,0.8832981,-0.9052305,0,0,0,0,-0.7071068,0,0,0,0,0,-0.7071068,0,0,0,0,0,-0.7071068,0,0,0,0,0,-0.7071068,0,0,0,0,0,-0.7071068,0
37.64063,41,6,1,0.1715216,0.9607824,-0.7572001,-0.1021816,-0.9854583,-0.1112066,0.4599104,0.6443217,0.2444076,-0.06992453,0.6409962,0.101274,-0.01791927,1.16263,0.02161452,-0.00359299,-0.9707584,0.08017092,0.1820807,0.8899464,-0.9049916,0,0,0,0,-0.7071068,0,0,0,0,0,-0.7071068,0,0,0,0,0,-0.7071068,0,0,0,0,0,-0.7071068,0,0,0,0,0,-0.7071068,0
37.65175,41,6,1,0.1714541,0.9652787,-0.7570955,-0.1013342,-0.9852936,-0.113854,0.4599839,0.6444143,0.2443828,-0.06990214,0.6410134,0.1013807,-0.0178817,1.163133,0.02255843,-0.003874071,-0.9708149,0.07760653,0.1821183,0.8965014,-0.9045903,0,0,0,0,-0.7071068,0,0,0,0,0,-0.7071068,0,0,0,0,0,-0.7071068,0,0,0,0,0,-0.7071068,0,0,0,0,0,-0.7071068,0
37.67405,41,6,1,0.1713873,0.9741046,-0.7567042,-0.09990557,-0.9849678,-0.118506,0.4599462,0.6444092,0.2443922,-0.06991647,0.6408966,0.1016487,-0.01764411,1.164106,0.02436671,-0.004867233,-0.970935,0.07249444,0.1823559,0.9094519,-0.9037161,0,0,0,0,-0.7071068,0,0,0,0,0,-0.7071068,0,0,0,0,0,-0.7071068,0,0,0,0,0,-0.7071068,0,0,0,0,0,-0.7071068,0
37.69615,41,6,1,0.1711468,0.9826406,-0.7563051,-0.09835098,-0.9844579,-0.1239115,0.4599438,0.6445025,0.2444008,-0.0698856,0.6407713,0.1019234,-0.01751687,1.16504,0.02614646,-0.00561719,-0.9710101,0.06746782,0.1824831,0.9224847,-0.9026918,0,0,0,0,-0.7071068,0,0,0,0,0,-0.7071068,0,0,0,0,0,-0.7071068,0,0,0,0,0,-0.7071068,0,0,0,0,0,-0.7071068,0
37.70751,41,6,1,0.1711368,0.9870352,-0.7560219,-0.09795694,-0.9841175,-0.1269193,0.4598885,0.6445632,0.2444077,-0.06974376,0.6407515,0.1021023,-0.01750167,1.165529,0.02705897,-0.005930834,-0.971032,0.0651195,0.1824983,0.9290488,-0.9020875,0,0,0,0,-0.7071068,0,0,0,0,0,-0.7071068,0,0,0,0,0,-0.7071068,0,0,0,0,0,-0.7071068,0,0,0,0,0,-0.7071068,0
37.72945,41,6,1,0.1706588,0.9955559,-0.7557276,-0.09754998,-0.9836856,-0.1309658,0.459915,0.6445832,0.244356,-0.06978846,0.6406536,0.1024545,-0.01744854,1.166501,0.02863657,-0.006904302,-0.9710643,0.06084228,0.1825515,0.9420478,-0.90098,0,0,0,0,-0.7071068,0,0,0,0,0,-0.7071068,0,0,0,0,0,-0.7071068,0,0,0,0,0,-0.7071068,0,0,0,0,0,-0.7071068,0
37.74092,41,6,1,0.1703648,0.999921,-0.7555517,-0.09689298,-0.9835049,-0.1332839,0.4599289,0.6446543,0.2443729,-0.06969051,0.640596,0.1025712,-0.01748287,1.166962,0.02939605,-0.007540718,-0.9710922,0.05828871,0.1825171,0.9485922,-0.9003876,0,0,0,0,-0.7071068,0,0,0,0,0,-0.7071068,0,0,0,0,0,-0.7071068,0,0,0,0,0,-0.7071068,0,0,0,0,0,-0.7071068,0
37.76298,41,6,1,0.1697158,1.008847,-0.7550958,-0.09545448,-0.9829882,-0.1389525,0.459934,0.6445373,0.2444189,-0.06937367,0.6403865,0.1027862,-0.01762689,1.167883,0.03083673,-0.007769406,-0.9712363,0.05353874,0.1823731,0.9617284,-0.899139,0,0,0,0,-0.7071068,0,0,0,0,0,-0.7071068,0,0,0,0,0,-0.7071068,0,0,0,0,0,-0.7071068,0,0,0,0,0,-0.7071068,0
37.78515,42,6,1,0.1693067,1.017586,-0.7544256,-0.09351203,-0.9826856,-0.1431249,0.4599954,0.6445171,0.2444635,-0.06910386,0.640265,0.1030245,-0.01773331,1.168749,0.03211151,-0.008356024,-0.9713943,0.04925347,0.1822667,0.9746643,-0.8978661,0,0,0,0,-0.7071068,0,0,0,0,0,-0.7071068,0,0,0,0,0,-0.7071068,0,0,0,0,0,-0.7071068,0,0,0,0,0,-0.7071068,0
37.80739,42,6,1,0.1685437,1.026388,-0.7539717,-0.08908694,-0.9826688,-0.1466653,0.4599529,0.6445491,0.2443921,-0.06899175,0.6402268,0.1032737,-0.01799548,1.169578,0.03331722,-0.008882834,-0.9716561,0.04525074,0.1820045,0.9875375,-0.896476,0,0,0,0,-0.7071068,0,0,0,0,0,-0.7071068,0,0,0,0,0,-0.7071068,0,0,0,0,0,-0.7071068,0,0,0,0,0,-0.7071068,0
37.82988,42,6,1,0.1680383,1.035393,-0.7534319,-0.08752428,-0.9820676,-0.1519099,0.4599394,0.644523,0.2443583,-0.06876917,0.6401659,0.1034968,-0.01852035,1.170361,0.03448854,-0.008834591,-0.9721587,0.04130267,0.1814796,1.000303,-0.8949365,0,0,0,0,-0.7071068,0,0,0,0,0,-0.7071068,0,0,0,0,0,-0.7071068,0,0,0,0,0,-0.7071068,0,0,0,0,0,-0.7071068,0
37.85158,42,6,1,0.1676378,1.044766,-0.7526797,-0.08713832,-0.9811367,-0.1585555,0.459973,0.6444341,0.2446435,-0.06858948,0.6400108,0.103461,-0.01930083,1.171164,0.03559671,-0.008282766,-0.9728622,0.03747273,0.1806992,1.013264,-0.8932663,0,0,0,0,-0.7071068,0,0,0,0,0,-0.7071068,0,0,0,0,0,-0.7071068,0,0,0,0,0,-0.7071068,0,0,0,0,0,-0.7071068,0
37.87411,42,6,1,0.1672541,1.054425,-0.7518076,-0.08167505,-0.9809158,-0.1630417,0.4600281,0.6445129,0.2447029,-0.06839197,0.6399998,0.1035864,-0.0202165,1.171848,0.03682186,-0.007630304,-0.9736135,0.0334481,0.1797835,1.025927,-0.8913012,0,0,0,0,-0.7071068,0,0,0,0,0,-0.7071068,0,0,0,0,0,-0.7071068,0,0,0,0,0,-0.7071068,0,0,0,0,0,-0.7071068,0
37.89607,42,6,1,0.1664102,1.063574,-0.7506987,-0.07601978,-0.9807922,-0.1665991,0.4601047,0.6444393,0.2446974,-0.06808677,0.6401552,0.1035885,-0.02112352,1.17262,0.03791389,-0.006916164,-0.974285,0.02909821,0.1788765,1.038801,-0.8892734,0,0,0,0,-0.7071068,0,0,0,0,0,-0.7071068,0,0,0,0,0,-0.7071068,0,0,0,0,0,-0.7071068,0,0,0,0,0,-0.7071068,0
37.90742,42,6,1,0.1658228,1.068056,-0.7500113,-0.0746664,-0.9804515,-0.1691368,0.4601288,0.6443655,0.2446764,-0.06782766,0.6402513,0.1037786,-0.02161125,1.173023,0.03840899,-0.006588987,-0.974569,0.02684073,0.1783887,1.045236,-0.8882411,0,0,0,0,-0.7071068,0,0,0,0,0,-0.7071068,0,0,0,0,0,-0.7071068,0,0,0,0,0,-0.7071068,0,0,0,0,0,-0.7071068,0
37.92955,42,6,1,0.1649465,1.077702,-0.7487143,-0.07277371,-0.9795167,-0.1756921,0.460136,0.6443802,0.2447051,-0.06753213,0.6402813,0.1040571,-0.02263568,1.173828,0.03957755,-0.005978378,-0.9750123,0.02262699,0.1773643,1.05806,-0.885861,0,0,0,0,-0.7071068,0,0,0,0,0,-0.7071068,0,0,0,0,0,-0.7071068,0,0,0,0,0,-0.7071068,0,0,0,0,0,-0.7071068,0
37.95161,42,6,1,0.1640635,1.08703,-0.7473643,-0.07232201,-0.9784019,-0.1820269,0.4601072,0.6443982,0.2448075,-0.06751946,0.6400912,0.1041454,-0.02352772,1.174577,0.0406227,-0.00518933,-0.9753068,0.01867704,0.1764723,1.070907,-0.883406,0,0,0,0,-0.7071068,0,0,0,0,0,-0.7071068,0,0,0,0,0,-0.7071068,0,0,0,0,0,-0.7071068,0,0,0,0,0,-0.7071068,0
37.97398,42,6,1,0.1630768,1.096046,-0.7460316,-0.06951247,-0.9778282,-0.1863118,0.4601122,0.644381,0.2448549,-0.06751424,0.6400352,0.1043528,-0.0244884,1.175089,0.04171785,-0.004633277,-0.975517,0.01499582,0.1755116,1.083301,-0.8807393,0,0,0,0,-0.7071068,0,0,0,0,0,-0.7071068,0,0,0,0,0,-0.7071068,0,0,0,0,0,-0.7071068,0,0,0,0,0,-0.7071068,0
37.99589,42,6,1,0.1613574,1.104927,-0.7448009,-0.06417099,-0.9776527,-0.1895767,0.4601215,0.6443415,0.244793,-0.06771363,0.6400222,0.1041221,-0.02550681,1.175791,0.04281797,-0.003650281,-0.9757931,0.01146724,0.1744932,1.095941,-0.8778725,0,0,0,0,-0.7071068,0,0,0,0,0,-0.7071068,0,0,0,0,0,-0.7071068,0,0,0,0,0,-0.7071068,0,0,0,0,0,-0.7071068,0
38.00713,42,6,1,0.1604667,1.109385,-0.744176,-0.0628573,-0.9773638,-0.1916858,0.4601552,0.6443241,0.2446949,-0.06780259,0.6400322,0.1039721,-0.02603469,1.176146,0.04333762,-0.003079186,-0.9759237,0.009681392,0.1739653,1.102235,-0.8764036,0,0,0,0,-0.7071068,0,0,0,0,0,-0.7071068,0,0,0,0,0,-0.7071068,0,0,0,0,0,-0.7071068,0,0,0,0,0,-0.7071068,0
38.02928,42,6,1,0.1588442,1.118439,-0.7428446,-0.06244952,-0.9765881,-0.1960233,0.4602117,0.644331,0.2446203,-0.06790026,0.6401668,0.1037806,-0.02706048,1.176984,0.04444095,-0.002121528,-0.9761305,0.00611996,0.1729395,1.115017,-0.8732483,0,0,0,0,-0.7071068,0,0,0,0,0,-0.7071068,0,0,0,0,0,-0.7071068,0,0,0,0,0,-0.7071068,0,0,0,0,0,-0.7071068,0
38.0405,42,6,1,0.1580396,1.123015,-0.7422298,-0.06231117,-0.9762096,-0.1980678,0.4601802,0.6443467,0.244601,-0.06789192,0.6402313,0.1037253,-0.02749053,1.177452,0.04490574,-0.001753553,-0.9761801,0.004191984,0.1725095,1.121441,-0.8716889,0,0,0,0,-0.7071068,0,0,0,0,0,-0.7071068,0,0,0,0,0,-0.7071068,0,0,0,0,0,-0.7071068,0,0,0,0,0,-0.7071068,0
38.06269,42,6,1,0.1557606,1.13278,-0.7406917,-0.05948734,-0.9754881,-0.2033009,0.4601648,0.6443536,0.2446154,-0.06799015,0.6401576,0.1036129,-0.02845407,1.178244,0.04590045,-0.0006599355,-0.9762327,0.0005263571,0.1715459,1.134104,-0.8683687,0,0,0,0,-0.7071068,0,0,0,0,0,-0.7071068,0,0,0,0,0,-0.7071068,0,0,0,0,0,-0.7071068,0,0,0,0,0,-0.7071068,0
38.0739,42,6,1,0.1547321,1.137621,-0.7398558,-0.05770676,-0.9750718,-0.2061361,0.4601637,0.6443831,0.2446246,-0.06789685,0.6401738,0.1035159,-0.0289128,1.178628,0.04646194,-0.0001774007,-0.9762188,-0.001300634,0.1710872,1.140448,-0.8665678,0,0,0,0,-0.7071068,0,0,0,0,0,-0.7071068,0,0,0,0,0,-0.7071068,0,0,0,0,0,-0.7071068,0,0,0,0,0,-0.7071068,0
38.09589,42,6,1,0.1527508,1.147431,-0.7380739,-0.05570037,-0.9740549,-0.21194,0.4602055,0.644413,0.2445692,-0.06794196,0.6401078,0.1034873,-0.02990297,1.179348,0.04741699,0.001084086,-0.9762764,-0.005007177,0.170097,1.153031,-0.8630002,0,0,0,0,-0.7071068,0,0,0,0,0,-0.7071068,0,0,0,0,0,-0.7071068,0,0,0,0,0,-0.7071068,0,0,0,0,0,-0.7071068,0
38.10732,42,6,1,0.1518713,1.152391,-0.7371333,-0.05500314,-0.9735332,-0.2145304,0.4602249,0.6444157,0.2445358,-0.06793072,0.6401045,0.1034744,-0.03042012,1.179752,0.04791003,0.001612531,-0.9762774,-0.006867601,0.1695799,1.159205,-0.8611661,0,0,0,0,-0.7071068,0,0,0,0,0,-0.7071068,0,0,0,0,0,-0.7071068,0,0,0,0,0,-0.7071068,0,0,0,0,0,-0.7071068,0
38.12943,42,6,1,0.1501007,1.162562,-0.7350078,-0.05338298,-0.9723435,-0.2203356,0.4601205,0.6443192,0.2445026,-0.06803939,0.6401376,0.1032587,-0.03143761,1.180318,0.04893962,0.002607882,-0.9763035,-0.01024801,0.1685624,1.17154,-0.8572575,0,0,0,0,-0.7071068,0,0,0,0,0,-0.7071068,0,0,0,0,0,-0.7071068,0,0,0,0,0,-0.7071068,0,0,0,0,0,-0.7071068,0
38.1515,42,6,1,0.1478275,1.172895,-0.7327338,-0.04904211,-0.9711587,-0.2269762,0.4601652,0.6443273,0.2443109,-0.06814107,0.6403824,0.1028945,-0.03239338,1.180873,0.04984963,0.004109779,-0.976367,-0.01302698,0.1676066,1.183815,-0.8532869,0,0,0,0,-0.7071068,0,0,0,0,0,-0.7071068,0,0,0,0,0,-0.7071068,0,0,0,0,0,-0.7071068,0,0,0,0,0,-0.7071068,0
38.16305,42,6,1,0.1468209,1.177972,-0.7315729,-0.04806928,-0.9705168,-0.2300998,0.4601662,0.6443926,0.2442757,-0.06809212,0.6404957,0.1027949,-0.03288668,1.181108,0.05040985,0.004619472,-0.9764388,-0.01426024,0.1671133,1.189869,-0.8511342,0,0,0,0,-0.7071068,0,0,0,0,0,-0.7071068,0,0,0,0,0,-0.7071068,0,0,0,0,0,-0.7071068,0,0,0,0,0,-0.7071068,0
38.18476,42,6,1,0.1449928,1.187722,-0.7292431,-0.04786408,-0.96938,-0.2351546,0.4602582,0.644457,0.2442929,-0.06808292,0.6406451,0.1027672,-0.03389335,1.181575,0.05135702,0.005344866,-0.9765276,-0.01689202,0.1661067,1.202127,-0.8468119,0,0,0,0,-0.7071068,0,0,0,0,0,-0.7071068,0,0,0,0,0,-0.7071068,0,0,0,0,0,-0.7071068,0,0,0,0,0,-0.7071068,0
38.19592,42,6,1,0.1441732,1.192459,-0.728046,-0.04705733,-0.9688349,-0.2376527,0.4602566,0.6444908,0.2442342,-0.06822079,0.6405891,0.1027008,-0.03445316,1.18172,0.05187474,0.005702641,-0.9765744,-0.01811837,0.1655468,1.207869,-0.8446213,0,0,0,0,-0.7071068,0,0,0,0,0,-0.7071068,0,0,0,0,0,-0.7071068,0,0,0,0,0,-0.7071068,0,0,0,0,0,-0.7071068,0
38.20733,42,6,1,0.1431382,1.197371,-0.7266799,-0.04427026,-0.9682144,-0.2408292,0.460259,0.6444954,0.2442096,-0.06835744,0.6404999,0.102738,-0.03497471,1.181826,0.0523406,0.006098056,-0.9766347,-0.01920837,0.1650253,1.213779,-0.8423727,0,0,0,0,-0.7071068,0,0,0,0,0,-0.7071068,0,0,0,0,0,-0.7071068,0,0,0,0,0,-0.7071068,0,0,0,0,0,-0.7071068,0
38.22923,42,6,1,0.1412607,1.206921,-0.7238188,-0.03964887,-0.966786,-0.2474672,0.4602435,0.6445045,0.2441904,-0.06832338,0.6404506,0.1029922,-0.03611138,1.181972,0.05342224,0.007449375,-0.9768643,-0.02088147,0.1638886,1.225459,-0.8376001,0,0,0,0,-0.7071068,0,0,0,0,0,-0.7071068,0,0,0,0,0,-0.7071068,0,0,0,0,0,-0.7071068,0,0,0,0,0,-0.7071068,0
38.24038,43,6,1,0.1404593,1.211294,-0.7225443,-0.03917853,-0.9661746,-0.2499307,0.460301,0.6444834,0.2441326,-0.06815283,0.6404669,0.103203,-0.03669364,1.182058,0.05392936,0.008363927,-0.9770421,-0.02169422,0.1633064,1.231255,-0.8351923,0,0,0,0,-0.7071068,0,0,0,0,0,-0.7071068,0,0,0,0,0,-0.7071068,0,0,0,0,0,-0.7071068,0,0,0,0,0,-0.7071068,0
38.25161,43,6,1,0.1397516,1.215607,-0.7213016,-0.03848758,-0.96559,-0.2522727,0.4603101,0.6445035,0.2440934,-0.06802949,0.6404862,0.1033519,-0.03729284,1.182143,0.05441182,0.009228222,-0.9772319,-0.02276577,0.1627072,1.237084,-0.8327483,0,0,0,0,-0.7071068,0,0,0,0,0,-0.7071068,0,0,0,0,0,-0.7071068,0,0,0,0,0,-0.7071068,0,0,0,0,0,-0.7071068,0
38.27429,43,6,1,0.1382998,1.223773,-0.7187505,-0.03703332,-0.9645498,-0.256333,0.4603968,0.644475,0.2440102,-0.06764877,0.6406035,0.1035823,-0.03846613,1.182471,0.05548053,0.01075519,-0.9776431,-0.02513943,0.1615339,1.248776,-0.827651,0,0,0,0,-0.7071068,0,0,0,0,0,-0.7071068,0,0,0,0,0,-0.7071068,0,0,0,0,0,-0.7071068,0,0,0,0,0,-0.7071068,0
38.29586,43,6,1,0.1366448,1.231911,-0.7160822,-0.03362156,-0.9635959,-0.2603753,0.4604231,0.6444312,0.2439887,-0.06719171,0.6405472,0.1039107,-0.03960518,1.182892,0.05647513,0.01235863,-0.9779742,-0.02758681,0.1603948,1.260543,-0.8224353,0,0,0,0,-0.7071068,0,0,0,0,0,-0.7071068,0,0,0,0,0,-0.7071068,0,0,0,0,0,-0.7071068,0,0,0,0,0,-0.7071068,0
38.30751,43,6,1,0.1358248,1.23579,-0.7148488,-0.03310561,-0.9630694,-0.2624539,0.4604222,0.6443876,0.2439847,-0.06702548,0.6404558,0.103917,-0.04012123,1.183092,0.05700076,0.01334511,-0.9781224,-0.0287945,0.1598788,1.266373,-0.8197395,0,0,0,0,-0.7071068,0,0,0,0,0,-0.7071068,0,0,0,0,0,-0.7071068,0,0,0,0,0,-0.7071068,0,0,0,0,0,-0.7071068,0
38.32911,43,6,1,0.1344181,1.243632,-0.7121599,-0.0338418,-0.9618543,-0.2668954,0.4604893,0.6443403,0.2440738,-0.06650253,0.6402869,0.1041643,-0.04103925,1.183419,0.05802636,0.01502514,-0.9783588,-0.03118994,0.1589608,1.277984,-0.8142143,0,0,0,0,-0.7071068,0,0,0,0,0,-0.7071068,0,0,0,0,0,-0.7071068,0,0,0,0,0,-0.7071068,0,0,0,0,0,-0.7071068,0
38.34044,43,6,1,0.1338552,1.247426,-0.7108617,-0.03413358,-0.9613874,-0.2685305,0.4604749,0.6443584,0.2441004,-0.06640005,0.6401955,0.1043166,-0.04151365,1.183584,0.05863011,0.01543822,-0.9783961,-0.03256909,0.1584864,1.283648,-0.8113433,0,0,0,0,-0.7071068,0,0,0,0,0,-0.7071068,0,0,0,0,0,-0.7071068,0,0,0,0,0,-0.7071068,0,0,0,0,0,-0.7071068,0
38.3517,43,6,1,0.1331793,1.251223,-0.7095969,-0.03371143,-0.9609963,-0.2699752,0.4604397,0.6443387,0.2441636,-0.06659046,0.6400269,0.1044842,-0.04196671,1.183794,0.05919361,0.01590768,-0.9783989,-0.03400183,0.1580333,1.289538,-0.8083861,0,0,0,0,-0.7071068,0,0,0,0,0,-0.7071068,0,0,0,0,0,-0.7071068,0,0,0,0,0,-0.7071068,0,0,0,0,0,-0.7071068,0
38.37383,43,6,1,0.1317231,1.259046,-0.7069874,-0.03102197,-0.9600996,-0.2733853,0.4604274,0.6443974,0.2442854,-0.06681432,0.639811,0.1047533,-0.04272734,1.184185,0.06038158,0.01649587,-0.9782498,-0.03684752,0.1572727,1.300959,-0.8023975,0,0,0,0,-0.7071068,0,0,0,0,0,-0.7071068,0,0,0,0,0,-0.7071068,0,0,0,0,0,-0.7071068,0,0,0,0,0,-0.7071068,0
38.39602,43,6,1,0.1301877,1.26727,-0.7041312,-0.02869754,-0.9588672,-0.2778374,0.4605012,0.6443415,0.2443548,-0.066594,0.639715,0.1047487,-0.04330292,1.184591,0.06158436,0.0174674,-0.9780821,-0.03941207,0.1566971,1.312328,-0.7962208,0,0,0,0,-0.7071068,0,0,0,0,0,-0.7071068,0,0,0,0,0,-0.7071068,0,0,0,0,0,-0.7071068,0,0,0,0,0,-0.7071068,0
38.418,43,6,1,0.1284366,1.275565,-0.7012416,-0.0269843,-0.9575567,-0.282618,0.4606704,0.6442395,0.2443977,-0.06616686,0.6398872,0.1045653,-0.04381873,1.184962,0.06269376,0.01850204,-0.9778847,-0.04189092,0.1561813,1.323684,-0.7899209,0,0,0,0,-0.7071068,0,0,0,0,0,-0.7071068,0,0,0,0,0,-0.7071068,0,0,0,0,0,-0.7071068,0,0,0,0,0,-0.7071068,0
38.42911,43,6,1,0.1274719,1.279667,-0.6997824,-0.02816765,-0.9569328,-0.2847556,0.4606388,0.6442751,0.2445444,-0.06590738,0.640018,0.1045696,-0.04402145,1.185134,0.06324458,0.01898664,-0.9777609,-0.04313683,0.1559786,1.329249,-0.7867448,0,0,0,0,-0.7071068,0,0,0,0,0,-0.7071068,0,0,0,0,0,-0.7071068,0,0,0,0,0,-0.7071068,0,0,0,0,0,-0.7071068,0
38.44053,43,6,1,0.1265482,1.283901,-0.6983548,-0.03014329,-0.9562058,-0.287157,0.4606816,0.644236,0.2445634,-0.06575312,0.6401085,0.1044981,-0.04422957,1.185334,0.06380916,0.01944063,-0.977626,-0.04446634,0.1557704,1.334865,-0.7834911,0,0,0,0,-0.7071068,0,0,0,0,0,-0.7071068,0,0,0,0,0,-0.7071068,0,0,0,0,0,-0.7071068,0,0,0,0,0,-0.7071068,0
38.4624,43,6,1,0.1243075,1.292713,-0.6949976,-0.0296071,-0.9547058,-0.2925733,0.4606383,0.6441151,0.244713,-0.06551003,0.6401645,0.1046659,-0.04462498,1.185793,0.06483071,0.02046273,-0.9773294,-0.04694387,0.155375,1.346085,-0.7769712,0,0,0,0,-0.7071068,0,0,0,0,0,-0.7071068,0,0,0,0,0,-0.7071068,0,0,0,0,0,-0.7071068,0,0,0,0,0,-0.7071068,0
38.47358,43,6,1,0.1232857,1.297154,-0.6934033,-0.0278092,-0.9541256,-0.2946885,0.4606275,0.6441083,0.2447324,-0.06534755,0.6402624,0.1047262,-0.04482526,1.186083,0.0653083,0.02054236,-0.9772391,-0.04754285,0.1551747,1.351716,-0.7736855,0,0,0,0,-0.7071068,0,0,0,0,0,-0.7071068,0,0,0,0,0,-0.7071068,0,0,0,0,0,-0.7071068,0,0,0,0,0,-0.7071068,0
38.4849,43,6,1,0.1224526,1.301609,-0.691768,-0.02659188,-0.9535316,-0.2967325,0.4607153,0.6441536,0.2448463,-0.06526136,0.6403156,0.1047937,-0.04498193,1.186204,0.06575295,0.0209797,-0.9771525,-0.04849311,0.1550181,1.3572,-0.770368,0,0,0,0,-0.7071068,0,0,0,0,0,-0.7071068,0,0,0,0,0,-0.7071068,0,0,0,0,0,-0.7071068,0,0,0,0,0,-0.7071068,0
38.50727,43,6,1,0.1207305,1.310521,-0.6880401,-0.02607046,-0.952145,-0.3014703,0.4606752,0.644102,0.244761,-0.06513947,0.6403918,0.104928,-0.04535354,1.186307,0.06662843,0.02142268,-0.9769416,-0.05029391,0.1546465,1.367857,-0.76368,0,0,0,0,-0.7071068,0,0,0,0,0,-0.7071068,0,0,0,0,0,-0.7071068,0,0,0,0,0,-0.7071068,0,0,0,0,0,-0.7071068,0
38.52903,43,6,1,0.1190789,1.319591,-0.6840413,-0.02294666,-0.9503729,-0.3073438,0.4605366,0.6441556,0.2447203,-0.06529357,0.6404265,0.1050866,-0.04574984,1.186423,0.06753524,0.02119342,-0.9768041,-0.05183496,0.1542502,1.378494,-0.7567651,0,0,0,0,-0.7071068,0,0,0,0,0,-0.7071068,0,0,0,0,0,-0.7071068,0,0,0,0,0,-0.7071068,0,0,0,0,0,-0.7071068,0
38.54018,43,6,1,0.1184175,1.324123,-0.6819695,-0.02166088,-0.9495872,-0.309782,0.4605455,0.6441339,0.2447251,-0.06542546,0.640395,0.105115,-0.04596199,1.186439,0.0679639,0.02108338,-0.9767165,-0.05279474,0.154038,1.383699,-0.7532921,0,0,0,0,-0.7071068,0,0,0,0,0,-0.7071068,0,0,0,0,0,-0.7071068,0,0,0,0,0,-0.7071068,0,0,0,0,0,-0.7071068,0
38.56254,43,6,1,0.1172181,1.332926,-0.6778985,-0.02158195,-0.9481989,-0.3139756,0.4606175,0.6441516,0.2446054,-0.06546423,0.6404203,0.1052176,-0.04627777,1.186552,0.06867975,0.02091038,-0.9765677,-0.05454314,0.1537222,1.394165,-0.7463403,0,0,0,0,-0.7071068,0,0,0,0,0,-0.7071068,0,0,0,0,0,-0.7071068,0,0,0,0,0,-0.7071068,0,0,0,0,0,-0.7071068,0
38.58452,43,6,1,0.1157153,1.342118,-0.6733873,-0.02026536,-0.9465072,-0.3192309,0.4605868,0.6443188,0.2445318,-0.0655686,0.6403204,0.1054398,-0.04664087,1.186704,0.06944156,0.02122083,-0.9764522,-0.05615867,0.1533591,1.404649,-0.739134,0,0,0,0,-0.7071068,0,0,0,0,0,-0.7071068,0,0,0,0,0,-0.7071068,0,0,0,0,0,-0.7071068,0,0,0,0,0,-0.7071068,0
38.59578,43,6,1,0.1149036,1.346841,-0.6710835,-0.01832014,-0.9455122,-0.3223461,0.4605869,0.6443129,0.2444416,-0.06556784,0.6402571,0.1055104,-0.04685645,1.18682,0.06980732,0.0214071,-0.9764038,-0.0569708,0.1531436,1.40977,-0.7355657,0,0,0,0,-0.7071068,0,0,0,0,0,-0.7071068,0,0,0,0,0,-0.7071068,0,0,0,0,0,-0.7071068,0,0,0,0,0,-0.7071068,0
38.61794,43,6,1,0.1134362,1.356013,-0.66639,-0.01697262,-0.9435527,-0.3282259,0.460604,0.6443802,0.2443729,-0.0655202,0.6399888,0.1056644,-0.04718476,1.187105,0.07055353,0.02168372,-0.9763521,-0.05897713,0.1528152,1.420208,-0.7281544,0,0,0,0,-0.7071068,0,0,0,0,0,-0.7071068,0,0,0,0,0,-0.7071068,0,0,0,0,0,-0.7071068,0,0,0,0,0,-0.7071068,0
38.62914,43,6,1,0.1128009,1.360526,-0.6640456,-0.01678833,-0.9426774,-0.3308199,0.460653,0.6444249,0.2443934,-0.06539857,0.6398867,0.1057431,-0.04747078,1.187322,0.07097129,0.02170016,-0.9763101,-0.06015332,0.1525292,1.425435,-0.7243637,0,0,0,0,-0.7071068,0,0,0,0,0,-0.7071068,0,0,0,0,0,-0.7071068,0,0,0,0,0,-0.7071068,0,0,0,0,0,-0.7071068,0
38.6513,43,6,1,0.1113785,1.369496,-0.6593385,-0.01193242,-0.9412569,-0.3351254,0.4607235,0.6443311,0.2444993,-0.06525326,0.6396626,0.1057795,-0.04797532,1.187643,0.07165649,0.02125451,-0.9762159,-0.06298178,0.1520247,1.435727,-0.7167947,0,0,0,0,-0.7071068,0,0,0,0,0,-0.7071068,0,0,0,0,0,-0.7071068,0,0,0,0,0,-0.7071068,0,0,0,0,0,-0.7071068,0
38.67348,43,6,1,0.1102902,1.378261,-0.6550782,-0.003056481,-0.9403929,-0.3374851,0.4607623,0.644192,0.2444436,-0.06517135,0.6396045,0.1056593,-0.04848881,1.188011,0.0723125,0.0205955,-0.9762179,-0.06615931,0.1515112,1.445927,-0.709125,0,0,0,0,-0.7071068,0,0,0,0,0,-0.7071068,0,0,0,0,0,-0.7071068,0,0,0,0,0,-0.7071068,0,0,0,0,0,-0.7071068,0
38.68488,43,6,1,0.1100148,1.382397,-0.6530474,-0.00125435,-0.94015,-0.3379799,0.4607722,0.6440811,0.244381,-0.06523332,0.6395001,0.1054943,-0.04882914,1.188212,0.07262481,0.02031624,-0.9762336,-0.06768464,0.1511709,1.450999,-0.705251,0,0,0,0,-0.7071068,0,0,0,0,0,-0.7071068,0,0,0,0,0,-0.7071068,0,0,0,0,0,-0.7071068,0,0,0,0,0,-0.7071068,0
38.70732,43,6,1,0.1097309,1.390957,-0.6489959,-0.002721503,-0.9399866,-0.3380394,0.4608125,0.6440725,0.2443348,-0.0650792,0.6395066,0.1051674,-0.04950641,1.188667,0.07335335,0.01998382,-0.9764631,-0.07050512,0.1504936,1.461216,-0.6972091,0,0,0,0,-0.7071068,0,0,0,0,0,-0.7071068,0,0,0,0,0,-0.7071068,0,0,0,0,0,-0.7071068,0,0,0,0,0,-0.7071068,0
38.72909,44,6,1,0.1088,1.400312,-0.6438673,-0.0004935116,-0.9381613,-0.3428978,0.4609083,0.6440926,0.2443043,-0.06481726,0.6397322,0.104879,-0.05007365,1.188864,0.07422812,0.0205539,-0.9767281,-0.07288021,0.1499264,1.470848,-0.6890344,0,0,0,0,-0.7071068,0,0,0,0,0,-0.7071068,0,0,0,0,0,-0.7071068,0,0,0,0,0,-0.7071068,0,0,0,0,0,-0.7071068,0
38.74025,44,6,1,0.108235,1.405136,-0.6409503,7.69347E-05,-0.9364579,-0.3475993,0.4609245,0.6440461,0.2443098,-0.06459513,0.6399019,0.1048106,-0.05026002,1.188961,0.07475562,0.02090435,-0.9768509,-0.0739398,0.14974,1.475758,-0.684694,0,0,0,0,-0.7071068,0,0,0,0,0,-0.7071068,0,0,0,0,0,-0.7071068,0,0,0,0,0,-0.7071068,0,0,0,0,0,-0.7071068,0
38.76252,44,6,1,0.1076248,1.414525,-0.6354185,-0.0007322282,-0.9339166,-0.3542745,0.4609465,0.643997,0.2442182,-0.06433813,0.6403223,0.1048202,-0.05054474,1.189213,0.07587822,0.02114031,-0.9768459,-0.07711254,0.1494553,1.485343,-0.6759979,0,0,0,0,-0.7071068,0,0,0,0,0,-0.7071068,0,0,0,0,0,-0.7071068,0,0,0,0,0,-0.7071068,0,0,0,0,0,-0.7071068,0
38.7845,44,6,1,0.1070643,1.423259,-0.6301301,0.001210988,-0.9325734,-0.3575969,0.4609556,0.6438482,0.2443102,-0.06392176,0.6406043,0.1052732,-0.05072717,1.189523,0.07716846,0.021087,-0.9766623,-0.08098491,0.1492728,1.494997,-0.6668825,0,0,0,0,-0.7071068,0,0,0,0,0,-0.7071068,0,0,0,0,0,-0.7071068,0,0,0,0,0,-0.7071068,0,0,0,0,0,-0.7071068,0
38.79564,44,6,1,0.1067419,1.427925,-0.6273184,0.004007101,-0.931879,-0.3592733,0.4608466,0.6439109,0.2444052,-0.06376266,0.6404723,0.1057247,-0.05073414,1.189726,0.07778871,0.0209562,-0.976519,-0.08302306,0.1492659,1.499716,-0.6623887,0,0,0,0,-0.7071068,0,0,0,0,0,-0.7071068,0,0,0,0,0,-0.7071068,0,0,0,0,0,-0.7071068,0,0,0,0,0,-0.7071068,0
38.80684,44,6,1,0.1064038,1.432153,-0.6246205,0.006495073,-0.9313331,-0.3605658,0.4608194,0.6439223,0.2444578,-0.06379458,0.6402576,0.1061324,-0.05079025,1.189926,0.07846697,0.02102625,-0.9763968,-0.08496801,0.1492098,1.504489,-0.6577282,0,0,0,0,-0.7071068,0,0,0,0,0,-0.7071068,0,0,0,0,0,-0.7071068,0,0,0,0,0,-0.7071068,0,0,0,0,0,-0.7071068,0
38.82897,44,6,1,0.1059268,1.440483,-0.6188138,0.005993694,-0.9293416,-0.3657267,0.4607125,0.6439996,0.2447101,-0.06362005,0.6396693,0.1069906,-0.05077688,1.190301,0.07991465,0.02139364,-0.9761425,-0.0887551,0.1492231,1.513859,-0.6482607,0,0,0,0,-0.7071068,0,0,0,0,0,-0.7071068,0,0,0,0,0,-0.7071068,0,0,0,0,0,-0.7071068,0,0,0,0,0,-0.7071068,0
38.84026,44,6,1,0.1057711,1.444601,-0.6157704,0.004808426,-0.9279889,-0.3692105,0.4607114,0.6440611,0.2447557,-0.0635809,0.6394549,0.1073523,-0.0507171,1.190495,0.08064955,0.0216874,-0.9760215,-0.09053195,0.1492829,1.518549,-0.6434227,0,0,0,0,-0.7071068,0,0,0,0,0,-0.7071068,0,0,0,0,0,-0.7071068,0,0,0,0,0,-0.7071068,0,0,0,0,0,-0.7071068,0
38.86232,44,6,1,0.1055034,1.452631,-0.60952,0.003486454,-0.9253911,-0.3757344,0.4605656,0.6442236,0.2448516,-0.06340791,0.6391888,0.1081506,-0.05058181,1.190821,0.08223761,0.02204196,-0.9757175,-0.09403713,0.1494182,1.527741,-0.6335505,0,0,0,0,-0.7071068,0,0,0,0,0,-0.7071068,0,0,0,0,0,-0.7071068,0,0,0,0,0,-0.7071068,0,0,0,0,0,-0.7071068,0
38.87346,44,6,1,0.1053733,1.456493,-0.6066294,0.003477082,-0.9244741,-0.3779846,0.4605855,0.6442013,0.2448666,-0.06312838,0.6390559,0.1085405,-0.0504792,1.190982,0.0830452,0.0216872,-0.9755536,-0.09598327,0.1495208,1.532252,-0.6285834,0,0,0,0,-0.7071068,0,0,0,0,0,-0.7071068,0,0,0,0,0,-0.7071068,0,0,0,0,0,-0.7071068,0,0,0,0,0,-0.7071068,0
38.88461,44,6,1,0.1052607,1.460382,-0.603844,0.003340423,-0.9236681,-0.3799628,0.4605949,0.6442025,0.2449094,-0.06264634,0.6389443,0.1089759,-0.05037359,1.191182,0.08387449,0.02116738,-0.9753444,-0.09792081,0.1496264,1.536799,-0.6235322,0,0,0,0,-0.7071068,0,0,0,0,0,-0.7071068,0,0,0,0,0,-0.7071068,0,0,0,0,0,-0.7071068,0,0,0,0,0,-0.7071068,0
38.90742,44,6,1,0.1048041,1.467806,-0.5980731,0.003967807,-0.9223522,-0.3831071,0.4606754,0.6440313,0.245086,-0.0619599,0.6384614,0.109264,-0.05010338,1.191733,0.08546691,0.02014108,-0.9748064,-0.1022007,0.1498966,1.545909,-0.6134311,0,0,0,0,-0.7071068,0,0,0,0,0,-0.7071068,0,0,0,0,0,-0.7071068,0,0,0,0,0,-0.7071068,0,0,0,0,0,-0.7071068,0
38.92897,44,6,1,0.1040617,1.475461,-0.5916149,0.00444302,-0.9204289,-0.3877876,0.4607224,0.643851,0.2453566,-0.06129498,0.6380784,0.1096626,-0.04974676,1.192224,0.08722186,0.02046628,-0.9742543,-0.1060733,0.1502533,1.554814,-0.6030488,0,0,0,0,-0.7071068,0,0,0,0,0,-0.7071068,0,0,0,0,0,-0.7071068,0,0,0,0,0,-0.7071068,0,0,0,0,0,-0.7071068,0
38.94013,44,6,1,0.103754,1.479189,-0.5882594,0.003630877,-0.9188901,-0.3915986,0.4607553,0.6438339,0.245444,-0.0608914,0.6380016,0.1100862,-0.04953257,1.192437,0.08804217,0.02094405,-0.9739856,-0.1078918,0.1504674,1.559229,-0.5978182,0,0,0,0,-0.7071068,0,0,0,0,0,-0.7071068,0,0,0,0,0,-0.7071068,0,0,0,0,0,-0.7071068,0,0,0,0,0,-0.7071068,0
38.96228,44,6,1,0.103392,1.48652,-0.5816053,0.002601638,-0.9163549,-0.3975424,0.4607001,0.6438812,0.2458012,-0.06011926,0.6378513,0.1112071,-0.04921515,1.1927,0.08978628,0.02087399,-0.9734658,-0.1115947,0.1507849,1.567705,-0.5872513,0,0,0,0,-0.7071068,0,0,0,0,0,-0.7071068,0,0,0,0,0,-0.7071068,0,0,0,0,0,-0.7071068,0,0,0,0,0,-0.7071068,0
38.98447,44,6,1,0.1037834,1.493021,-0.5757096,0.002832443,-0.9149704,-0.4003338,0.4607034,0.6438309,0.2460757,-0.05959693,0.6377099,0.1118693,-0.04893186,1.192944,0.09151958,0.01960149,-0.9728779,-0.1152985,0.1510682,1.576061,-0.5765291,0,0,0,0,-0.7071068,0,0,0,0,0,-0.7071068,0,0,0,0,0,-0.7071068,0,0,0,0,0,-0.7071068,0,0,0,0,0,-0.7071068,0
38.99573,44,6,1,0.1039074,1.496233,-0.5728214,0.001867324,-0.9144818,-0.4013067,0.4607268,0.6437687,0.2461643,-0.05930027,0.6376432,0.1121557,-0.04875519,1.193086,0.09240697,0.01901639,-0.9725668,-0.1171191,0.1512448,1.580204,-0.5711032,0,0,0,0,-0.7071068,0,0,0,0,0,-0.7071068,0,0,0,0,0,-0.7071068,0,0,0,0,0,-0.7071068,0,0,0,0,0,-0.7071068,0
39.01778,44,6,1,0.1037837,1.502649,-0.5668858,0.0001698732,-0.9132969,-0.4038915,0.4608257,0.6435906,0.2461347,-0.05812332,0.6380613,0.1126102,-0.04841908,1.193457,0.09403315,0.01875588,-0.9719143,-0.1205341,0.1515809,1.588493,-0.5602811,0,0,0,0,-0.7071068,0,0,0,0,0,-0.7071068,0,0,0,0,0,-0.7071068,0,0,0,0,0,-0.7071068,0,0,0,0,0,-0.7071068,0
39.029,44,6,1,0.1033033,1.50614,-0.5637186,0.002520114,-0.9123546,-0.4060103,0.4608397,0.6434065,0.2462283,-0.05761155,0.6382466,0.1127184,-0.04829323,1.193611,0.09484904,0.01896461,-0.9715976,-0.1223092,0.1517068,1.592502,-0.5548798,0,0,0,0,-0.7071068,0,0,0,0,0,-0.7071068,0,0,0,0,0,-0.7071068,0,0,0,0,0,-0.7071068,0,0,0,0,0,-0.7071068,0
39.05121,44,6,1,0.1023043,1.513097,-0.5573569,0.00645633,-0.9101282,-0.4109052,0.4608269,0.6435174,0.2462187,-0.05665876,0.6387197,0.1135475,-0.04810356,1.193743,0.09650803,0.01921959,-0.9710948,-0.1254226,0.1518964,1.600337,-0.543843,0,0,0,0,-0.7071068,0,0,0,0,0,-0.7071068,0,0,0,0,0,-0.7071068,0,0,0,0,0,-0.7071068,0,0,0,0,0,-0.7071068,0
39.06236,44,6,1,0.1019471,1.516463,-0.5541355,0.005056903,-0.9092567,-0.4129183,0.4608174,0.6435094,0.2462024,-0.05661703,0.6389075,0.1138559,-0.04802983,1.193887,0.0972611,0.01897986,-0.9708402,-0.1271349,0.1519702,1.604272,-0.5383619,0,0,0,0,-0.7071068,0,0,0,0,0,-0.7071068,0,0,0,0,0,-0.7071068,0,0,0,0,0,-0.7071068,0,0,0,0,0,-0.7071068,0
39.07353,44,6,1,0.1016016,1.519928,-0.5510303,0.004037082,-0.9083558,-0.415032,0.4608206,0.6435142,0.2461947,-0.05649487,0.6389907,0.1140538,-0.0479807,1.194035,0.09804416,0.01856721,-0.9705325,-0.1291889,0.1520193,1.608179,-0.5328164,0,0,0,0,-0.7071068,0,0,0,0,0,-0.7071068,0,0,0,0,0,-0.7071068,0,0,0,0,0,-0.7071068,0,0,0,0,0,-0.7071068,0
39.09568,44,6,1,0.1006063,1.526965,-0.5446718,0.005703986,-0.9063882,-0.4195322,0.4606365,0.6434616,0.2461949,-0.05679737,0.6389087,0.1145213,-0.04795546,1.194491,0.09943328,0.01784295,-0.9699825,-0.1331823,0.1520445,1.615964,-0.5219173,0,0,0,0,-0.7071068,0,0,0,0,0,-0.7071068,0,0,0,0,0,-0.7071068,0,0,0,0,0,-0.7071068,0,0,0,0,0,-0.7071068,0
39.11784,44,6,1,0.09996755,1.533734,-0.5380568,0.009363145,-0.9040092,-0.424421,0.4605836,0.6434186,0.2462018,-0.05697211,0.6387355,0.1147889,-0.04803635,1.194919,0.1006353,0.0177407,-0.9695514,-0.1364879,0.1519637,1.623667,-0.5109658,0,0,0,0,-0.7071068,0,0,0,0,0,-0.7071068,0,0,0,0,0,-0.7071068,0,0,0,0,0,-0.7071068,0,0,0,0,0,-0.7071068,0
39.12974,44,6,1,0.1001111,1.536797,-0.5349465,0.01053095,-0.9033265,-0.4256265,0.4605878,0.6434338,0.2462099,-0.05680225,0.6387234,0.114783,-0.04811712,1.195132,0.1012729,0.01778151,-0.9693943,-0.137842,0.1518829,1.627429,-0.5054551,0,0,0,0,-0.7071068,0,0,0,0,0,-0.7071068,0,0,0,0,0,-0.7071068,0,0,0,0,0,-0.7071068,0,0,0,0,0,-0.7071068,0
39.15119,44,6,1,0.1001101,1.542827,-0.5288746,0.01354539,-0.9023144,-0.4272305,0.4605614,0.6434608,0.2463102,-0.05643768,0.6388226,0.1151252,-0.04827801,1.195388,0.1024074,0.0175025,-0.9690412,-0.1410318,0.151722,1.634729,-0.494407,0,0,0,0,-0.7071068,0,0,0,0,0,-0.7071068,0,0,0,0,0,-0.7071068,0,0,0,0,0,-0.7071068,0,0,0,0,0,-0.7071068,0
39.16233,44,6,1,0.1000334,1.545759,-0.5259236,0.0149149,-0.9017591,-0.4281296,0.4605624,0.6434926,0.2462749,-0.05647362,0.6388581,0.1153105,-0.04840986,1.195536,0.1029163,0.01729453,-0.9688215,-0.1427713,0.1515901,1.638287,-0.4889795,0,0,0,0,-0.7071068,0,0,0,0,0,-0.7071068,0,0,0,0,0,-0.7071068,0,0,0,0,0,-0.7071068,0,0,0,0,0,-0.7071068,0
39.17374,44,6,1,0.09990187,1.548882,-0.5228167,0.01649703,-0.9010481,-0.4293776,0.460512,0.6435065,0.2462476,-0.05638625,0.6388234,0.1154731,-0.04849955,1.195727,0.1034313,0.01698176,-0.9685739,-0.1447305,0.1515004,1.641894,-0.4834537,0,0,0,0,-0.7071068,0,0,0,0,0,-0.7071068,0,0,0,0,0,-0.7071068,0,0,0,0,0,-0.7071068,0,0,0,0,0,-0.7071068,0
39.19581,44,6,1,0.09889741,1.555612,-0.5167629,0.01777825,-0.898472,-0.4346588,0.4604613,0.6434693,0.246381,-0.05636743,0.6385832,0.1156496,-0.0488305,1.196295,0.1042055,0.01607634,-0.9678441,-0.1499284,0.1511695,1.649104,-0.4726911,0,0,0,0,-0.7071068,0,0,0,0,0,-0.7071068,0,0,0,0,0,-0.7071068,0,0,0,0,0,-0.7071068,0,0,0,0,0,-0.7071068,0
39.21776,44,6,1,0.09646578,1.562509,-0.5109139,0.01685004,-0.8964112,-0.4392794,0.4605508,0.6433961,0.2462278,-0.05632462,0.638327,0.1152068,-0.04932432,1.197209,0.1049486,0.01540295,-0.9669293,-0.1556571,0.1506757,1.656613,-0.461688,0,0,0,0,-0.7071068,0,0,0,0,0,-0.7071068,0,0,0,0,0,-0.7071068,0,0,0,0,0,-0.7071068,0,0,0,0,0,-0.7071068,0
39.22897,45,6,1,0.09510238,1.565934,-0.5081814,0.01614425,-0.8961179,-0.4401568,0.4605493,0.6433451,0.2462123,-0.0564327,0.6382562,0.1148209,-0.04953479,1.197775,0.1051881,0.01622291,-0.9663519,-0.1588199,0.1504652,1.660351,-0.4563853,0,0,0,0,-0.7071068,0,0,0,0,0,-0.7071068,0,0,0,0,0,-0.7071068,0,0,0,0,0,-0.7071068,0,0,0,0,0,-0.7071068,0
39.25117,45,6,1,0.09174652,1.573185,-0.5026241,0.01469772,-0.8969445,-0.4392818,0.460617,0.6433624,0.2461885,-0.05670361,0.6382268,0.1139428,-0.04989307,1.199319,0.1057955,0.01891014,-0.9649543,-0.1663415,0.1501069,1.668223,-0.4454112,0,0,0,0,-0.7071068,0,0,0,0,0,-0.7071068,0,0,0,0,0,-0.7071068,0,0,0,0,0,-0.7071068,0,0,0,0,0,-0.7071068,0
39.26265,45,6,1,0.09047706,1.577477,-0.4989884,0.01640643,-0.8966842,-0.440094,0.4606396,0.6433866,0.2461385,-0.05692026,0.6382751,0.1135625,-0.05007114,1.200007,0.1060841,0.02046864,-0.9642502,-0.1699723,0.1499289,1.671996,-0.4399349,0,0,0,0,-0.7071068,0,0,0,0,0,-0.7071068,0,0,0,0,0,-0.7071068,0,0,0,0,0,-0.7071068,0,0,0,0,0,-0.7071068,0
39.28438,45,6,1,0.08750076,1.586421,-0.4907847,0.01951694,-0.8944921,-0.444902,0.4607654,0.6434109,0.2460081,-0.05740419,0.6384861,0.1130166,-0.05049308,1.201013,0.1065889,0.02257389,-0.9630421,-0.1759024,0.1495069,1.679011,-0.4290516,0,0,0,0,-0.7071068,0,0,0,0,0,-0.7071068,0,0,0,0,0,-0.7071068,0,0,0,0,0,-0.7071068,0,0,0,0,0,-0.7071068,0
39.30661,45,6,1,0.08703262,1.596243,-0.4806227,0.0169903,-0.8897455,-0.4543692,0.4607914,0.643167,0.2459459,-0.05803872,0.6388585,0.1124175,-0.05111616,1.201586,0.1070778,0.02351283,-0.9619793,-0.180998,0.1488838,1.673531,-0.4390143,0,0,0,0,-0.7071068,0,0,0,0,0,-0.7071068,0,0,0,0,0,-0.7071068,0,0,0,0,0,-0.7071068,0,0,0,0,0,-0.7071068,0
39.32902,45,6,1,0.08664484,1.605495,-0.4700034,0.01647682,-0.8848062,-0.4638852,0.460928,0.6430608,0.2455773,-0.05833091,0.6394102,0.1117874,-0.05194455,1.202033,0.1077241,0.0238721,-0.96128,-0.1849798,0.1480554,1.667764,-0.4487252,0,0,0,0,-0.7071068,0,0,0,0,0,-0.7071068,0,0,0,0,0,-0.7071068,0,0,0,0,0,-0.7071068,0,0,0,0,0,-0.7071068,0
39.35094,45,6,1,0.087344,1.613222,-0.4602432,0.01848927,-0.8805789,-0.4716204,0.4611273,0.6430513,0.2454019,-0.05817468,0.6398106,0.1118473,-0.05275861,1.202274,0.1084632,0.02465671,-0.9609169,-0.1881055,0.1472414,1.661569,-0.4583447,0,0,0,0,-0.7071068,0,0,0,0,0,-0.7071068,0,0,0,0,0,-0.7071068,0,0,0,0,0,-0.7071068,0,0,0,0,0,-0.7071068,0
39.36216,45,6,1,0.08815367,1.61674,-0.4557517,0.01711151,-0.87937,-0.4737758,0.461204,0.6431,0.2452187,-0.05802152,0.6398103,0.1119703,-0.0532953,1.202278,0.1088853,0.02467555,-0.9607326,-0.1897684,0.1467047,1.658371,-0.4629466,0,0,0,0,-0.7071068,0,0,0,0,0,-0.7071068,0,0,0,0,0,-0.7071068,0,0,0,0,0,-0.7071068,0,0,0,0,0,-0.7071068,0
39.37328,45,6,1,0.08904464,1.619819,-0.4512337,0.01531899,-0.8784187,-0.475457,0.4611655,0.6431642,0.2450794,-0.05791637,0.6399209,0.1121568,-0.05380836,1.202355,0.1094048,0.02508619,-0.9605547,-0.1914636,0.1461916,1.655126,-0.4675498,0,0,0,0,-0.7071068,0,0,0,0,0,-0.7071068,0,0,0,0,0,-0.7071068,0,0,0,0,0,-0.7071068,0,0,0,0,0,-0.7071068,0
39.39549,45,6,1,0.090612,1.626339,-0.442129,0.01459266,-0.8756447,-0.4801664,0.4610398,0.6431935,0.2448198,-0.05823614,0.6400238,0.1124334,-0.05484331,1.202744,0.1104555,0.02606812,-0.959955,-0.195498,0.1451567,1.648856,-0.4765103,0,0,0,0,-0.7071068,0,0,0,0,0,-0.7071068,0,0,0,0,0,-0.7071068,0,0,0,0,0,-0.7071068,0,0,0,0,0,-0.7071068,0
39.40663,45,6,1,0.09120566,1.629443,-0.4375095,0.01491514,-0.8737967,-0.4833714,0.4610167,0.6432705,0.2447278,-0.05858836,0.6401294,0.1123326,-0.05530711,1.202944,0.1110353,0.02695956,-0.9595972,-0.1975145,0.1446929,1.645609,-0.4809837,0,0,0,0,-0.7071068,0,0,0,0,0,-0.7071068,0,0,0,0,0,-0.7071068,0,0,0,0,0,-0.7071068,0,0,0,0,0,-0.7071068,0
39.42895,45,6,1,0.09205336,1.635466,-0.4284878,0.0189278,-0.8702271,-0.4894584,0.4607119,0.6433312,0.2446422,-0.05906811,0.6398392,0.1126082,-0.05619432,1.203255,0.1121988,0.02827525,-0.9586719,-0.2023135,0.1438057,1.639044,-0.4896549,0,0,0,0,-0.7071068,0,0,0,0,0,-0.7071068,0,0,0,0,0,-0.7071068,0,0,0,0,0,-0.7071068,0,0,0,0,0,-0.7071068,0
39.45124,45,6,1,0.09344537,1.640937,-0.4207302,0.01997648,-0.8685827,-0.491987,0.4603899,0.6433531,0.2447248,-0.05985714,0.6393108,0.1127718,-0.05686639,1.203909,0.113385,0.02962478,-0.9577732,-0.2065722,0.1431336,1.632538,-0.4983791,0,0,0,0,-0.7071068,0,0,0,0,0,-0.7071068,0,0,0,0,0,-0.7071068,0,0,0,0,0,-0.7071068,0,0,0,0,0,-0.7071068,0
39.47327,45,6,1,0.09429426,1.646628,-0.4126629,0.02103499,-0.8665566,-0.4953115,0.4602449,0.6434745,0.2449814,-0.06031986,0.6383912,0.1130186,-0.0574925,1.204535,0.1146639,0.03089028,-0.9567639,-0.2105778,0.1425075,1.625955,-0.5067556,0,0,0,0,-0.7071068,0,0,0,0,0,-0.7071068,0,0,0,0,0,-0.7071068,0,0,0,0,0,-0.7071068,0,0,0,0,0,-0.7071068,0
39.48453,45,6,1,0.0946389,1.649465,-0.4082786,0.0204917,-0.864959,-0.4980789,0.4602183,0.6435372,0.2449987,-0.06051201,0.6379605,0.1130865,-0.0577687,1.204869,0.1153084,0.03162214,-0.9562058,-0.2124975,0.1422313,1.62261,-0.5109227,0,0,0,0,-0.7071068,0,0,0,0,0,-0.7071068,0,0,0,0,0,-0.7071068,0,0,0,0,0,-0.7071068,0,0,0,0,0,-0.7071068,0
39.50663,45,6,1,0.09482665,1.655488,-0.3989354,0.0232702,-0.8601445,-0.5061572,0.4602229,0.6434731,0.2454296,-0.05990953,0.6374371,0.1130759,-0.05801364,1.205199,0.1166345,0.0334118,-0.9552143,-0.2151724,0.1419864,1.615479,-0.5191209,0,0,0,0,-0.7071068,0,0,0,0,0,-0.7071068,0,0,0,0,0,-0.7071068,0,0,0,0,0,-0.7071068,0,0,0,0,0,-0.7071068,0
39.52865,45,6,1,0.09532626,1.66077,-0.3903287,0.02628309,-0.8551996,-0.5142046,0.4602243,0.6433141,0.2457485,-0.05868647,0.6374828,0.1137863,-0.05807137,1.205182,0.1179418,0.03555671,-0.9543381,-0.2169354,0.1419286,1.607877,-0.5271928,0,0,0,0,-0.7071068,0,0,0,0,0,-0.7071068,0,0,0,0,0,-0.7071068,0,0,0,0,0,-0.7071068,0,0,0,0,0,-0.7071068,0
39.53992,45,6,1,0.09610195,1.662726,-0.3871027,0.02594978,-0.8538586,-0.516258,0.4602149,0.6431726,0.2459725,-0.05798545,0.6374778,0.1144326,-0.05807318,1.205088,0.1186334,0.03580428,-0.9540009,-0.2175537,0.1419268,1.60397,-0.5311077,0,0,0,0,-0.7071068,0,0,0,0,0,-0.7071068,0,0,0,0,0,-0.7071068,0,0,0,0,0,-0.7071068,0,0,0,0,0,-0.7071068,0
39.56264,45,6,0,0.09771557,1.665295,-0.3822518,0.02524026,-0.8533951,-0.5165796,0.4603453,0.6430326,0.2465946,-0.05623404,0.6371459,0.1163177,-0.05789597,1.205011,0.1202485,0.03496189,-0.9534053,-0.2189163,0.142104,1.596056,-0.5387365,0,0,0,0,-0.7071068,0,0,0,0,0,-0.7071068,0,0,0,0,0,-0.7071068,0,0,0,0,0,-0.7071068,0,0,0,0,0,-0.7071068,0
39.58431,45,6,0,0.09784444,1.66714,-0.3786502,0.03174576,-0.8524539,-0.5175878,0.4603516,0.642918,0.2472653,-0.05453771,0.6363965,0.1181465,-0.05760413,1.205052,0.1218608,0.03354369,-0.9527611,-0.2208277,0.1423959,1.587944,-0.5464408,0,0,0,0,-0.7071068,0,0,0,0,0,-0.7071068,0,0,0,0,0,-0.7071068,0,0,0,0,0,-0.7071068,0,0,0,0,0,-0.7071068,0
39.59546,45,6,0,0.0980397,1.667864,-0.3770165,0.03483658,-0.8518047,-0.5183989,0.4602279,0.6429677,0.247595,-0.05383743,0.6361316,0.1188912,-0.0574049,1.205003,0.1227613,0.03326344,-0.9524546,-0.2218826,0.1425951,1.58403,-0.549855,0,0,0,0,-0.7071068,0,0,0,0,0,-0.7071068,0,0,0,0,0,-0.7071068,0,0,0,0,0,-0.7071068,0,0,0,0,0,-0.7071068,0
39.61769,45,6,0,0.09874924,1.665601,-0.3778554,0.04632808,-0.8519486,-0.5168432,0.4601742,0.643051,0.248102,-0.05283239,0.6356001,0.1205679,-0.05699261,1.204803,0.1245529,0.03265591,-0.9521824,-0.2229546,0.1430074,1.575673,-0.5569606,0,0,0,0,-0.7071068,0,0,0,0,0,-0.7071068,0,0,0,0,0,-0.7071068,0,0,0,0,0,-0.7071068,0,0,0,0,0,-0.7071068,0
39.63988,45,6,0,0.1009892,1.658725,-0.3838801,0.05937664,-0.8559244,-0.5076375,0.4601118,0.6431618,0.2485233,-0.05291522,0.635254,0.1216461,-0.05646713,1.204294,0.1264652,0.03105635,-0.9525065,-0.2225261,0.1435329,1.566882,-0.5638082,0,0,0,0,-0.7071068,0,0,0,0,0,-0.7071068,0,0,0,0,0,-0.7071068,0,0,0,0,0,-0.7071068,0,0,0,0,0,-0.7071068,0
39.66195,45,6,0,0.1056735,1.646426,-0.3982714,0.05611028,-0.8712053,-0.4810251,0.4599814,0.6434565,0.2486145,-0.05367803,0.635245,0.1227526,-0.05561841,1.203409,0.128545,0.02855463,-0.9530836,-0.2213365,0.1443816,1.557561,-0.5703778,0,0,0,0,-0.7071068,0,0,0,0,0,-0.7071068,0,0,0,0,0,-0.7071068,0,0,0,0,0,-0.7071068,0,0,0,0,0,-0.7071068,0
39.67318,45,6,0,0.1072634,1.640624,-0.4048805,0.05650207,-0.8778403,-0.4693157,0.4598506,0.6434597,0.2488035,-0.05307248,0.6349027,0.123933,-0.05513583,1.202945,0.1297346,0.02701431,-0.9534984,-0.220123,0.1448642,1.552822,-0.5734702,0,0,0,0,-0.7071068,0,0,0,0,0,-0.7071068,0,0,0,0,0,-0.7071068,0,0,0,0,0,-0.7071068,0,0,0,0,0,-0.7071068,0
39.68445,45,6,0,0.1093257,1.635212,-0.4113095,0.05479053,-0.8826404,-0.4611507,0.4597224,0.6433657,0.2490247,-0.05211303,0.6347637,0.1251468,-0.05459774,1.202554,0.1309304,0.0251772,-0.9538134,-0.2191624,0.1454023,1.548082,-0.5765637,0,0,0,0,-0.7071068,0,0,0,0,0,-0.7071068,0,0,0,0,0,-0.7071068,0,0,0,0,0,-0.7071068,0,0,0,0,0,-0.7071068,0
39.70642,45,6,0,0.1146692,1.626841,-0.4195444,0.04612848,-0.884241,-0.4594503,0.4591228,0.6434432,0.2495597,-0.0500471,0.6339866,0.1279383,-0.05313733,1.202026,0.1333341,0.0203938,-0.9541575,-0.2178788,0.1468627,1.53891,-0.5824884,0,0,0,0,-0.7071068,0,0,0,0,0,-0.7071068,0,0,0,0,0,-0.7071068,0,0,0,0,0,-0.7071068,0,0,0,0,0,-0.7071068,0
39.72868,45,6,0,0.1219018,1.617243,-0.4268134,0.04069501,-0.8797845,-0.4670498,0.4586237,0.6435581,0.2504397,-0.04857302,0.6320316,0.1308316,-0.05146898,1.201634,0.1353824,0.01572999,-0.9537708,-0.2188182,0.148531,1.52968,-0.588698,0,0,0,0,-0.7071068,0,0,0,0,0,-0.7071068,0,0,0,0,0,-0.7071068,0,0,0,0,0,-0.7071068,0,0,0,0,0,-0.7071068,0
39.7408,45,6,0,0.1255078,1.611044,-0.4322539,0.03672768,-0.8808048,-0.464978,0.4584277,0.6435434,0.2509359,-0.04826061,0.6307948,0.1316374,-0.0504526,1.201559,0.1361356,0.01427814,-0.953298,-0.2199872,0.1495474,1.52509,-0.5920639,0,0,0,0,-0.7071068,0,0,0,0,0,-0.7071068,0,0,0,0,0,-0.7071068,0,0,0,0,0,-0.7071068,0,0,0,0,0,-0.7071068,0
39.76201,45,6,0,0.1335526,1.595199,-0.4484757,0.02396069,-0.8902828,-0.4470046,0.4582589,0.6433558,0.2521233,-0.04789847,0.6276506,0.131406,-0.04824565,1.201628,0.137162,0.01406477,-0.9520696,-0.2225411,0.1517543,1.51619,-0.5990345,0,0,0,0,-0.7071068,0,0,0,0,0,-0.7071068,0,0,0,0,0,-0.7071068,0,0,0,0,0,-0.7071068,0,0,0,0,0,-0.7071068,0
39.7732,45,6,1,0.1362392,1.587275,-0.4569675,0.02097611,-0.8955826,-0.4368207,0.4584463,0.643164,0.2526353,-0.04796426,0.6268249,0.1304836,-0.0469533,1.201777,0.1375601,0.01408076,-0.9514499,-0.2237256,0.1530467,1.511723,-0.6026561,0,0,0,0,-0.7071068,0,0,0,0,0,-0.7071068,0,0,0,0,0,-0.7071068,0,0,0,0,0,-0.7071068,0,0,0,0,0,-0.7071068,0
39.79557,45,6,1,0.1403073,1.572689,-0.4718363,0.02494234,-0.9025531,-0.4229867,0.4587208,0.6428326,0.2531177,-0.04779363,0.6259435,0.1292973,-0.04439506,1.202154,0.1374759,0.01385156,-0.950491,-0.2248158,0.1556049,1.502864,-0.6105953,0,0,0,0,-0.7071068,0,0,0,0,0,-0.7071068,0,0,0,0,0,-0.7071068,0,0,0,0,0,-0.7071068,0,0,0,0,0,-0.7071068,0
39.81747,45,6,1,0.1444267,1.55907,-0.4851077,0.0250735,-0.9068714,-0.414305,0.4594177,0.6425123,0.2527729,-0.04782165,0.6276057,0.1277698,-0.04182381,1.202354,0.1366105,0.01129606,-0.9500557,-0.2240728,0.1581762,1.493798,-0.619098,0,0,0,0,-0.7071068,0,0,0,0,0,-0.7071068,0,0,0,0,0,-0.7071068,0,0,0,0,0,-0.7071068,0,0,0,0,0,-0.7071068,0
39.8286,45,6,1,0.1480363,1.552225,-0.4917762,0.01724263,-0.9090616,-0.4099798,0.4598137,0.6423748,0.2523442,-0.04743338,0.6291721,0.1274771,-0.0404955,1.202376,0.1358898,0.009621471,-0.9499966,-0.2229871,0.1595045,1.489106,-0.6236132,0,0,0,0,-0.7071068,0,0,0,0,0,-0.7071068,0,0,0,0,0,-0.7071068,0,0,0,0,0,-0.7071068,0,0,0,0,0,-0.7071068,0
39.83993,45,6,1,0.1515122,1.545666,-0.4975592,0.01134421,-0.9105672,-0.4067533,0.4600904,0.6422607,0.2520083,-0.04718031,0.630464,0.1269717,-0.03917694,1.202328,0.1350825,0.008270517,-0.9500324,-0.2213451,0.1608231,1.484309,-0.6281828,0,0,0,0,-0.7071068,0,0,0,0,0,-0.7071068,0,0,0,0,0,-0.7071068,0,0,0,0,0,-0.7071068,0,0,0,0,0,-0.7071068,0
39.86195,45,6,1,0.1577762,1.533041,-0.5087348,0.01062499,-0.9131773,-0.4004022,0.460609,0.6418836,0.2510017,-0.04692346,0.6335474,0.1246747,-0.03640807,1.201985,0.1332184,0.006953046,-0.9503343,-0.2169712,0.1635919,1.474443,-0.6374125,0,0,0,0,-0.7071068,0,0,0,0,0,-0.7071068,0,0,0,0,0,-0.7071068,0,0,0,0,0,-0.7071068,0,0,0,0,0,-0.7071068,0
39.87318,45,6,1,0.1606694,1.526777,-0.5143726,0.01124631,-0.9145133,-0.3971406,0.4607507,0.6416167,0.250939,-0.04686162,0.6342785,0.1237425,-0.03486511,1.201769,0.1320967,0.006645568,-0.9506024,-0.2142358,0.1651349,1.469352,-0.6422157,0,0,0,0,-0.7071068,0,0,0,0,0,-0.7071068,0,0,0,0,0,-0.7071068,0,0,0,0,0,-0.7071068,0,0,0,0,0,-0.7071068,0
39.89532,45,6,1,0.1658619,1.513958,-0.5253692,0.01348147,-0.9178964,-0.3890001,0.4608116,0.6416225,0.2505961,-0.04731316,0.6349992,0.1229584,-0.0318738,1.201166,0.1299494,0.004424021,-0.9509741,-0.2094379,0.1681262,1.459053,-0.6515086,0,0,0,0,-0.7071068,0,0,0,0,0,-0.7071068,0,0,0,0,0,-0.7071068,0,0,0,0,0,-0.7071068,0,0,0,0,0,-0.7071068,0
39.91746,45,6,1,0.1703778,1.501471,-0.5358757,0.01502472,-0.9218799,-0.3795634,0.4605856,0.6421614,0.2502511,-0.04975539,0.6350489,0.1227612,-0.02916551,1.200673,0.1275501,-0.0008210242,-0.9512379,-0.2050762,0.1708345,1.44866,-0.6609702,0,0,0,0,-0.7071068,0,0,0,0,0,-0.7071068,0,0,0,0,0,-0.7071068,0,0,0,0,0,-0.7071068,0,0,0,0,0,-0.7071068,0
39.92869,45,6,1,0.171969,1.495667,-0.5405907,0.01719315,-0.9232768,-0.3765149,0.4604724,0.6423064,0.2500032,-0.0512705,0.6352869,0.1223043,-0.02783512,1.200408,0.1262933,-0.003528558,-0.9514247,-0.2028315,0.1721649,1.443462,-0.6656591,0,0,0,0,-0.7071068,0,0,0,0,0,-0.7071068,0,0,0,0,0,-0.7071068,0,0,0,0,0,-0.7071068,0,0,0,0,0,-0.7071068,0
39.95193,45,6,1,0.1752406,1.484507,-0.5495082,0.02184099,-0.9254823,-0.3715439,0.460282,0.6427101,0.2491158,-0.05456503,0.6363177,0.1209628,-0.02550785,1.199716,0.123759,-0.008850902,-0.9520764,-0.1972046,0.1744922,1.432738,-0.6750031,0,0,0,0,-0.7071068,0,0,0,0,0,-0.7071068,0,0,0,0,0,-0.7071068,0,0,0,0,0,-0.7071068,0,0,0,0,0,-0.7071068,0
39.97302,45,6,1,0.1798881,1.472736,-0.558071,0.02263579,-0.9281416,-0.3642568,0.4602155,0.6429828,0.2480944,-0.05746873,0.637462,0.1186804,-0.02329609,1.198885,0.1213319,-0.01237765,-0.9529444,-0.1908513,0.1767039,1.421782,-0.6840749,0,0,0,0,-0.7071068,0,0,0,0,0,-0.7071068,0,0,0,0,0,-0.7071068,0,0,0,0,0,-0.7071068,0,0,0,0,0,-0.7071068,0
39.99514,45,6,1,0.1852661,1.460375,-0.5664546,0.01887703,-0.9309264,-0.3560074,0.459999,0.6433085,0.2473671,-0.05934576,0.6380237,0.1174597,-0.02128618,1.198046,0.1187483,-0.01557411,-0.9538532,-0.1844654,0.1787138,1.410824,-0.6930782,0,0,0,0,-0.7071068,0,0,0,0,0,-0.7071068,0,0,0,0,0,-0.7071068,0,0,0,0,0,-0.7071068,0,0,0,0,0,-0.7071068,0
40.00653,45,6,1,0.1877826,1.454792,-0.5699373,0.01501046,-0.9313865,-0.3546423,0.4598979,0.6433269,0.2472858,-0.05986353,0.637883,0.1171602,-0.02038628,1.197683,0.117436,-0.01735725,-0.9543031,-0.1814149,0.1796137,1.405306,-0.6975781,0,0,0,0,-0.7071068,0,0,0,0,0,-0.7071068,0,0,0,0,0,-0.7071068,0,0,0,0,0,-0.7071068,0,0,0,0,0,-0.7071068,0
40.02851,45,6,1,0.1914433,1.443191,-0.5777824,0.01732415,-0.9334413,-0.3483424,0.4595847,0.6433662,0.2473005,-0.06074022,0.636983,0.1167073,-0.0185316,1.197076,0.1147927,-0.02138198,-0.9551618,-0.1751759,0.1814684,1.39426,-0.7065079,0,0,0,0,-0.7071068,0,0,0,0,0,-0.7071068,0,0,0,0,0,-0.7071068,0,0,0,0,0,-0.7071068,0,0,0,0,0,-0.7071068,0
40.03974,46,6,1,0.1928724,1.437318,-0.5817778,0.01859087,-0.9348055,-0.3442855,0.4594602,0.6432389,0.2474098,-0.06060546,0.636342,0.116849,-0.01773817,1.196693,0.113553,-0.02304554,-0.9556105,-0.1718526,0.1822618,1.388723,-0.7107702,0,0,0,0,-0.7071068,0,0,0,0,0,-0.7071068,0,0,0,0,0,-0.7071068,0,0,0,0,0,-0.7071068,0,0,0,0,0,-0.7071068,0
40.05093,46,6,1,0.1941544,1.43123,-0.5860208,0.0166328,-0.9365236,-0.3395862,0.4593619,0.6431478,0.2476221,-0.06002744,0.6356353,0.1171746,-0.01698364,1.196335,0.1123059,-0.0246961,-0.9560404,-0.1684387,0.1830164,1.383071,-0.7150679,0,0,0,0,-0.7071068,0,0,0,0,0,-0.7071068,0,0,0,0,0,-0.7071068,0,0,0,0,0,-0.7071068,0,0,0,0,0,-0.7071068,0
40.0731,46,6,1,0.1956355,1.41907,-0.5941153,0.01475117,-0.9401054,-0.3296216,0.4593299,0.6430235,0.2479746,-0.05909002,0.6346316,0.1177227,-0.01566239,1.195575,0.1099331,-0.02767362,-0.9568357,-0.1618921,0.1843376,1.37178,-0.7233458,0,0,0,0,-0.7071068,0,0,0,0,0,-0.7071068,0,0,0,0,0,-0.7071068,0,0,0,0,0,-0.7071068,0,0,0,0,0,-0.7071068,0
40.09524,46,6,1,0.1973158,1.407807,-0.6015692,0.01493949,-0.9425266,-0.3221668,0.4591784,0.6430053,0.2481962,-0.05900698,0.6340219,0.1175664,-0.01445725,1.194765,0.1074797,-0.03041436,-0.9576021,-0.1555563,0.1855427,1.36038,-0.7315234,0,0,0,0,-0.7071068,0,0,0,0,0,-0.7071068,0,0,0,0,0,-0.7071068,0,0,0,0,0,-0.7071068,0,0,0,0,0,-0.7071068,0
40.10641,46,6,1,0.1978553,1.402286,-0.6052158,0.01367825,-0.9438288,-0.3182385,0.4592226,0.6429473,0.2483803,-0.05905297,0.6337411,0.1174524,-0.01390053,1.194412,0.1062302,-0.03162506,-0.9579891,-0.1522313,0.1860995,1.354632,-0.7356091,0,0,0,0,-0.7071068,0,0,0,0,0,-0.7071068,0,0,0,0,0,-0.7071068,0,0,0,0,0,-0.7071068,0,0,0,0,0,-0.7071068,0
40.12855,46,6,1,0.1986398,1.391568,-0.6124961,0.01350328,-0.9463487,-0.3104924,0.4594441,0.6430112,0.2484582,-0.05968654,0.6337147,0.116986,-0.01288377,1.19387,0.1039311,-0.03284828,-0.9587749,-0.1459122,0.1871162,1.343383,-0.7433788,0,0,0,0,-0.7071068,0,0,0,0,0,-0.7071068,0,0,0,0,0,-0.7071068,0,0,0,0,0,-0.7071068,0,0,0,0,0,-0.7071068,0
40.1398,46,6,1,0.1986385,1.386822,-0.6156344,0.01474743,-0.9471409,-0.3080118,0.4595189,0.6430126,0.2484612,-0.05974136,0.6338103,0.1167028,-0.01237552,1.19359,0.1028323,-0.03324896,-0.9591392,-0.1428142,0.1876245,1.337632,-0.7471927,0,0,0,0,-0.7071068,0,0,0,0,0,-0.7071068,0,0,0,0,0,-0.7071068,0,0,0,0,0,-0.7071068,0,0,0,0,0,-0.7071068,0
40.1618,46,6,1,0.198804,1.376794,-0.6219263,0.01627749,-0.9487898,-0.3025351,0.4598327,0.6427548,0.24853,-0.06000894,0.6346953,0.1156612,-0.01146833,1.192855,0.1008064,-0.03379162,-0.9598076,-0.136751,0.1885317,1.325988,-0.7544751,0,0,0,0,-0.7071068,0,0,0,0,0,-0.7071068,0,0,0,0,0,-0.7071068,0,0,0,0,0,-0.7071068,0,0,0,0,0,-0.7071068,0
40.17293,46,6,1,0.1991929,1.371547,-0.6251192,0.01517163,-0.9498935,-0.2986664,0.4600369,0.6425415,0.24836,-0.05962595,0.6353492,0.1150642,-0.01106352,1.192546,0.09977503,-0.03438189,-0.960122,-0.1336937,0.1889365,1.320258,-0.7580419,0,0,0,0,-0.7071068,0,0,0,0,0,-0.7071068,0,0,0,0,0,-0.7071068,0,0,0,0,0,-0.7071068,0,0,0,0,0,-0.7071068,0
40.18412,46,6,1,0.1994371,1.366398,-0.6281507,0.01423025,-0.9509004,-0.2950854,0.4601876,0.6424013,0.2482341,-0.05939719,0.6358687,0.114624,-0.01066192,1.192163,0.09870443,-0.03476498,-0.9603629,-0.1312139,0.1893381,1.314367,-0.7616365,0,0,0,0,-0.7071068,0,0,0,0,0,-0.7071068,0,0,0,0,0,-0.7071068,0,0,0,0,0,-0.7071068,0,0,0,0,0,-0.7071068,0
40.20631,46,6,1,0.199242,1.356388,-0.6342201,0.01304026,-0.9528673,-0.2881618,0.4603769,0.6422007,0.2480143,-0.05872045,0.6369008,0.1139529,-0.01006913,1.191564,0.09679171,-0.03577549,-0.9608842,-0.1265609,0.1899309,1.302699,-0.7684668,0,0,0,0,-0.7071068,0,0,0,0,0,-0.7071068,0,0,0,0,0,-0.7071068,0,0,0,0,0,-0.7071068,0,0,0,0,0,-0.7071068,0
40.22852,46,6,1,0.1979946,1.347138,-0.6401644,0.01330201,-0.9546871,-0.2825464,0.460474,0.6421638,0.2477443,-0.05888888,0.6377277,0.113527,-0.009445684,1.191054,0.09495088,-0.03660321,-0.9615124,-0.122242,0.1905543,1.291132,-0.7750167,0,0,0,0,-0.7071068,0,0,0,0,0,-0.7071068,0,0,0,0,0,-0.7071068,0,0,0,0,0,-0.7071068,0,0,0,0,0,-0.7071068,0
40.25059,46,6,1,0.1964546,1.338126,-0.6457047,0.01515818,-0.956508,-0.2767133,0.460553,0.6421975,0.2473303,-0.05984571,0.638438,0.1126357,-0.009011335,1.19057,0.09314058,-0.03770195,-0.9620796,-0.1182986,0.1909887,1.279402,-0.7814118,0,0,0,0,-0.7071068,0,0,0,0,0,-0.7071068,0,0,0,0,0,-0.7071068,0,0,0,0,0,-0.7071068,0,0,0,0,0,-0.7071068,0
40.2624,46,6,1,0.1958245,1.333627,-0.6483231,0.01455441,-0.9572313,-0.2743774,0.460546,0.6422753,0.2471015,-0.06087765,0.6388357,0.1119211,-0.008826917,1.190283,0.0922417,-0.0384471,-0.9623798,-0.1161553,0.1911731,1.273541,-0.7845077,0,0,0,0,-0.7071068,0,0,0,0,0,-0.7071068,0,0,0,0,0,-0.7071068,0,0,0,0,0,-0.7071068,0,0,0,0,0,-0.7071068,0
40.28394,46,6,1,0.1953507,1.325286,-0.6536469,0.01028927,-0.9588363,-0.2692937,0.4604949,0.6425015,0.2464866,-0.06265646,0.6396086,0.1106573,-0.008563017,1.189553,0.09048941,-0.03975878,-0.9630606,-0.1115401,0.191437,1.261479,-0.7905757,0,0,0,0,-0.7071068,0,0,0,0,0,-0.7071068,0,0,0,0,0,-0.7071068,0,0,0,0,0,-0.7071068,0,0,0,0,0,-0.7071068,0
40.30643,46,6,1,0.1939158,1.31687,-0.6588037,0.01083261,-0.9604204,-0.2639935,0.4604674,0.6426735,0.2459832,-0.06427465,0.6401559,0.1096011,-0.008313887,1.188863,0.0888138,-0.04065256,-0.9636813,-0.1069694,0.1916861,1.249463,-0.7963646,0,0,0,0,-0.7071068,0,0,0,0,0,-0.7071068,0,0,0,0,0,-0.7071068,0,0,0,0,0,-0.7071068,0,0,0,0,0,-0.7071068,0
40.3283,46,6,1,0.1924079,1.308468,-0.6635175,0.01451398,-0.962031,-0.2580458,0.4604001,0.6426591,0.2457766,-0.06516016,0.6401325,0.1092034,-0.007971852,1.188175,0.08719548,-0.04121652,-0.9640005,-0.102871,0.1920281,1.237275,-0.801959,0,0,0,0,-0.7071068,0,0,0,0,0,-0.7071068,0,0,0,0,0,-0.7071068,0,0,0,0,0,-0.7071068,0,0,0,0,0,-0.7071068,0
40.33954,46,6,1,0.1917699,1.304095,-0.6658707,0.01521658,-0.9628987,-0.2546986,0.4603021,0.6427895,0.2457504,-0.06549674,0.6399791,0.1089737,-0.007788764,1.187889,0.08641201,-0.04184969,-0.9640838,-0.1008108,0.1922112,1.231345,-0.8046204,0,0,0,0,-0.7071068,0,0,0,0,0,-0.7071068,0,0,0,0,0,-0.7071068,0,0,0,0,0,-0.7071068,0,0,0,0,0,-0.7071068,0
40.35085,46,6,1,0.1911562,1.299722,-0.6682639,0.01492991,-0.9637453,-0.2515426,0.4603144,0.6427718,0.2458353,-0.06538383,0.6396214,0.1089467,-0.007636814,1.187648,0.0855559,-0.04214834,-0.9641833,-0.09873597,0.1923632,1.225284,-0.8073635,0,0,0,0,-0.7071068,0,0,0,0,0,-0.7071068,0,0,0,0,0,-0.7071068,0,0,0,0,0,-0.7071068,0,0,0,0,0,-0.7071068,0
40.373,46,6,1,0.1908061,1.291366,-0.6732671,0.008234434,-0.9652642,-0.2459631,0.4602542,0.6426157,0.2460826,-0.06481487,0.6388576,0.1093439,-0.007357898,1.18721,0.08387052,-0.04243717,-0.9643581,-0.09500785,0.1926421,1.213279,-0.8126501,0,0,0,0,-0.7071068,0,0,0,0,0,-0.7071068,0,0,0,0,0,-0.7071068,0,0,0,0,0,-0.7071068,0,0,0,0,0,-0.7071068,0
40.39537,46,6,1,0.1899303,1.283446,-0.6775851,0.008289978,-0.9664204,-0.2410921,0.4603136,0.642476,0.2462613,-0.06419247,0.6383309,0.109457,-0.007109319,1.186774,0.08226812,-0.04259373,-0.96464,-0.09089,0.1928907,1.201308,-0.8176487,0,0,0,0,-0.7071068,0,0,0,0,0,-0.7071068,0,0,0,0,0,-0.7071068,0,0,0,0,0,-0.7071068,0,0,0,0,0,-0.7071068,0
40.41741,46,6,1,0.1881224,1.275784,-0.6819503,0.01134235,-0.9676666,-0.2369319,0.4603815,0.6424533,0.2463437,-0.06374559,0.6381376,0.1092881,-0.006879052,1.186282,0.08069415,-0.04216009,-0.9650306,-0.08636507,0.193121,1.18913,-0.8224676,0,0,0,0,-0.7071068,0,0,0,0,0,-0.7071068,0,0,0,0,0,-0.7071068,0,0,0,0,0,-0.7071068,0,0,0,0,0,-0.7071068,0
40.42872,46,6,1,0.1872469,1.271651,-0.6841827,0.01078047,-0.9684209,-0.234361,0.4604087,0.6424466,0.2463493,-0.06361011,0.6380821,0.1093042,-0.006731943,1.186062,0.07997034,-0.04168198,-0.9652661,-0.08432024,0.1932681,1.183003,-0.8247575,0,0,0,0,-0.7071068,0,0,0,0,0,-0.7071068,0,0,0,0,0,-0.7071068,0,0,0,0,0,-0.7071068,0,0,0,0,0,-0.7071068,0
40.43997,46,6,1,0.1866215,1.267551,-0.6864312,0.008653358,-0.9691482,-0.2317109,0.4604481,0.6425227,0.2463087,-0.06358385,0.6380578,0.1092319,-0.006566663,1.185871,0.0792165,-0.04123848,-0.9654526,-0.08251204,0.1934333,1.176852,-0.8270416,0,0,0,0,-0.7071068,0,0,0,0,0,-0.7071068,0,0,0,0,0,-0.7071068,0,0,0,0,0,-0.7071068,0,0,0,0,0,-0.7071068,0
40.46172,46,6,1,0.1858419,1.259083,-0.6904562,0.006622277,-0.9703123,-0.226636,0.4604105,0.6424931,0.2464035,-0.06370427,0.6378791,0.109054,-0.006224577,1.185594,0.07759608,-0.0408574,-0.9657217,-0.07923941,0.1937754,1.165034,-0.8314831,0,0,0,0,-0.7071068,0,0,0,0,0,-0.7071068,0,0,0,0,0,-0.7071068,0,0,0,0,0,-0.7071068,0,0,0,0,0,-0.7071068,0
40.47285,46,6,1,0.185912,1.25484,-0.6925166,0.005912587,-0.9709759,-0.2234242,0.4604016,0.6424295,0.2464862,-0.06384883,0.6376435,0.1088701,-0.00600602,1.18548,0.07676451,-0.04085867,-0.9657881,-0.0777021,0.193994,1.158999,-0.8336899,0,0,0,0,-0.7071068,0,0,0,0,0,-0.7071068,0,0,0,0,0,-0.7071068,0,0,0,0,0,-0.7071068,0,0,0,0,0,-0.7071068,0
40.48451,46,6,1,0.1857911,1.250389,-0.694346,0.006354429,-0.9716074,-0.220311,0.4604005,0.6424348,0.2464992,-0.06394096,0.6375463,0.1087542,-0.005737512,1.185284,0.07597173,-0.04091222,-0.9658365,-0.07580466,0.1942625,1.152889,-0.8358081,0,0,0,0,-0.7071068,0,0,0,0,0,-0.7071068,0,0,0,0,0,-0.7071068,0,0,0,0,0,-0.7071068,0,0,0,0,0,-0.7071068,0
40.50639,47,6,1,0.1849943,1.242038,-0.698166,0.006950341,-0.9726672,-0.2162804,0.4604435,0.6424384,0.246511,-0.06398778,0.6374705,0.1086218,-0.005094104,1.184821,0.07441275,-0.04131609,-0.9659413,-0.07134299,0.1949059,1.140616,-0.8398697,0,0,0,0,-0.7071068,0,0,0,0,0,-0.7071068,0,0,0,0,0,-0.7071068,0,0,0,0,0,-0.7071068,0,0,0,0,0,-0.7071068,0
40.52836,47,6,1,0.1841907,1.23284,-0.7019702,0.005810626,-0.9740279,-0.2108145,0.4604622,0.6425086,0.2464324,-0.06400023,0.6376735,0.1085604,-0.004110736,1.184187,0.07278347,-0.04208054,-0.9657307,-0.06578664,0.1958893,1.128137,-0.8438184,0,0,0,0,-0.7071068,0,0,0,0,0,-0.7071068,0,0,0,0,0,-0.7071068,0,0,0,0,0,-0.7071068,0,0,0,0,0,-0.7071068,0
40.55081,47,6,1,0.1840717,1.223177,-0.7051442,0.004686713,-0.975221,-0.2050424,0.4605457,0.6423322,0.2462728,-0.06392822,0.6381186,0.1082456,-0.002931657,1.183197,0.07146377,-0.04393654,-0.9648857,-0.05938486,0.1970683,1.115243,-0.8472779,0,0,0,0,-0.7071068,0,0,0,0,0,-0.7071068,0,0,0,0,0,-0.7071068,0,0,0,0,0,-0.7071068,0,0,0,0,0,-0.7071068,0
40.57277,47,6,1,0.1845492,1.212884,-0.7085736,0.00201837,-0.9766753,-0.1975625,0.4606289,0.6423669,0.246195,-0.0637241,0.6384671,0.1083478,-0.001356061,1.182156,0.06988325,0.04697457,0.9630514,0.05114296,0.1986439,1.102258,-0.8508148,0,0,0,0,-0.7071068,0,0,0,0,0,-0.7071068,0,0,0,0,0,-0.7071068,0,0,0,0,0,-0.7071068,0,0,0,0,0,-0.7071068,0
40.58389,47,6,1,0.1846678,1.207921,-0.7099968,0.001357213,-0.9772485,-0.1946678,0.4607153,0.6424034,0.2460299,-0.06368148,0.6386259,0.1083632,-0.0005464759,1.181474,0.06919137,0.04829712,0.961923,0.04653445,0.1994535,1.095607,-0.8524132,0,0,0,0,-0.7071068,0,0,0,0,0,-0.7071068,0,0,0,0,0,-0.7071068,0,0,0,0,0,-0.7071068,0,0,0,0,0,-0.7071068,0
40.59506,47,6,1,0.1846661,1.203249,-0.7114871,0.001280725,-0.977803,-0.1921803,0.4606412,0.6423197,0.2459504,-0.06364994,0.638685,0.1085784,0.0002353313,1.180603,0.06849927,0.04900002,0.9606416,0.04101273,0.2002353,1.088741,-0.8539683,0,0,0,0,-0.7071068,0,0,0,0,0,-0.7071068,0,0,0,0,0,-0.7071068,0,0,0,0,0,-0.7071068,0,0,0,0,0,-0.7071068,0
40.61718,47,6,1,0.1847915,1.193982,-0.7139485,0.002320573,-0.978842,-0.1872199,0.4606513,0.6423298,0.2458852,-0.06364702,0.6385925,0.108781,0.001890447,1.178584,0.06702764,0.04919805,0.9581942,0.02900307,0.2018905,1.074771,-0.8570189,0,0,0,0,-0.7071068,0,0,0,0,0,-0.7071068,0,0,0,0,0,-0.7071068,0,0,0,0,0,-0.7071068,0,0,0,0,0,-0.7071068,0
40.62842,47,6,1,0.1850142,1.189242,-0.7150429,0.003282525,-0.9793359,-0.1845983,0.4606699,0.6423442,0.2458317,-0.06366921,0.6386577,0.1087487,0.002537249,1.177643,0.06631118,0.04931804,0.9570343,0.02298108,0.2025373,1.067811,-0.8584595,0,0,0,0,-0.7071068,0,0,0,0,0,-0.7071068,0,0,0,0,0,-0.7071068,0,0,0,0,0,-0.7071068,0,0,0,0,0,-0.7071068,0
40.63954,47,6,1,0.1854907,1.184424,-0.7160717,0.003507435,-0.9797987,-0.1818356,0.4606803,0.6423272,0.2458418,-0.06371414,0.6386797,0.1084828,0.003227473,1.17673,0.06559224,0.04933544,0.955893,0.01685682,0.2032275,1.060821,-0.8598617,0,0,0,0,-0.7071068,0,0,0,0,0,-0.7071068,0,0,0,0,0,-0.7071068,0,0,0,0,0,-0.7071068,0,0,0,0,0,-0.7071068,0
40.66164,47,6,1,0.1872915,1.174749,-0.7180896,0.00041572,-0.9806113,-0.176195,0.460833,0.64232,0.2457944,-0.06398262,0.638855,0.108111,0.004474316,1.175046,0.06401639,0.04947397,0.9535737,0.006213404,0.2044743,1.047163,-0.8626425,0,0,0,0,-0.7071068,0,0,0,0,0,-0.7071068,0,0,0,0,0,-0.7071068,0,0,0,0,0,-0.7071068,0,0,0,0,0,-0.7071068,0
40.68384,47,6,1,0.1885941,1.16554,-0.7196805,-0.0008208975,-0.9812607,-0.1717649,0.4609762,0.6422222,0.245781,-0.06405193,0.6391068,0.1077081,0.00526706,1.173551,0.06218083,0.04854938,0.9516444,-0.003750451,0.2052671,1.033626,-0.8655023,0,0,0,0,-0.7071068,0,0,0,0,0,-0.7071068,0,0,0,0,0,-0.7071068,0,0,0,0,0,-0.7071068,0,0,0,0,0,-0.7071068,0
40.6953,47,6,1,0.1892236,1.160991,-0.7206304,-0.0001539215,-0.9817207,-0.1689831,0.4610055,0.642174,0.245849,-0.06409217,0.6392072,0.1074603,0.005499423,1.172819,0.06127612,0.04746187,0.950999,-0.008509317,0.2054994,1.026866,-0.8668491,0,0,0,0,-0.7071068,0,0,0,0,0,-0.7071068,0,0,0,0,0,-0.7071068,0,0,0,0,0,-0.7071068,0,0,0,0,0,-0.7071068,0
40.71714,47,6,1,0.1900456,1.151863,-0.7222805,0.003599733,-0.9826926,-0.1628779,0.4610319,0.6420703,0.2459584,-0.06381277,0.6393819,0.107128,0.005829674,1.17162,0.05917893,0.04484532,0.9502577,-0.01706265,0.2058297,1.013444,-0.8696989,0,0,0,0,-0.7071068,0,0,0,0,0,-0.7071068,0,0,0,0,0,-0.7071068,0,0,0,0,0,-0.7071068,0,0,0,0,0,-0.7071068,0
40.72852,47,6,1,0.1907953,1.147111,-0.7230146,0.002961725,-0.983093,-0.1598553,0.4609791,0.6420586,0.2460798,-0.06344345,0.6394045,0.1072849,0.005780891,1.171043,0.05804201,0.04353613,0.9501824,-0.02095526,0.2057809,1.006993,-0.8711291,0,0,0,0,-0.7071068,0,0,0,0,0,-0.7071068,0,0,0,0,0,-0.7071068,0,0,0,0,0,-0.7071068,0,0,0,0,0,-0.7071068,0
40.75076,47,6,1,0.1921674,1.137944,-0.7243626,0.0008961484,-0.9837315,-0.1551796,0.4608183,0.6420621,0.2463044,-0.06309441,0.6392072,0.1075565,0.00551891,1.169932,0.05575126,0.04101065,0.9503152,-0.02868208,0.2055189,0.9937285,-0.8738857,0,0,0,0,-0.7071068,0,0,0,0,0,-0.7071068,0,0,0,0,0,-0.7071068,0,0,0,0,0,-0.7071068,0,0,0,0,0,-0.7071068,0
40.77267,47,6,0,0.1933247,1.129022,-0.7254493,0.001381889,-0.9842303,-0.1509047,0.460661,0.64214,0.2465247,-0.06319922,0.6389084,0.1077825,0.005055004,1.168869,0.05338576,0.0382285,0.9509029,-0.03573507,0.205055,0.9806296,-0.8765256,0,0,0,0,-0.7071068,0,0,0,0,0,-0.7071068,0,0,0,0,0,-0.7071068,0,0,0,0,0,-0.7071068,0,0,0,0,0,-0.7071068,0
40.79487,47,6,0,0.1946258,1.119654,-0.7268579,0.000683926,-0.9847085,-0.1461634,0.4605546,0.642116,0.2466109,-0.06370334,0.6387406,0.1076439,0.004369779,1.167917,0.05094289,0.03581477,0.9515352,-0.04186032,0.2043698,0.9676178,-0.879057,0,0,0,0,-0.7071068,0,0,0,0,0,-0.7071068,0,0,0,0,0,-0.7071068,0,0,0,0,0,-0.7071068,0,0,0,0,0,-0.7071068,0
40.80618,47,6,0,0.1950899,1.11502,-0.7274263,-0.0005296841,-0.9849714,-0.1442217,0.4605124,0.6421338,0.2466215,-0.06391139,0.6386758,0.1074866,0.003978031,1.167528,0.04961609,0.03463574,0.9519464,-0.04478004,0.203978,0.9611871,-0.8803581,0,0,0,0,-0.7071068,0,0,0,0,0,-0.7071068,0,0,0,0,0,-0.7071068,0,0,0,0,0,-0.7071068,0,0,0,0,0,-0.7071068,0
40.82848,47,6,0,0.1957873,1.105565,-0.7284653,-0.0003750473,-0.9856095,-0.1399533,0.4604795,0.6422191,0.2466746,-0.06428364,0.6385278,0.1075651,0.002955238,1.166658,0.04712948,0.03230939,0.9528682,-0.05004828,0.2029552,0.948229,-0.8826528,0,0,0,0,-0.7071068,0,0,0,0,0,-0.7071068,0,0,0,0,0,-0.7071068,0,0,0,0,0,-0.7071068,0,0,0,0,0,-0.7071068,0
40.8504,47,6,0,0.1974872,1.095844,-0.7296622,-0.001443475,-0.9860928,-0.1347168,0.4603535,0.6425184,0.2466687,-0.06478545,0.638352,0.1082744,0.001974847,1.165898,0.0446407,0.030935,0.9537157,-0.0548609,0.2019749,0.93523,-0.8847561,0,0,0,0,-0.7071068,0,0,0,0,0,-0.7071068,0,0,0,0,0,-0.7071068,0,0,0,0,0,-0.7071068,0,0,0,0,0,-0.7071068,0
40.86173,47,6,0,0.1983084,1.090507,-0.7300177,-0.002907932,-0.9862629,-0.1321045,0.4603832,0.642524,0.2465806,-0.06481555,0.638373,0.1083096,0.001471946,1.165511,0.04344718,0.03017322,0.9541752,-0.05680793,0.201472,0.9289604,-0.8856959,0,0,0,0,-0.7071068,0,0,0,0,0,-0.7071068,0,0,0,0,0,-0.7071068,0,0,0,0,0,-0.7071068,0,0,0,0,0,-0.7071068,0
40.88424,47,6,0,0.1997374,1.079927,-0.7309546,-0.004829708,-0.9866564,-0.1268727,0.4605033,0.6422729,0.2465206,-0.06486247,0.6385042,0.1076059,0.0003315928,1.164816,0.04101139,0.02797918,0.9552807,-0.06063359,0.2003316,0.9160917,-0.8874653,0,0,0,0,-0.7071068,0,0,0,0,0,-0.7071068,0,0,0,0,0,-0.7071068,0,0,0,0,0,-0.7071068,0,0,0,0,0,-0.7071068,0
40.90631,47,6,0,0.2001298,1.06897,-0.7323613,-0.009607933,-0.9871953,-0.1226959,0.4606554,0.6421943,0.24615,-0.06524631,0.6387684,0.1068578,-0.0008823891,1.164175,0.03868332,0.02560799,0.9565377,-0.06438428,0.1991176,0.9034355,-0.8889481,0,0,0,0,-0.7071068,0,0,0,0,0,-0.7071068,0,0,0,0,0,-0.7071068,0,0,0,0,0,-0.7071068,0,0,0,0,0,-0.7071068,0
40.92832,47,6,0,0.2000326,1.057949,-0.7338109,-0.01309751,-0.9877851,-0.1180562,0.4608143,0.6422163,0.2456686,-0.06593934,0.639233,0.1057833,-0.002135555,1.163696,0.03634211,0.02416871,0.9577075,-0.0674134,0.1978644,0.8909299,-0.8902563,0,0,0,0,-0.7071068,0,0,0,0,0,-0.7071068,0,0,0,0,0,-0.7071068,0,0,0,0,0,-0.7071068,0,0,0,0,0,-0.7071068,0
40.95034,47,6,0,0.2005492,1.046486,-0.7353778,-0.01489162,-0.9884945,-0.1106443,0.4609453,0.6423229,0.2451538,-0.06697348,0.6398684,0.1045354,-0.003327022,1.16331,0.03411116,0.02273562,0.9587657,-0.07047019,0.196673,0.8784777,-0.891262,0,0,0,0,-0.7071068,0,0,0,0,0,-0.7071068,0,0,0,0,0,-0.7071068,0,0,0,0,0,-0.7071068,0,0,0,0,0,-0.7071068,0
40.97412,47,6,0,0.2010294,1.034974,-0.7366736,-0.01831603,-0.9890375,-0.1039512,0.4610143,0.6423604,0.2447868,-0.06787069,0.6404539,0.1035683,-0.003885591,1.163144,0.0330685,0.02181168,0.9592834,-0.07185,0.1961144,0.8723872,-0.8916335,0,0,0,0,-0.7071068,0,0,0,0,0,-0.7071068,0,0,0,0,0,-0.7071068,0,0,0,0,0,-0.7071068,0,0,0,0,0,-0.7071068,0
40.98977,47,6,0,0.2017157,1.023764,-0.7380106,-0.02421017,-0.9891705,-0.09915021,0.4610136,0.6422311,0.2445939,-0.06835625,0.6407342,0.1026573,-0.005298757,1.162715,0.02995338,0.01863393,0.9606842,-0.07589971,0.1947012,0.8539795,-0.8924303,0,0,0,0,-0.7071068,0,0,0,0,0,-0.7071068,0,0,0,0,0,-0.7071068,0,0,0,0,0,-0.7071068,0,0,0,0,0,-0.7071068,0
41.00092,47,6,0,0.2017797,1.018379,-0.7385342,-0.0264399,-0.9892917,-0.09721185,0.4610355,0.6421775,0.2445491,-0.06838836,0.6408646,0.1023945,-0.005646537,1.162629,0.0289722,0.01766074,0.9610566,-0.07698503,0.1943535,0.8505973,-0.8929402,0,0,0,0,-0.7071068,0,0,0,0,0,-0.7071068,0,0,0,0,0,-0.7071068,0,0,0,0,0,-0.7071068,0,0,0,0,0,-0.7071068,0
41.02303,47,6,0,0.2016824,1.00738,-0.7396412,-0.02991597,-0.9896482,-0.09251449,0.4610457,0.6421782,0.2445045,-0.06864444,0.641004,0.1017824,-0.006301985,1.162467,0.02709965,0.01592176,0.9617295,-0.07926043,0.193698,0.8384985,-0.8929859,0,0,0,0,-0.7071068,0,0,0,0,0,-0.7071068,0,0,0,0,0,-0.7071068,0,0,0,0,0,-0.7071068,0,0,0,0,0,-0.7071068,0
41.0344,47,6,0,0.2016731,1.001918,-0.7402437,-0.0313494,-0.9898244,-0.08973143,0.461053,0.6422199,0.244455,-0.06891501,0.6409978,0.1014375,-0.006603387,1.162316,0.02617589,0.01559847,0.9619764,-0.08028851,0.1933966,0.8324,-0.8929287,0,0,0,0,-0.7071068,0,0,0,0,0,-0.7071068,0,0,0,0,0,-0.7071068,0,0,0,0,0,-0.7071068,0,0,0,0,0,-0.7071068,0
41.05648,47,6,0,0.2015278,0.9909511,-0.7412286,-0.03414147,-0.9902132,-0.08325851,0.4610994,0.6422858,0.2444613,-0.06959685,0.6409261,0.1008139,-0.007227564,1.16191,0.02426771,0.01530008,0.9623696,-0.08254516,0.1927724,0.8200353,-0.892721,0,0,0,0,-0.7071068,0,0,0,0,0,-0.7071068,0,0,0,0,0,-0.7071068,0,0,0,0,0,-0.7071068,0,0,0,0,0,-0.7071068,0
41.07856,47,6,1,0.2016127,0.9807429,-0.7423029,-0.03851959,-0.9904914,-0.07792109,0.4611168,0.6422206,0.2444793,-0.07000439,0.6409785,0.1001693,-0.007745742,1.161424,0.02253829,0.01425411,0.9628139,-0.08530828,0.1922543,0.8076977,-0.892163,0,0,0,0,-0.7071068,0,0,0,0,0,-0.7071068,0,0,0,0,0,-0.7071068,0,0,0,0,0,-0.7071068,0,0,0,0,0,-0.7071068,0
41.09002,47,6,1,0.2016484,0.9754183,-0.7431951,-0.04013839,-0.9906053,-0.07608142,0.4611496,0.6421819,0.2444184,-0.07013446,0.6410609,0.0997968,-0.007953347,1.161144,0.02171034,-0.01361442,-0.9630516,0.08679682,0.1920467,0.8015321,-0.8917843,0,0,0,0,-0.7071068,0,0,0,0,0,-0.7071068,0,0,0,0,0,-0.7071068,0,0,0,0,0,-0.7071068,0,0,0,0,0,-0.7071068,0
41.11214,47,6,1,0.2016807,0.9654201,-0.7436581,-0.04244789,-0.9907593,-0.07232496,0.4611336,0.6421355,0.2443942,-0.07048313,0.6413342,0.09923063,-0.008254939,1.160544,0.02014446,-0.01289785,-0.963382,0.08987905,0.1917451,0.7890694,-0.8907736,0,0,0,0,-0.7071068,0,0,0,0,0,-0.7071068,0,0,0,0,0,-0.7071068,0,0,0,0,0,-0.7071068,0,0,0,0,0,-0.7071068,0
41.13416,47,6,1,0.2024908,0.9544727,-0.7438755,-0.04933373,-0.990499,-0.06633703,0.4611873,0.6420685,0.2442701,-0.07071336,0.6415442,0.09878742,-0.008509261,1.159981,0.01871512,-0.01273549,-0.9635075,0.092801,0.1914907,0.7767326,-0.8894536,0,0,0,0,-0.7071068,0,0,0,0,0,-0.7071068,0,0,0,0,0,-0.7071068,0,0,0,0,0,-0.7071068,0,0,0,0,0,-0.7071068,0
41.15662,47,6,1,0.2028753,0.9437426,-0.7437384,-0.05534552,-0.9902395,-0.06147948,0.4611769,0.6421677,0.2441474,-0.07119547,0.6416974,0.09842782,-0.008807731,1.159503,0.0174694,-0.01350904,-0.9632808,0.09572324,0.1911923,0.7645568,-0.8877761,0,0,0,0,-0.7071068,0,0,0,0,0,-0.7071068,0,0,0,0,0,-0.7071068,0,0,0,0,0,-0.7071068,0,0,0,0,0,-0.7071068,0
41.17878,47,6,1,0.2028094,0.9334123,-0.7440493,-0.05512827,-0.9905871,-0.0545557,0.4611025,0.6421432,0.2440835,-0.07145775,0.6416607,0.09851884,-0.008988473,1.159257,0.01663043,-0.01409815,-0.9626744,0.09886418,0.1910115,0.7526404,-0.8855062,0,0,0,0,-0.7071068,0,0,0,0,0,-0.7071068,0,0,0,0,0,-0.7071068,0,0,0,0,0,-0.7071068,0,0,0,0,0,-0.7071068,0
41.20092,47,6,1,0.2020561,0.9236244,-0.7444828,-0.05550843,-0.9910281,-0.0487868,0.4610317,0.6423075,0.2441367,-0.07179923,0.6413246,0.09907969,-0.008935103,1.159249,0.01612853,0.0127338,0.9613732,-0.1013064,0.1910649,0.7408714,-0.882678,0,0,0,0,-0.7071068,0,0,0,0,0,-0.7071068,0,0,0,0,0,-0.7071068,0,0,0,0,0,-0.7071068,0,0,0,0,0,-0.7071068,0
41.22297,47,6,1,0.2019341,0.9139501,-0.7447343,-0.0623253,-0.9906839,-0.04536806,0.4609715,0.642395,0.2442754,-0.07226436,0.6406146,0.09927915,-0.008593255,1.159279,0.01585672,0.009786107,0.9600136,-0.1033439,0.1914067,0.7294338,-0.8795099,0,0,0,0,-0.7071068,0,0,0,0,0,-0.7071068,0,0,0,0,0,-0.7071068,0,0,0,0,0,-0.7071068,0,0,0,0,0,-0.7071068,0
41.24558,47,6,1,0.2018692,0.9039843,-0.7446618,-0.06684078,-0.9903486,-0.04133129,0.4609653,0.6424145,0.2444561,-0.07235532,0.6399431,0.09954111,-0.008282408,1.159249,0.0156769,0.006265871,0.9589883,-0.1055096,0.1917176,0.7179202,-0.8760512,0,0,0,0,-0.7071068,0,0,0,0,0,-0.7071068,0,0,0,0,0,-0.7071068,0,0,0,0,0,-0.7071068,0,0,0,0,0,-0.7071068,0
41.26765,47,6,1,0.2014471,0.8939142,-0.7444077,-0.07019793,-0.9901037,-0.0364842,0.4611715,0.6423348,0.2445318,-0.07181317,0.639423,0.09909035,-0.008039682,1.159152,0.01549116,0.004192412,0.9581372,-0.1077611,0.1919603,0.7063218,-0.8723958,0,0,0,0,-0.7071068,0,0,0,0,0,-0.7071068,0,0,0,0,0,-0.7071068,0,0,0,0,0,-0.7071068,0,0,0,0,0,-0.7071068,0
41.28973,47,6,1,0.2008677,0.8836339,-0.744493,-0.07149117,-0.9901958,-0.02947929,0.4613706,0.6421435,0.24446,-0.07083748,0.6396238,0.09901379,-0.007871137,1.158995,0.01509231,0.00347605,0.9574746,-0.1094471,0.1921289,0.6947747,-0.8687928,0,0,0,0,-0.7071068,0,0,0,0,0,-0.7071068,0,0,0,0,0,-0.7071068,0,0,0,0,0,-0.7071068,0,0,0,0,0,-0.7071068,0
41.31188,47,6,0,0.1992657,0.8740447,-0.7444558,-0.07301001,-0.9904286,-0.02404779,0.4615327,0.6419163,0.2442085,-0.07032064,0.6399614,0.09838195,-0.007884721,1.158717,0.01461001,0.002879586,0.9571531,-0.111254,0.1921153,0.6831461,-0.8650889,0,0,0,0,-0.7071068,0,0,0,0,0,-0.7071068,0,0,0,0,0,-0.7071068,0,0,0,0,0,-0.7071068,0,0,0,0,0,-0.7071068,0
41.32307,47,6,0,0.1983145,0.869253,-0.7443414,-0.07490505,-0.990471,-0.02221944,0.4615662,0.6418829,0.2440926,-0.07032701,0.6400996,0.0980942,-0.007901088,1.158573,0.01438499,0.00254282,0.9571134,-0.1124418,0.1920989,0.6773219,-0.8631436,0,0,0,0,-0.7071068,0,0,0,0,0,-0.7071068,0,0,0,0,0,-0.7071068,0,0,0,0,0,-0.7071068,0,0,0,0,0,-0.7071068,0
41.34513,47,6,0,0.1967412,0.8591706,-0.7437589,-0.07836008,-0.9903451,-0.0173165,0.4614669,0.6418823,0.2440606,-0.0707698,0.6400579,0.0979578,-0.007894009,1.158159,0.01378933,0.001565807,0.9570392,-0.1149443,0.192106,0.6656687,-0.859294,0,0,0,0,-0.7071068,0,0,0,0,0,-0.7071068,0,0,0,0,0,-0.7071068,0,0,0,0,0,-0.7071068,0,0,0,0,0,-0.7071068,0
41.35638,47,6,0,0.1962256,0.8539921,-0.7433228,-0.08090051,-0.9900698,-0.01470012,0.4614265,0.6420659,0.2441342,-0.07123403,0.6399207,0.0984308,-0.007913177,1.157895,0.01342307,0.001242653,0.9569787,-0.1162905,0.1920868,0.6598446,-0.8573861,0,0,0,0,-0.7071068,0,0,0,0,0,-0.7071068,0,0,0,0,0,-0.7071068,0,0,0,0,0,-0.7071068,0,0,0,0,0,-0.7071068,0
41.37871,47,6,0,0.1954003,0.8434396,-0.7421095,-0.08772887,-0.9892361,-0.009259965,0.4611994,0.6422533,0.2443018,-0.07186642,0.6394817,0.09892422,-0.008047733,1.157235,0.01266595,0.0007011183,0.9568771,-0.1191966,0.1919523,0.6480356,-0.8534316,0,0,0,0,-0.7071068,0,0,0,0,0,-0.7071068,0,0,0,0,0,-0.7071068,0,0,0,0,0,-0.7071068,0,0,0,0,0,-0.7071068,0
41.40066,47,6,0,0.1941102,0.8339727,-0.7414525,-0.08882321,-0.9892057,-0.003622148,0.4610641,0.642261,0.2445179,-0.07206169,0.6391312,0.0992579,-0.008208818,1.156449,0.01188903,0.000198219,0.9568185,-0.1227076,0.1917912,0.6361576,-0.8493164,0,0,0,0,-0.7071068,0,0,0,0,0,-0.7071068,0,0,0,0,0,-0.7071068,0,0,0,0,0,-0.7071068,0,0,0,0,0,-0.7071068,0
41.41187,47,6,0,0.1933176,0.8286508,-0.7411389,-0.08924635,-0.9892119,-0.000240434,0.4610535,0.6422327,0.2445935,-0.07197145,0.6391069,0.09928194,-0.008245768,1.156066,0.01147441,-0.0001739934,0.9567541,-0.1245884,0.1917542,0.6303151,-0.8472472,0,0,0,0,-0.7071068,0,0,0,0,0,-0.7071068,0,0,0,0,0,-0.7071068,0,0,0,0,0,-0.7071068,0,0,0,0,0,-0.7071068,0
41.42299,47,6,0,0.1923101,0.8233573,-0.7405496,-0.09018523,-0.9891664,0.003221791,0.4610528,0.6421728,0.2446965,-0.07171492,0.6390489,0.09937403,-0.00833509,1.155646,0.01102927,-0.0003468245,0.9567039,-0.1262568,0.1916649,0.6243637,-0.8451238,0,0,0,0,-0.7071068,0,0,0,0,0,-0.7071068,0,0,0,0,0,-0.7071068,0,0,0,0,0,-0.7071068,0,0,0,0,0,-0.7071068,0
41.44519,47,6,0,0.1904968,0.8128092,-0.7389662,-0.096459,-0.9885212,0.008381646,0.4610236,0.6421263,0.244802,-0.07126649,0.6391392,0.09974527,-0.008342481,1.154989,0.009919865,-0.001020536,0.9566134,-0.1297256,0.1916575,0.6128502,-0.8410371,0,0,0,0,-0.7071068,0,0,0,0,0,-0.7071068,0,0,0,0,0,-0.7071068,0,0,0,0,0,-0.7071068,0,0,0,0,0,-0.7071068,0
41.4565,47,6,0,0.1896099,0.8075943,-0.7384017,-0.09852497,-0.9882953,0.0108766,0.4609796,0.6421148,0.2448463,-0.07122857,0.6391771,0.09992159,-0.008428632,1.154596,0.009430939,-0.001435339,0.9565767,-0.1312268,0.1915714,0.6069829,-0.8388275,0,0,0,0,-0.7071068,0,0,0,0,0,-0.7071068,0,0,0,0,0,-0.7071068,0,0,0,0,0,-0.7071068,0,0,0,0,0,-0.7071068,0
41.47834,47,6,0,0.1875688,0.7973584,-0.7367458,-0.09911352,-0.988242,0.01502843,0.4610074,0.6421537,0.2448176,-0.07147384,0.6395099,0.09979783,-0.008638384,1.153973,0.008471801,-0.002491817,0.9566081,-0.1341227,0.1913616,0.5956081,-0.8343299,0,0,0,0,-0.7071068,0,0,0,0,0,-0.7071068,0,0,0,0,0,-0.7071068,0,0,0,0,0,-0.7071068,0,0,0,0,0,-0.7071068,0
41.49002,47,6,0,0.186697,0.7920569,-0.735894,-0.1005912,-0.9880204,0.01763283,0.4610489,0.6421375,0.2447596,-0.07154582,0.6397182,0.09967449,-0.008774746,1.153692,0.007949752,-0.003231771,0.9566614,-0.1354284,0.1912253,0.5900223,-0.8320825,0,0,0,0,-0.7071068,0,0,0,0,0,-0.7071068,0,0,0,0,0,-0.7071068,0,0,0,0,0,-0.7071068,0,0,0,0,0,-0.7071068,0
41.50159,47,6,0,0.1861147,0.7867191,-0.7349475,-0.1029707,-0.987661,0.02059102,0.4610691,0.6420841,0.2446055,-0.07179204,0.6399672,0.09944414,-0.008927829,1.15344,0.007447194,-0.003684424,0.9566852,-0.1366482,0.1910722,0.5841627,-0.8296002,0,0,0,0,-0.7071068,0,0,0,0,0,-0.7071068,0,0,0,0,0,-0.7071068,0,0,0,0,0,-0.7071068,0,0,0,0,0,-0.7071068,0
41.51303,47,6,0,0.1854326,0.7813283,-0.734,-0.1045513,-0.9874127,0.02358408,0.4611289,0.6420722,0.2444253,-0.07204878,0.6402677,0.09920497,-0.009084386,1.153189,0.006955693,-0.004203007,0.9566747,-0.13774,0.1909156,0.5783743,-0.8270868,0,0,0,0,-0.7071068,0,0,0,0,0,-0.7071068,0,0,0,0,0,-0.7071068,0,0,0,0,0,-0.7071068,0,0,0,0,0,-0.7071068,0
41.52483,47,6,0,0.1845661,0.7759167,-0.7329903,-0.105206,-0.9872676,0.02648765,0.461199,0.642032,0.2442364,-0.07225046,0.6405866,0.09886348,-0.009279206,1.152881,0.006442885,-0.005266264,0.9566762,-0.1383215,0.1907208,0.5726207,-0.8245872,0,0,0,0,-0.7071068,0,0,0,0,0,-0.7071068,0,0,0,0,0,-0.7071068,0,0,0,0,0,-0.7071068,0,0,0,0,0,-0.7071068,0
41.53612,47,6,0,0.1837331,0.770517,-0.7318626,-0.1038377,-0.9873096,0.02969457,0.4612873,0.6419649,0.2441578,-0.07254702,0.6409466,0.0985374,-0.00946144,1.15276,0.005975761,-0.004928768,0.9565481,-0.1396204,0.1905386,0.5669056,-0.8219008,0,0,0,0,-0.7071068,0,0,0,0,0,-0.7071068,0,0,0,0,0,-0.7071068,0,0,0,0,0,-0.7071068,0,0,0,0,0,-0.7071068,0
41.54754,47,6,0,0.1829696,0.7647909,-0.7307137,-0.1038873,-0.987126,0.03327698,0.4611571,0.6420751,0.2440234,-0.07281663,0.6412591,0.09814556,-0.009723537,1.152557,0.005338634,-0.00580664,0.9564382,-0.1406842,0.1902765,0.5613747,-0.8194772,0,0,0,0,-0.7071068,0,0,0,0,0,-0.7071068,0,0,0,0,0,-0.7071068,0,0,0,0,0,-0.7071068,0,0,0,0,0,-0.7071068,0
41.55938,47,6,0,0.1821944,0.7589515,-0.7294086,-0.1047506,-0.986812,0.03711821,0.4612035,0.6420735,0.2438109,-0.07321173,0.6416314,0.0977038,-0.009901242,1.152438,0.004835512,-0.006274514,0.9563116,-0.1415147,0.1900988,0.5558878,-0.8168399,0,0,0,0,-0.7071068,0,0,0,0,0,-0.7071068,0,0,0,0,0,-0.7071068,0,0,0,0,0,-0.7071068,0,0,0,0,0,-0.7071068,0
41.58218,47,6,0,0.1802946,0.7474686,-0.7270103,-0.1071142,-0.9861945,0.0447902,0.4613439,0.6421101,0.2433885,-0.07388237,0.6422027,0.09668504,-0.01020854,1.152257,0.003791641,-0.007297792,0.9559851,-0.1431029,0.1897915,0.5450827,-0.8114971,0,0,0,0,-0.7071068,0,0,0,0,0,-0.7071068,0,0,0,0,0,-0.7071068,0,0,0,0,0,-0.7071068,0,0,0,0,0,-0.7071068,0
41.59334,47,6,0,0.1792862,0.7418587,-0.7257755,-0.1077841,-0.9859967,0.04829864,0.4614325,0.6420343,0.2432414,-0.07431227,0.6424645,0.0961993,-0.01030911,1.152137,0.003312173,-0.00763008,0.9558036,-0.1436846,0.1896909,0.5394716,-0.8085845,0,0,0,0,-0.7071068,0,0,0,0,0,-0.7071068,0,0,0,0,0,-0.7071068,0,0,0,0,0,-0.7071068,0,0,0,0,0,-0.7071068,0
41.60484,47,6,0,0.1782306,0.7363002,-0.7244971,-0.1078255,-0.9858781,0.051892,0.4614834,0.6420189,0.2430745,-0.07469685,0.6427093,0.09561045,-0.01045344,1.152041,0.00285372,-0.008161239,0.9554962,-0.1445262,0.1895466,0.534233,-0.8058086,0,0,0,0,-0.7071068,0,0,0,0,0,-0.7071068,0,0,0,0,0,-0.7071068,0,0,0,0,0,-0.7071068,0,0,0,0,0,-0.7071068,0
41.61635,47,6,0,0.1772782,0.7308635,-0.7231568,-0.1082523,-0.9857152,0.05499308,0.4615358,0.6420215,0.2429112,-0.07506496,0.6429783,0.09515508,-0.01060868,1.151924,0.00244009,-0.008684732,0.9551655,-0.1455419,0.1893913,0.5288435,-0.8028485,0,0,0,0,-0.7071068,0,0,0,0,0,-0.7071068,0,0,0,0,0,-0.7071068,0,0,0,0,0,-0.7071068,0,0,0,0,0,-0.7071068,0
41.62782,47,6,0,0.1763798,0.725427,-0.7217873,-0.1089585,-0.9855034,0.05777182,0.4615869,0.6419889,0.2427622,-0.07533932,0.6432394,0.09468891,-0.01077153,1.15179,0.002041918,-0.00940302,0.9548609,-0.1468007,0.1892285,0.5234586,-0.7998263,0,0,0,0,-0.7071068,0,0,0,0,0,-0.7071068,0,0,0,0,0,-0.7071068,0,0,0,0,0,-0.7071068,0,0,0,0,0,-0.7071068,0
41.63905,47,6,0,0.175883,0.7202405,-0.720579,-0.1092963,-0.9852875,0.06085541,0.4617192,0.6421138,0.2425244,-0.07559134,0.6435172,0.09431073,-0.01095446,1.151629,0.00164749,-0.01020085,0.9545933,-0.1479825,0.1890455,0.5180959,-0.7967726,0,0,0,0,-0.7071068,0,0,0,0,0,-0.7071068,0,0,0,0,0,-0.7071068,0,0,0,0,0,-0.7071068,0,0,0,0,0,-0.7071068,0
41.66126,47,6,0,0.17445,0.7090157,-0.7174466,-0.109851,-0.9847061,0.06752264,0.4617166,0.6420912,0.2422287,-0.07608218,0.643855,0.09356596,-0.01144383,1.151426,0.001066432,-0.01128995,0.9541473,-0.1504557,0.1885562,0.5078886,-0.7905522,0,0,0,0,-0.7071068,0,0,0,0,0,-0.7071068,0,0,0,0,0,-0.7071068,0,0,0,0,0,-0.7071068,0,0,0,0,0,-0.7071068,0
41.67239,47,6,0,0.1740827,0.7032583,-0.7159887,-0.1113758,-0.9841552,0.07077737,0.4617091,0.6421206,0.2421006,-0.07631313,0.6439134,0.09321094,-0.01160706,1.151275,0.0007370757,-0.01108778,0.9538544,-0.1516822,0.1883929,0.5027291,-0.7873904,0,0,0,0,-0.7071068,0,0,0,0,0,-0.7071068,0,0,0,0,0,-0.7071068,0,0,0,0,0,-0.7071068,0,0,0,0,0,-0.7071068,0
41.69463,47,6,0,0.1730196,0.6915725,-0.712622,-0.1130222,-0.9831579,0.07723896,0.4617881,0.6421869,0.2419978,-0.07697801,0.6438069,0.09251407,-0.01181395,1.150909,0.0001709945,-0.01005959,0.9530413,-0.1540994,0.188186,0.4925312,-0.7809308,0,0,0,0,-0.7071068,0,0,0,0,0,-0.7071068,0,0,0,0,0,-0.7071068,0,0,0,0,0,-0.7071068,0,0,0,0,0,-0.7071068,0
41.70594,47,6,0,0.1723071,0.685529,-0.7110141,-0.1141378,-0.9825886,0.08075246,0.4617987,0.6422275,0.2419296,-0.07732417,0.6437542,0.0920972,-0.01187913,1.150682,-6.950088E-05,-0.009393789,0.9524717,-0.155396,0.1881209,0.4874036,-0.7775826,0,0,0,0,-0.7071068,0,0,0,0,0,-0.7071068,0,0,0,0,0,-0.7071068,0,0,0,0,0,-0.7071068,0,0,0,0,0,-0.7071068,0
41.72784,47,6,0,0.1706134,0.6735237,-0.7082537,-0.1203993,-0.9811195,0.08846139,0.4617871,0.6422187,0.2418204,-0.07792784,0.6438029,0.09143082,-0.0118543,1.150185,-0.0004700385,-0.008836523,0.9511119,-0.1586762,0.1881457,0.4773156,-0.770788,0,0,0,0,-0.7071068,0,0,0,0,0,-0.7071068,0,0,0,0,0,-0.7071068,0,0,0,0,0,-0.7071068,0,0,0,0,0,-0.7071068,0
41.73902,47,6,0,0.1696881,0.667671,-0.7067803,-0.1236224,-0.9804181,0.09202908,0.4617557,0.6421685,0.2417487,-0.07821578,0.6438786,0.09109406,-0.0117545,1.149976,-0.0007135253,-0.008968249,0.9504284,-0.1603959,0.1882455,0.4722785,-0.7673211,0,0,0,0,-0.7071068,0,0,0,0,0,-0.7071068,0,0,0,0,0,-0.7071068,0,0,0,0,0,-0.7071068,0,0,0,0,0,-0.7071068,0
41.75085,47,6,0,0.1686226,0.6620363,-0.7053552,-0.1264386,-0.9798341,0.09508739,0.4617298,0.642213,0.2416541,-0.07849447,0.643948,0.09087843,-0.01155959,1.149772,-0.001101452,-0.009339772,0.9498495,-0.1618819,0.1884404,0.4672796,-0.7639645,0,0,0,0,-0.7071068,0,0,0,0,0,-0.7071068,0,0,0,0,0,-0.7071068,0,0,0,0,0,-0.7071068,0,0,0,0,0,-0.7071068,0
41.77274,47,6,0,0.1668566,0.6515667,-0.7025507,-0.1277518,-0.9794162,0.09987184,0.4617566,0.6422261,0.2414601,-0.07899396,0.6440791,0.0901659,-0.01114415,1.149449,-0.00171193,-0.01006393,0.9488268,-0.1647691,0.1888559,0.4573235,-0.7568669,0,0,0,0,-0.7071068,0,0,0,0,0,-0.7071068,0,0,0,0,0,-0.7071068,0,0,0,0,0,-0.7071068,0,0,0,0,0,-0.7071068,0
41.7948,47,6,0,0.1655809,0.6408602,-0.6993328,-0.1285478,-0.9786462,0.1056906,0.4617682,0.6422044,0.2414514,-0.07913516,0.6440738,0.09000559,-0.01052991,1.148949,-0.00243773,-0.01011468,0.9478177,-0.1678264,0.1894701,0.4477102,-0.7500657,0,0,0,0,-0.7071068,0,0,0,0,0,-0.7071068,0,0,0,0,0,-0.7071068,0,0,0,0,0,-0.7071068,0,0,0,0,0,-0.7071068,0
41.81671,47,6,0,0.164942,0.6300027,-0.6953836,-0.1302069,-0.9775343,0.1120693,0.461725,0.6422796,0.2416156,-0.07899538,0.6437172,0.09029068,-0.009778086,1.148299,-0.003360422,-0.008564137,0.9470841,-0.1706623,0.1902219,0.437845,-0.743137,0,0,0,0,-0.7071068,0,0,0,0,0,-0.7071068,0,0,0,0,0,-0.7071068,0,0,0,0,0,-0.7071068,0,0,0,0,0,-0.7071068,0
41.82813,47,6,0,0.1647012,0.6246103,-0.6932116,-0.130751,-0.9769384,0.115722,0.4615962,0.6422276,0.2416753,-0.07898516,0.6434412,0.09035934,-0.009402443,1.147939,-0.003863818,-0.007519215,0.9467514,-0.1721383,0.1905976,0.4329505,-0.7396849,0,0,0,0,-0.7071068,0,0,0,0,0,-0.7071068,0,0,0,0,0,-0.7071068,0,0,0,0,0,-0.7071068,0,0,0,0,0,-0.7071068,0
41.84993,47,6,0,0.1641088,0.6138794,-0.6889768,-0.1302025,-0.9760125,0.1228986,0.4614517,0.6422244,0.2419765,-0.07904185,0.6425859,0.09067894,-0.009500647,1.146472,-0.004222279,-0.005332537,0.946189,-0.1756984,0.1904994,0.4224437,-0.7319718,0,0,0,0,-0.7071068,0,0,0,0,0,-0.7071068,0,0,0,0,0,-0.7071068,0,0,0,0,0,-0.7071068,0,0,0,0,0,-0.7071068,0
41.86119,47,6,0,0.1638767,0.6087245,-0.6866015,-0.1310003,-0.9753731,0.1259348,0.4613746,0.6422547,0.2421174,-0.07937109,0.6420965,0.09063469,-0.009145889,1.145819,-0.004780478,-0.004292995,0.9458908,-0.1780961,0.1908541,0.4173901,-0.7285078,0,0,0,0,-0.7071068,0,0,0,0,0,-0.7071068,0,0,0,0,0,-0.7071068,0,0,0,0,0,-0.7071068,0,0,0,0,0,-0.7071068,0
41.88345,47,6,0,0.1637436,0.5984344,-0.6820522,-0.1353296,-0.9737651,0.131605,0.4611267,0.6425197,0.2422584,-0.08027716,0.6415087,0.0911613,-0.008492799,1.144484,-0.005860372,-0.001939468,0.9452602,-0.1833776,0.1915072,0.4071902,-0.7212941,0,0,0,0,-0.7071068,0,0,0,0,0,-0.7071068,0,0,0,0,0,-0.7071068,0,0,0,0,0,-0.7071068,0,0,0,0,0,-0.7071068,0
41.90559,47,6,0,0.1640075,0.5886548,-0.6773329,-0.1349172,-0.9730843,0.1364852,0.4611494,0.6427925,0.2421478,-0.08102038,0.6415738,0.09144292,-0.007794253,1.143021,-0.007078175,0.0001467317,0.9446005,-0.188624,0.1922058,0.3970393,-0.714128,0,0,0,0,-0.7071068,0,0,0,0,0,-0.7071068,0,0,0,0,0,-0.7071068,0,0,0,0,0,-0.7071068,0,0,0,0,0,-0.7071068,0
41.91672,47,6,0,0.1642837,0.5837046,-0.6748682,-0.1342831,-0.9726905,0.1391705,0.4612856,0.6427932,0.2420522,-0.08110037,0.6417602,0.09140068,-0.007454378,1.142273,-0.007723307,0.0007786006,0.9442852,-0.1911849,0.1925456,0.3919647,-0.7104986,0,0,0,0,-0.7071068,0,0,0,0,0,-0.7071068,0,0,0,0,0,-0.7071068,0,0,0,0,0,-0.7071068,0,0,0,0,0,-0.7071068,0
41.92841,47,6,0,0.1646179,0.5786192,-0.6720069,-0.1338545,-0.9721795,0.1420058,0.4613363,0.642779,0.2419995,-0.08083886,0.6421021,0.09125139,-0.007075556,1.141551,-0.008404942,0.001310609,0.9440447,-0.1939045,0.1929244,0.3869666,-0.7068908,0,0,0,0,-0.7071068,0,0,0,0,0,-0.7071068,0,0,0,0,0,-0.7071068,0,0,0,0,0,-0.7071068,0,0,0,0,0,-0.7071068,0
41.95078,47,6,0,0.1656972,0.5682269,-0.6659563,-0.1372613,-0.9700241,0.1483965,0.4615553,0.642545,0.2417208,-0.08013621,0.6428736,0.09063567,-0.006388946,1.140189,-0.009826265,0.002158955,0.9435381,-0.1990509,0.1936111,0.3771622,-0.6996418,0,0,0,0,-0.7071068,0,0,0,0,0,-0.7071068,0,0,0,0,0,-0.7071068,0,0,0,0,0,-0.7071068,0,0,0,0,0,-0.7071068,0
41.97261,47,6,0,0.1674252,0.5578746,-0.6597608,-0.1440363,-0.9670389,0.1543084,0.4616888,0.642432,0.2414909,-0.07952586,0.6435677,0.09045644,-0.005692295,1.138728,-0.01130401,0.003267229,0.9430584,-0.2038996,0.1943077,0.3674144,-0.692341,0,0,0,0,-0.7071068,0,0,0,0,0,-0.7071068,0,0,0,0,0,-0.7071068,0,0,0,0,0,-0.7071068,0,0,0,0,0,-0.7071068,0
41.9943,47,6,0,0.1681864,0.5482414,-0.6537855,-0.1440879,-0.9657276,0.1607656,0.4615789,0.6424415,0.2414496,-0.07973953,0.6437482,0.09043026,-0.005026822,1.137274,-0.01276302,0.004776828,0.9424197,-0.2090093,0.1949732,0.357794,-0.6848773,0,0,0,0,-0.7071068,0,0,0,0,0,-0.7071068,0,0,0,0,0,-0.7071068,0,0,0,0,0,-0.7071068,0,0,0,0,0,-0.7071068,0
42.00552,47,6,0,0.1683384,0.5437479,-0.6509534,-0.1435543,-0.9654223,0.1634854,0.4615712,0.6425227,0.2414069,-0.08019156,0.6437426,0.09019089,-0.004635141,1.136533,-0.01350318,0.005327426,0.9420647,-0.2117906,0.1953649,0.3530841,-0.6811786,0,0,0,0,-0.7071068,0,0,0,0,0,-0.7071068,0,0,0,0,0,-0.7071068,0,0,0,0,0,-0.7071068,0,0,0,0,0,-0.7071068,0
42.02773,47,6,0,0.1691125,0.5349431,-0.6452461,-0.1453802,-0.9642364,0.1678968,0.461628,0.6426212,0.2412802,-0.08101425,0.643922,0.08955569,-0.004071353,1.135176,-0.01483218,0.005902022,0.9414359,-0.21702,0.1959286,0.343738,-0.6733608,0,0,0,0,-0.7071068,0,0,0,0,0,-0.7071068,0,0,0,0,0,-0.7071068,0,0,0,0,0,-0.7071068,0,0,0,0,0,-0.7071068,0
42.03893,47,6,0,0.1697287,0.5306083,-0.642361,-0.1464119,-0.9633582,0.170542,0.461684,0.6425406,0.241155,-0.08132926,0.6441008,0.08917601,-0.003771204,1.134525,-0.01549862,0.006222293,0.9411352,-0.2195132,0.1962288,0.3391656,-0.66943,0,0,0,0,-0.7071068,0,0,0,0,0,-0.7071068,0,0,0,0,0,-0.7071068,0,0,0,0,0,-0.7071068,0,0,0,0,0,-0.7071068,0
42.06139,47,6,0,0.1714748,0.5219718,-0.6363371,-0.1485927,-0.9614868,0.1755948,0.4617411,0.6424854,0.2410485,-0.08168532,0.6446064,0.08844453,-0.003045816,1.133246,-0.01714798,0.007198609,0.9405225,-0.2240405,0.1969542,0.3301706,-0.6618193,0,0,0,0,-0.7071068,0,0,0,0,0,-0.7071068,0,0,0,0,0,-0.7071068,0,0,0,0,0,-0.7071068,0,0,0,0,0,-0.7071068,0
42.08324,47,6,0,0.173344,0.5139133,-0.6305164,-0.1482053,-0.9601097,0.1809873,0.461783,0.6423185,0.2410694,-0.08134627,0.6448261,0.08838837,-0.002411558,1.131924,-0.01841574,0.008666731,0.9398385,-0.2285472,0.1975884,0.3212292,-0.6536497,0,0,0,0,-0.7071068,0,0,0,0,0,-0.7071068,0,0,0,0,0,-0.7071068,0,0,0,0,0,-0.7071068,0,0,0,0,0,-0.7071068,0
42.10549,47,6,0,0.1751473,0.5059807,-0.6245487,-0.1467486,-0.9589658,0.1861201,0.4617898,0.642221,0.2412375,-0.08089053,0.6447267,0.08818007,-0.001752268,1.13067,-0.01972928,0.01007767,0.9392222,-0.2326291,0.1982477,0.312547,-0.6454645,0,0,0,0,-0.7071068,0,0,0,0,0,-0.7071068,0,0,0,0,0,-0.7071068,0,0,0,0,0,-0.7071068,0,0,0,0,0,-0.7071068,0
42.12799,47,6,0,0.1766986,0.4983373,-0.6184877,-0.1442294,-0.9581112,0.1915691,0.4617148,0.6421256,0.241544,-0.08030869,0.6444218,0.08816303,-0.0009585704,1.12959,-0.02100858,0.01122133,0.9386454,-0.2359539,0.1990414,0.3041591,-0.637094,0,0,0,0,-0.7071068,0,0,0,0,0,-0.7071068,0,0,0,0,0,-0.7071068,0,0,0,0,0,-0.7071068,0,0,0,0,0,-0.7071068,0
42.15069,47,6,0,0.1783181,0.4912025,-0.6126934,-0.1439318,-0.9567378,0.1967205,0.4615758,0.6421193,0.2416922,-0.08030459,0.6440442,0.08844587,-0.0002072892,1.128517,-0.02225666,0.01261993,0.9380481,-0.2391998,0.1997927,0.2958808,-0.6285144,0,0,0,0,-0.7071068,0,0,0,0,0,-0.7071068,0,0,0,0,0,-0.7071068,0,0,0,0,0,-0.7071068,0,0,0,0,0,-0.7071068,0
42.1723,47,6,0,0.1802498,0.4842348,-0.6064747,-0.1458082,-0.9548156,0.2012,0.4614499,0.6421189,0.241906,-0.08046944,0.6435843,0.08842745,0.0005346463,1.127481,-0.0234492,0.01415608,0.9373868,-0.2427643,0.2005347,0.2878478,-0.6198456,0,0,0,0,-0.7071068,0,0,0,0,0,-0.7071068,0,0,0,0,0,-0.7071068,0,0,0,0,0,-0.7071068,0,0,0,0,0,-0.7071068,0
42.19442,47,6,0,0.1818414,0.4775321,-0.6003864,-0.1445862,-0.9535584,0.2058979,0.4614379,0.6421741,0.241942,-0.08068617,0.643477,0.08822297,0.001247148,1.126513,-0.02453581,0.01588228,0.9365827,-0.2464269,0.2012472,0.2800721,-0.6110142,0,0,0,0,-0.7071068,0,0,0,0,0,-0.7071068,0,0,0,0,0,-0.7071068,0,0,0,0,0,-0.7071068,0,0,0,0,0,-0.7071068,0
42.20576,47,6,0,0.1825698,0.4740205,-0.5972648,-0.1440556,-0.952986,0.2078752,0.4614456,0.6421608,0.2419487,-0.08074561,0.643424,0.08809826,0.001624192,1.12606,-0.02501912,0.01668745,0.9361818,-0.2480668,0.2016242,0.2762419,-0.6064537,0,0,0,0,-0.7071068,0,0,0,0,0,-0.7071068,0,0,0,0,0,-0.7071068,0,0,0,0,0,-0.7071068,0,0,0,0,0,-0.7071068,0
42.22777,47,6,0,0.1841536,0.4674778,-0.5910718,-0.144236,-0.951766,0.2117003,0.4614773,0.6421471,0.2418555,-0.08097999,0.6434579,0.08776341,0.002379978,1.125173,-0.02583466,0.0177299,0.935211,-0.2512404,0.20238,0.2687639,-0.5971737,0,0,0,0,-0.7071068,0,0,0,0,0,-0.7071068,0,0,0,0,0,-0.7071068,0,0,0,0,0,-0.7071068,0,0,0,0,0,-0.7071068,0
42.2498,47,6,0,0.1853021,0.4611092,-0.5851215,-0.1430159,-0.9507059,0.2163852,0.4616157,0.6421403,0.2416979,-0.08097555,0.6435465,0.08753562,0.003214125,1.124392,-0.02648407,0.01831793,0.9341546,-0.2541592,0.2032141,0.2615252,-0.5875892,0,0,0,0,-0.7071068,0,0,0,0,0,-0.7071068,0,0,0,0,0,-0.7071068,0,0,0,0,0,-0.7071068,0,0,0,0,0,-0.7071068,0
42.2614,47,6,0,0.1858941,0.4578645,-0.5820664,-0.141908,-0.9501022,0.2191889,0.4616721,0.6420943,0.241619,-0.08084826,0.643725,0.08733983,0.003693562,1.124093,-0.02679378,0.01848312,0.9336003,-0.255617,0.2036936,0.2580894,-0.582798,0,0,0,0,-0.7071068,0,0,0,0,0,-0.7071068,0,0,0,0,0,-0.7071068,0,0,0,0,0,-0.7071068,0,0,0,0,0,-0.7071068,0
42.2832,47,6,0,0.1873732,0.4514966,-0.5758243,-0.1417784,-0.9483353,0.2248495,0.4617445,0.6420027,0.2415149,-0.08096614,0.6438763,0.08673582,0.004484082,1.123586,-0.02727556,0.01896116,0.9323887,-0.2582588,0.2044841,0.2513337,-0.5728478,0,0,0,0,-0.7071068,0,0,0,0,0,-0.7071068,0,0,0,0,0,-0.7071068,0,0,0,0,0,-0.7071068,0,0,0,0,0,-0.7071068,0
42.29469,47,6,0,0.1879637,0.4483681,-0.572878,-0.141528,-0.9475671,0.22741,0.4617256,0.6420703,0.2414368,-0.081132,0.6438858,0.08666705,0.00490396,1.123346,-0.02744693,0.01920179,0.931792,-0.2595139,0.204904,0.2480627,-0.5678223,0,0,0,0,-0.7071068,0,0,0,0,0,-0.7071068,0,0,0,0,0,-0.7071068,0,0,0,0,0,-0.7071068,0,0,0,0,0,-0.7071068,0
42.31663,47,7,0,0.1891136,0.4425038,-0.5670501,-0.1402411,-0.9461818,0.2325747,0.4617389,0.6420298,0.2412673,-0.08147005,0.6439775,0.08650609,0.00580995,1.122979,-0.02772401,0.01949889,0.9306544,-0.2614449,0.20581,0.2476865,-0.5680825,0,0,0,0,-0.7071068,0,0,0,0,0,-0.7071068,0,0,0,0,0,-0.7071068,0,0,0,0,0,-0.7071068,0,0,0,0,0,-0.7071068,0
42.32791,47,7,1,0.189709,0.4396274,-0.5641869,-0.1399142,-0.9455074,0.2348329,0.461742,0.6420422,0.2412208,-0.08167377,0.6440714,0.08636674,0.006249358,1.122869,-0.02781726,0.0193724,0.9301463,-0.2623393,0.2062494,0.2505861,-0.5733363,0,0,0,0,-0.7071068,0,0,0,0,0,-0.7071068,0,0,0,0,0,-0.7071068,0,0,0,0,0,-0.7071068,0,0,0,0,0,-0.7071068,0
42.33903,47,7,1,0.1905322,0.4372497,-0.561609,-0.1396589,-0.9450306,0.2362973,0.4617019,0.642056,0.2411925,-0.08184294,0.6440412,0.08616912,0.006611475,1.122774,-0.02786453,0.01945405,0.9297246,-0.2630275,0.2066115,0.253626,-0.5786654,0,0,0,0,-0.7071068,0,0,0,0,0,-0.7071068,0,0,0,0,0,-0.7071068,0,0,0,0,0,-0.7071068,0,0,0,0,0,-0.7071068,0
42.36096,47,7,1,0.1916624,0.4324707,-0.5569333,-0.1413674,-0.9437549,0.2388815,0.461814,0.6421441,0.2410787,-0.08186004,0.6440843,0.08577011,0.007317795,1.122662,-0.0280267,0.01932336,0.9290766,-0.2639683,0.2073178,0.2597471,-0.5890541,0,0,0,0,-0.7071068,0,0,0,0,0,-0.7071068,0,0,0,0,0,-0.7071068,0,0,0,0,0,-0.7071068,0,0,0,0,0,-0.7071068,0
42.3831,47,7,1,0.1927746,0.4279763,-0.5519644,-0.1401878,-0.9428745,0.2426344,0.4618266,0.6421191,0.241065,-0.08178332,0.6441319,0.085701,0.008065899,1.122694,-0.02816566,0.01976494,0.9285996,-0.2643799,0.2080659,0.2662125,-0.5993928,0,0,0,0,-0.7071068,0,0,0,0,0,-0.7071068,0,0,0,0,0,-0.7071068,0,0,0,0,0,-0.7071068,0,0,0,0,0,-0.7071068,0
42.39421,47,7,1,0.1933862,0.4257345,-0.549454,-0.1391018,-0.9424636,0.2447358,0.4618992,0.6420645,0.2409316,-0.08163644,0.6441571,0.08559197,0.008368389,1.122649,-0.02816151,0.02014463,0.928362,-0.2644916,0.2083684,0.2694275,-0.6044262,0,0,0,0,-0.7071068,0,0,0,0,0,-0.7071068,0,0,0,0,0,-0.7071068,0,0,0,0,0,-0.7071068,0,0,0,0,0,-0.7071068,0
42.40543,47,7,1,0.1940545,0.4236997,-0.5469222,-0.1377318,-0.9421225,0.2464881,0.4618788,0.6420645,0.2409782,-0.08155326,0.6441271,0.0855945,0.008715549,1.12268,-0.02822343,0.02065592,0.9281082,-0.2647075,0.2087156,0.2727834,-0.6095405,0,0,0,0,-0.7071068,0,0,0,0,0,-0.7071068,0,0,0,0,0,-0.7071068,0,0,0,0,0,-0.7071068,0,0,0,0,0,-0.7071068,0
42.42757,47,7,1,0.1955746,0.419405,-0.541609,-0.1365281,-0.9409255,0.2500636,0.4618116,0.6420395,0.241102,-0.08144297,0.644069,0.08568919,0.009319055,1.122601,-0.02813964,0.0216834,0.9276561,-0.2651683,0.2093191,0.2794831,-0.6195005,0,0,0,0,-0.7071068,0,0,0,0,0,-0.7071068,0,0,0,0,0,-0.7071068,0,0,0,0,0,-0.7071068,0,0,0,0,0,-0.7071068,0
42.43879,47,7,1,0.1963473,0.4173021,-0.5388663,-0.1362662,-0.9402949,0.2516855,0.4618645,0.6419693,0.2412092,-0.08126749,0.6439645,0.08593179,0.009600296,1.122544,-0.02802144,0.02227432,0.9274353,-0.2653827,0.2096003,0.2828629,-0.6243488,0,0,0,0,-0.7071068,0,0,0,0,0,-0.7071068,0,0,0,0,0,-0.7071068,0,0,0,0,0,-0.7071068,0,0,0,0,0,-0.7071068,0
42.46082,48,7,1,0.1974061,0.4131739,-0.5336705,-0.1341053,-0.9394691,0.255606,0.4617898,0.6420821,0.2414045,-0.08120251,0.6436036,0.08639875,0.0100301,1.122495,-0.02769038,0.02329125,0.9269671,-0.2658219,0.2100301,0.2898447,-0.633929,0,0,0,0,-0.7071068,0,0,0,0,0,-0.7071068,0,0,0,0,0,-0.7071068,0,0,0,0,0,-0.7071068,0,0,0,0,0,-0.7071068,0
42.47215,48,7,1,0.1980123,0.4111145,-0.5311289,-0.1330635,-0.9390219,0.2575906,0.461682,0.6420925,0.2414716,-0.0812252,0.64337,0.08661568,0.01027754,1.122448,-0.02754408,0.02386971,0.9267621,-0.2659348,0.2102775,0.2932947,-0.6385928,0,0,0,0,-0.7071068,0,0,0,0,0,-0.7071068,0,0,0,0,0,-0.7071068,0,0,0,0,0,-0.7071068,0,0,0,0,0,-0.7071068,0
42.48352,48,7,1,0.1984855,0.4090939,-0.5284268,-0.1325103,-0.9383774,0.259584,0.4616262,0.6421156,0.2415836,-0.08122943,0.6432073,0.08679133,0.01038492,1.122364,-0.02736885,0.02435031,0.9265417,-0.2661251,0.2103849,0.2968744,-0.6433766,0,0,0,0,-0.7071068,0,0,0,0,0,-0.7071068,0,0,0,0,0,-0.7071068,0,0,0,0,0,-0.7071068,0,0,0,0,0,-0.7071068,0
42.5053,48,7,1,0.1997149,0.4053521,-0.5232639,-0.1350626,-0.9363006,0.2623041,0.4614821,0.6420921,0.2417738,-0.08108343,0.6429537,0.08724768,0.01078878,1.122334,-0.02697457,0.02517045,0.9261841,-0.2660634,0.2107888,0.3041004,-0.6525652,0,0,0,0,-0.7071068,0,0,0,0,0,-0.7071068,0,0,0,0,0,-0.7071068,0,0,0,0,0,-0.7071068,0,0,0,0,0,-0.7071068,0
42.51645,48,7,1,0.2001723,0.4037285,-0.5210576,-0.1376727,-0.9350603,0.2632687,0.4613967,0.6421082,0.2418775,-0.08089122,0.6429394,0.08740342,0.0109955,1.122369,-0.02676942,0.0255513,0.9259608,-0.2659168,0.2109955,0.3078273,-0.6571215,0,0,0,0,-0.7071068,0,0,0,0,0,-0.7071068,0,0,0,0,0,-0.7071068,0,0,0,0,0,-0.7071068,0,0,0,0,0,-0.7071068,0
42.5278,48,7,1,0.2004718,0.4023001,-0.5192852,-0.1400434,-0.9339876,0.2642695,0.4613688,0.6420965,0.2419698,-0.0807797,0.6428577,0.08747022,0.01094971,1.12228,-0.02639871,0.0259888,0.9256907,-0.2659277,0.2109497,0.3114908,-0.6615142,0,0,0,0,-0.7071068,0,0,0,0,0,-0.7071068,0,0,0,0,0,-0.7071068,0,0,0,0,0,-0.7071068,0,0,0,0,0,-0.7071068,0
42.54985,48,7,0,0.2005278,0.4001765,-0.5172269,-0.1464675,-0.9320035,0.2662163,0.4614342,0.6420743,0.2420325,-0.08050787,0.642534,0.08748405,0.01125676,1.122556,-0.02584183,0.02662959,0.9253322,-0.2655134,0.2112568,0.3194026,-0.6704184,0,0,0,0,-0.7071068,0,0,0,0,0,-0.7071068,0,0,0,0,0,-0.7071068,0,0,0,0,0,-0.7071068,0,0,0,0,0,-0.7071068,0
42.56104,48,7,0,0.2005683,0.4003117,-0.5180011,-0.1540364,-0.930696,0.2658383,0.4614495,0.6420538,0.2420988,-0.08040791,0.6424915,0.08748589,0.01135882,1.122699,-0.02552161,0.02673955,0.9252006,-0.2650186,0.2113588,0.3233836,-0.6747417,0,0,0,0,-0.7071068,0,0,0,0,0,-0.7071068,0,0,0,0,0,-0.7071068,0,0,0,0,0,-0.7071068,0,0,0,0,0,-0.7071068,0
42.5723,48,7,0,0.2013361,0.4005075,-0.518425,-0.1595302,-0.929903,0.2649807,0.461439,0.6420531,0.242204,-0.08040439,0.6425306,0.08758479,0.01160093,1.123014,-0.02524798,0.02641871,0.925101,-0.264379,0.2116009,0.3276113,-0.6791288,0,0,0,0,-0.7071068,0,0,0,0,0,-0.7071068,0,0,0,0,0,-0.7071068,0,0,0,0,0,-0.7071068,0,0,0,0,0,-0.7071068,0
42.59423,48,7,0,0.2025939,0.4041989,-0.5224119,-0.1627824,-0.9317255,0.259183,0.4615294,0.641876,0.2422372,-0.08029088,0.6428003,0.08672943,0.0120792,1.123699,-0.02456517,0.02547793,0.9249532,-0.262718,0.2120792,0.3361263,-0.6875545,0,0,0,0,-0.7071068,0,0,0,0,0,-0.7071068,0,0,0,0,0,-0.7071068,0,0,0,0,0,-0.7071068,0,0,0,0,0,-0.7071068,0
42.60534,48,7,0,0.2036669,0.4078364,-0.5259833,-0.1586223,-0.9342454,0.2549033,0.4616006,0.6417508,0.242208,-0.08002817,0.6431144,0.08634288,0.01236757,1.124116,-0.02422244,0.02510778,0.9248538,-0.2619305,0.2123676,0.3405446,-0.691759,0,0,0,0,-0.7071068,0,0,0,0,0,-0.7071068,0,0,0,0,0,-0.7071068,0,0,0,0,0,-0.7071068,0,0,0,0,0,-0.7071068,0
42.61678,48,7,0,0.205283,0.4120493,-0.5298483,-0.1530472,-0.9366133,0.2504427,0.4616757,0.6416309,0.2422133,-0.07980687,0.6434379,0.08588102,0.01260314,1.124481,-0.02378991,0.024714,0.9247556,-0.26115,0.2126032,0.3449405,-0.6958364,0,0,0,0,-0.7071068,0,0,0,0,0,-0.7071068,0,0,0,0,0,-0.7071068,0,0,0,0,0,-0.7071068,0,0,0,0,0,-0.7071068,0
42.62797,48,7,0,0.2071039,0.4167299,-0.5339702,-0.1493804,-0.9384148,0.245317,0.4617237,0.6415648,0.242249,-0.07969519,0.6437032,0.08571266,0.0127595,1.124745,-0.02333313,0.02437936,0.924695,-0.2603948,0.2127595,0.34939,-0.6999891,0,0,0,0,-0.7071068,0,0,0,0,0,-0.7071068,0,0,0,0,0,-0.7071068,0,0,0,0,0,-0.7071068,0,0,0,0,0,-0.7071068,0
42.6497,48,7,0,0.2107529,0.4265887,-0.5425729,-0.1505517,-0.940223,0.2346633,0.4617682,0.6415517,0.2424485,-0.0796582,0.6438804,0.08574706,0.01298991,1.125419,-0.02231052,0.02414978,0.9248241,-0.2582413,0.2129899,0.3581555,-0.7076724,0,0,0,0,-0.7071068,0,0,0,0,0,-0.7071068,0,0,0,0,0,-0.7071068,0,0,0,0,0,-0.7071068,0,0,0,0,0,-0.7071068,0
42.66087,48,7,0,0.2123662,0.4325804,-0.5477839,-0.1512755,-0.941408,0.2286332,0.4617515,0.6415106,0.2426501,-0.07946063,0.6438264,0.08593381,0.01310659,1.125757,-0.02183113,0.0240308,0.9249958,-0.2570045,0.2131066,0.3626488,-0.7115623,0,0,0,0,-0.7071068,0,0,0,0,0,-0.7071068,0,0,0,0,0,-0.7071068,0,0,0,0,0,-0.7071068,0,0,0,0,0,-0.7071068,0
42.68309,48,7,0,0.2153856,0.4462937,-0.5586716,-0.1474792,-0.945756,0.2161964,0.4617129,0.6415615,0.2428792,-0.07904633,0.6437643,0.08668525,0.01317698,1.126295,-0.0208924,0.02438701,0.9255761,-0.2543476,0.213177,0.371635,-0.7193014,0,0,0,0,-0.7071068,0,0,0,0,0,-0.7071068,0,0,0,0,0,-0.7071068,0,0,0,0,0,-0.7071068,0,0,0,0,0,-0.7071068,0
42.6946,48,7,0,0.2165072,0.4531579,-0.5644099,-0.1440082,-0.9481078,0.2104936,0.4617033,0.6416175,0.2429405,-0.07888073,0.6437254,0.08700551,0.01321305,1.126591,-0.02041937,0.02476578,0.9258946,-0.2530626,0.2132131,0.3762091,-0.7231216,0,0,0,0,-0.7071068,0,0,0,0,0,-0.7071068,0,0,0,0,0,-0.7071068,0,0,0,0,0,-0.7071068,0,0,0,0,0,-0.7071068,0
42.71663,48,7,0,0.2178178,0.4688039,-0.5768869,-0.1390021,-0.9525415,0.1978393,0.4615866,0.6417254,0.2429716,-0.07862248,0.6438332,0.08802743,0.01280346,1.127004,-0.01915177,0.02550331,0.9267505,-0.2506107,0.2128035,0.3853095,-0.7303709,0,0,0,0,-0.7071068,0,0,0,0,0,-0.7071068,0,0,0,0,0,-0.7071068,0,0,0,0,0,-0.7071068,0,0,0,0,0,-0.7071068,0
42.7386,48,7,1,0.2194879,0.4843408,-0.5885653,-0.1391987,-0.955261,0.1845962,0.4615054,0.6418995,0.2429968,-0.07858687,0.643934,0.08899511,0.01245543,1.127493,-0.01799843,0.02578948,0.9278029,-0.2478101,0.2124554,0.3945081,-0.7374956,0,0,0,0,-0.7071068,0,0,0,0,0,-0.7071068,0,0,0,0,0,-0.7071068,0,0,0,0,0,-0.7071068,0,0,0,0,0,-0.7071068,0
42.74984,48,7,1,0.2202557,0.4922478,-0.5942823,-0.1392457,-0.9565132,0.1780385,0.461473,0.6419557,0.2429347,-0.07863894,0.6439713,0.08953401,0.01219491,1.127734,-0.01730505,0.02563279,0.9284313,-0.2462781,0.2121949,0.3991691,-0.740907,0,0,0,0,-0.7071068,0,0,0,0,0,-0.7071068,0,0,0,0,0,-0.7071068,0,0,0,0,0,-0.7071068,0,0,0,0,0,-0.7071068,0
42.77203,48,7,1,0.221649,0.5087101,-0.6066017,-0.1378547,-0.9589388,0.1669518,0.4612987,0.6421392,0.2428806,-0.07858752,0.6437862,0.09068912,0.0117054,1.128481,-0.01609493,0.02513835,0.9298586,-0.242938,0.2117054,0.4088506,-0.7478033,0,0,0,0,-0.7071068,0,0,0,0,0,-0.7071068,0,0,0,0,0,-0.7071068,0,0,0,0,0,-0.7071068,0,0,0,0,0,-0.7071068,0
42.78321,48,7,1,0.221806,0.5170021,-0.612385,-0.1363693,-0.9604242,0.1611607,0.4612125,0.6422632,0.2428266,-0.07864001,0.6436424,0.09125881,0.01128894,1.12874,-0.0153714,0.02487602,0.930597,-0.2410218,0.2112889,0.4136983,-0.7511465,0,0,0,0,-0.7071068,0,0,0,0,0,-0.7071068,0,0,0,0,0,-0.7071068,0,0,0,0,0,-0.7071068,0,0,0,0,0,-0.7071068,0
42.80522,48,7,1,0.221753,0.5339208,-0.6241143,-0.1344974,-0.9631691,0.1497087,0.4610226,0.6425087,0.242689,-0.07885876,0.643095,0.09244536,0.01063384,1.12956,-0.01399961,0.02451094,0.9320028,-0.2369587,0.2106338,0.4236341,-0.7576655,0,0,0,0,-0.7071068,0,0,0,0,0,-0.7071068,0,0,0,0,0,-0.7071068,0,0,0,0,0,-0.7071068,0,0,0,0,0,-0.7071068,0
42.81634,48,7,1,0.2214825,0.5422451,-0.6297224,-0.1337947,-0.9645195,0.143914,0.4609307,0.642652,0.2426973,-0.07893775,0.6427212,0.09316929,0.01041053,1.130092,-0.01336933,0.0243687,0.9327016,-0.2347472,0.2104105,0.4287523,-0.7609128,0,0,0,0,-0.7071068,0,0,0,0,0,-0.7071068,0,0,0,0,0,-0.7071068,0,0,0,0,0,-0.7071068,0,0,0,0,0,-0.7071068,0
42.82767,48,7,1,0.2208533,0.5507423,-0.6353378,-0.1330632,-0.9659568,0.1380338,0.460867,0.642745,0.2426848,-0.07905689,0.6421831,0.0936982,0.01023965,1.130716,-0.01275059,0.02437212,0.9333689,-0.2323,0.2102396,0.4340289,-0.7641675,0,0,0,0,-0.7071068,0,0,0,0,0,-0.7071068,0,0,0,0,0,-0.7071068,0,0,0,0,0,-0.7071068,0,0,0,0,0,-0.7071068,0
42.84974,49,7,1,0.2196047,0.5675416,-0.6461558,-0.1326619,-0.9683781,0.1261166,0.4607812,0.6429119,0.2428602,-0.07890908,0.6411571,0.09488211,0.00953139,1.13178,-0.01118841,0.0237615,0.9347237,-0.2272671,0.2095314,0.4445148,-0.7702635,0,0,0,0,-0.7071068,0,0,0,0,0,-0.7071068,0,0,0,0,0,-0.7071068,0,0,0,0,0,-0.7071068,0,0,0,0,0,-0.7071068,0
42.86087,49,7,1,0.2188766,0.575841,-0.6513715,-0.1335151,-0.9693296,0.1203168,0.4608118,0.6429121,0.242979,-0.07847746,0.6406507,0.09520154,0.009530077,1.132554,-0.01072599,0.02326972,0.9354352,-0.2245712,0.2095301,0.4500141,-0.7735519,0,0,0,0,-0.7071068,0,0,0,0,0,-0.7071068,0,0,0,0,0,-0.7071068,0,0,0,0,0,-0.7071068,0,0,0,0,0,-0.7071068,0
42.87207,49,7,1,0.2182456,0.5849917,-0.6576359,-0.1331685,-0.9703453,0.1151818,0.4608282,0.6429402,0.2431048,-0.0780751,0.6401509,0.09572767,0.009298081,1.133233,-0.01008474,0.02266425,0.9361383,-0.2219406,0.2092981,0.4554716,-0.7766432,0,0,0,0,-0.7071068,0,0,0,0,0,-0.7071068,0,0,0,0,0,-0.7071068,0,0,0,0,0,-0.7071068,0,0,0,0,0,-0.7071068,0
42.89409,49,7,1,0.2132538,0.5984122,-0.6659939,-0.1303166,-0.9727356,0.1051897,0.4609778,0.6428344,0.2434088,-0.07697321,0.6393463,0.09620462,0.00870128,1.134613,-0.00868727,0.02138819,0.9375846,-0.2164205,0.2087013,0.4664402,-0.7825579,0,0,0,0,-0.7071068,0,0,0,0,0,-0.7071068,0,0,0,0,0,-0.7071068,0,0,0,0,0,-0.7071068,0,0,0,0,0,-0.7071068,0
42.90526,49,7,1,0.212197,0.6066943,-0.6707885,-0.1286107,-0.9739532,0.09997613,0.4610151,0.64274,0.243352,-0.07640179,0.6390746,0.09653933,0.0083471,1.135256,-0.007919653,0.02075352,0.9382942,-0.213845,0.2083471,0.4719139,-0.785386,0,0,0,0,-0.7071068,0,0,0,0,0,-0.7071068,0,0,0,0,0,-0.7071068,0,0,0,0,0,-0.7071068,0,0,0,0,0,-0.7071068,0
42.9167,49,7,1,0.2110151,0.61493,-0.6752584,-0.1261181,-0.9752547,0.09490073,0.4610803,0.6426419,0.2435367,-0.07562722,0.6388589,0.09690741,0.008068066,1.135956,-0.007259304,0.01991701,0.9390392,-0.2112816,0.2080681,0.4775183,-0.7883177,0,0,0,0,-0.7071068,0,0,0,0,0,-0.7071068,0,0,0,0,0,-0.7071068,0,0,0,0,0,-0.7071068,0,0,0,0,0,-0.7071068,0
42.93842,49,7,1,0.208812,0.6310153,-0.683459,-0.1251456,-0.9768908,0.08469246,0.4611386,0.6424943,0.2439067,-0.07426423,0.6382878,0.0976661,0.007164357,1.137073,-0.005684658,0.01846664,0.9405953,-0.205919,0.2071644,0.4885407,-0.7938214,0,0,0,0,-0.7071068,0,0,0,0,0,-0.7071068,0,0,0,0,0,-0.7071068,0,0,0,0,0,-0.7071068,0,0,0,0,0,-0.7071068,0
42.94972,49,7,1,0.2077367,0.6392118,-0.6877453,-0.1250629,-0.9776001,0.07939003,0.4611847,0.6423556,0.2441377,-0.07356185,0.6380216,0.09804418,0.006836356,1.137704,-0.005156676,0.01799127,0.9413162,-0.2031919,0.2068364,0.4939898,-0.7966529,0,0,0,0,-0.7071068,0,0,0,0,0,-0.7071068,0,0,0,0,0,-0.7071068,0,0,0,0,0,-0.7071068,0,0,0,0,0,-0.7071068,0
42.96106,49,7,1,0.206697,0.6470408,-0.6914709,-0.1236335,-0.9784216,0.07439408,0.461175,0.6422766,0.2444195,-0.0730359,0.6377053,0.0984189,0.006170576,1.137963,-0.004273315,0.01756664,0.942044,-0.2005782,0.2061706,0.4993203,-0.7992482,0,0,0,0,-0.7071068,0,0,0,0,0,-0.7071068,0,0,0,0,0,-0.7071068,0,0,0,0,0,-0.7071068,0,0,0,0,0,-0.7071068,0
42.98303,49,7,1,0.2043563,0.662325,-0.6984439,-0.1191802,-0.9801242,0.0652033,0.4610987,0.6422124,0.2449459,-0.0721306,0.6371358,0.09921866,0.005294326,1.138798,-0.003027429,0.01622849,0.9433668,-0.1963663,0.2052943,0.5101531,-0.8046894,0,0,0,0,-0.7071068,0,0,0,0,0,-0.7071068,0,0,0,0,0,-0.7071068,0,0,0,0,0,-0.7071068,0,0,0,0,0,-0.7071068,0
42.99426,49,7,1,0.203188,0.6694658,-0.7015865,-0.1186744,-0.9806472,0.06122516,0.4610539,0.642177,0.2451989,-0.071641,0.6368994,0.09967521,0.00486493,1.139127,-0.002405002,0.01539265,0.9439877,-0.1949541,0.2048649,0.5155897,-0.8073981,0,0,0,0,-0.7071068,0,0,0,0,0,-0.7071068,0,0,0,0,0,-0.7071068,0,0,0,0,0,-0.7071068,0,0,0,0,0,-0.7071068,0
43.01636,49,7,1,0.2006504,0.6832124,-0.7072358,-0.1196733,-0.9813746,0.05399447,0.4610266,0.6420925,0.2454165,-0.07098661,0.6369266,0.1001075,0.004057814,1.139866,-0.001301215,0.01368033,0.9452598,-0.1921004,0.2040578,0.5265298,-0.8127792,0,0,0,0,-0.7071068,0,0,0,0,0,-0.7071068,0,0,0,0,0,-0.7071068,0,0,0,0,0,-0.7071068,0,0,0,0,0,-0.7071068,0
43.03841,49,7,1,0.197847,0.6961794,-0.7125964,-0.1172271,-0.9825267,0.04961424,0.4609894,0.6420257,0.245264,-0.07077762,0.6375505,0.09979187,0.003104782,1.140686,-0.0004076525,0.01251817,0.9464222,-0.1888549,0.2031048,0.5376298,-0.8181993,0,0,0,0,-0.7071068,0,0,0,0,0,-0.7071068,0,0,0,0,0,-0.7071068,0,0,0,0,0,-0.7071068,0,0,0,0,0,-0.7071068,0
43.04963,49,7,1,0.1962301,0.7028185,-0.7153456,-0.1153538,-0.9832398,0.04743212,0.4610387,0.6420753,0.2451576,-0.0707237,0.6380854,0.09954833,0.00257759,1.141149,1.889863E-05,0.01216339,0.946975,-0.1871106,0.2025776,0.5432338,-0.820849,0,0,0,0,-0.7071068,0,0,0,0,0,-0.7071068,0,0,0,0,0,-0.7071068,0,0,0,0,0,-0.7071068,0,0,0,0,0,-0.7071068,0
43.06081,49,7,1,0.1947599,0.709397,-0.718087,-0.1139046,-0.9838867,0.04511667,0.46099,0.6420308,0.2449611,-0.07084052,0.6386758,0.09908022,0.00202418,1.141613,0.0004283057,0.01171597,0.9475351,-0.1852869,0.2020242,0.5489606,-0.8235329,0,0,0,0,-0.7071068,0,0,0,0,0,-0.7071068,0,0,0,0,0,-0.7071068,0,0,0,0,0,-0.7071068,0,0,0,0,0,-0.7071068,0
43.07199,49,7,1,0.1934348,0.7164695,-0.7206976,-0.1142376,-0.984322,0.04183213,0.4609562,0.642033,0.2447585,-0.07141459,0.63914,0.0986097,0.001432752,1.142112,0.0007835159,0.01122481,0.9481065,-0.1834041,0.2014327,0.5547301,-0.826221,0,0,0,0,-0.7071068,0,0,0,0,0,-0.7071068,0,0,0,0,0,-0.7071068,0,0,0,0,0,-0.7071068,0,0,0,0,0,-0.7071068,0
43.08324,49,7,1,0.1924214,0.7234484,-0.7232137,-0.1159179,-0.9845552,0.03775003,0.4609175,0.6420941,0.2445726,-0.07214495,0.639533,0.09808481,0.0008128425,1.142626,0.001164008,0.01053446,0.9486712,-0.1815421,0.2008128,0.5605382,-0.8288426,0,0,0,0,-0.7071068,0,0,0,0,0,-0.7071068,0,0,0,0,0,-0.7071068,0,0,0,0,0,-0.7071068,0,0,0,0,0,-0.7071068,0
43.10537,49,7,1,0.190837,0.7384968,-0.7278738,-0.113919,-0.9857081,0.02657158,0.4610656,0.6422465,0.244231,-0.07317181,0.6400808,0.09745552,-0.0002485041,1.143815,0.002028728,0.009013362,0.9497644,-0.1777302,0.1997515,0.5723685,-0.8338483,0,0,0,0,-0.7071068,0,0,0,0,0,-0.7071068,0,0,0,0,0,-0.7071068,0,0,0,0,0,-0.7071068,0,0,0,0,0,-0.7071068,0
43.12745,49,7,1,0.1897849,0.7533172,-0.7324173,-0.1041026,-0.9873905,0.01739836,0.461169,0.6423351,0.2438312,-0.07419081,0.6406472,0.09688342,-0.001960013,1.144691,0.003175263,0.006560437,0.9508692,-0.1738655,0.19804,0.5838239,-0.8383269,0,0,0,0,-0.7071068,0,0,0,0,0,-0.7071068,0,0,0,0,0,-0.7071068,0,0,0,0,0,-0.7071068,0,0,0,0,0,-0.7071068,0
43.13869,49,7,1,0.1896406,0.7603494,-0.7343843,-0.1006235,-0.9878478,0.01351972,0.461295,0.6423243,0.2436852,-0.07433195,0.6409805,0.09647755,-0.002693107,1.145246,0.003549619,0.004980594,0.9515353,-0.1716297,0.1973069,0.5897546,-0.8407312,0,0,0,0,-0.7071068,0,0,0,0,0,-0.7071068,0,0,0,0,0,-0.7071068,0,0,0,0,0,-0.7071068,0,0,0,0,0,-0.7071068,0
43.16084,49,7,1,0.1893645,0.7739073,-0.7377782,-0.09939737,-0.9880672,0.00557182,0.4615068,0.6421436,0.2433473,-0.07447261,0.6416607,0.09578709,-0.004379393,1.146398,0.004423575,0.001704067,0.952937,-0.167021,0.1956206,0.6016653,-0.8452615,0,0,0,0,-0.7071068,0,0,0,0,0,-0.7071068,0,0,0,0,0,-0.7071068,0,0,0,0,0,-0.7071068,0,0,0,0,0,-0.7071068,0
43.18279,49,7,1,0.187947,0.7870114,-0.7409096,-0.09502119,-0.9886969,-0.001147762,0.4617576,0.6420311,0.243116,-0.07429513,0.64219,0.0952002,-0.005845073,1.147869,0.004957066,-0.001440473,0.9543297,-0.1620704,0.1941549,0.6140945,-0.8500213,0,0,0,0,-0.7071068,0,0,0,0,0,-0.7071068,0,0,0,0,0,-0.7071068,0,0,0,0,0,-0.7071068,0,0,0,0,0,-0.7071068,0
43.1943,49,7,1,0.1872491,0.7931496,-0.7422312,-0.09251179,-0.9891044,-0.004117031,0.4618779,0.6419088,0.2430758,-0.07396816,0.642362,0.09510008,-0.006641875,1.148556,0.005244629,-0.002829723,0.9550056,-0.1596379,0.1933581,0.6201333,-0.8522426,0,0,0,0,-0.7071068,0,0,0,0,0,-0.7071068,0,0,0,0,0,-0.7071068,0,0,0,0,0,-0.7071068,0,0,0,0,0,-0.7071068,0
43.21608,49,7,1,0.1861397,0.8052285,-0.7445901,-0.09149098,-0.9894654,-0.01058478,0.4620123,0.6418586,0.2430384,-0.07348391,0.6424856,0.09498561,-0.00833955,1.149869,0.005842612,0.005534358,-0.956383,0.1546987,0.1916604,0.6326402,-0.8567343,0,0,0,0,-0.7071068,0,0,0,0,0,-0.7071068,0,0,0,0,0,-0.7071068,0,0,0,0,0,-0.7071068,0,0,0,0,0,-0.7071068,0
43.22741,49,7,1,0.185641,0.8114456,-0.7456089,-0.09008789,-0.9896296,-0.0139032,0.4620657,0.6419029,0.2429915,-0.0734368,0.6424683,0.09487326,-0.00918395,1.150575,0.006147783,0.006842591,-0.9570743,0.1523128,0.1908161,0.6386731,-0.8587769,0,0,0,0,-0.7071068,0,0,0,0,0,-0.7071068,0,0,0,0,0,-0.7071068,0,0,0,0,0,-0.7071068,0,0,0,0,0,-0.7071068,0
43.24964,49,7,1,0.1849447,0.823042,-0.7477174,-0.08543825,-0.9900941,-0.01929866,0.4620942,0.6419239,0.2429413,-0.07308581,0.6424317,0.09486502,-0.01085448,1.15182,0.006744183,0.00961706,-0.9585522,0.1476195,0.1891455,0.6510567,-0.8629374,0,0,0,0,-0.7071068,0,0,0,0,0,-0.7071068,0,0,0,0,0,-0.7071068,0,0,0,0,0,-0.7071068,0,0,0,0,0,-0.7071068,0
43.2608,49,7,1,0.1846708,0.8284081,-0.7486621,-0.08298551,-0.9903309,-0.02136841,0.4620649,0.6419138,0.2429722,-0.07302669,0.6422945,0.09470166,-0.01169454,1.152388,0.007045725,0.0111011,-0.9592915,0.1452054,0.1883055,0.657317,-0.8649882,0,0,0,0,-0.7071068,0,0,0,0,0,-0.7071068,0,0,0,0,0,-0.7071068,0,0,0,0,0,-0.7071068,0,0,0,0,0,-0.7071068,0
43.28289,50,7,1,0.18427,0.8389897,-0.750343,-0.08093922,-0.9904985,-0.02641558,0.4619472,0.6419443,0.24307,-0.07294495,0.6419141,0.0948993,-0.01333408,1.153518,0.007724063,0.01368373,-0.9607344,0.1403798,0.1866659,0.6696294,-0.8687793,0,0,0,0,-0.7071068,0,0,0,0,0,-0.7071068,0,0,0,0,0,-0.7071068,0,0,0,0,0,-0.7071068,0,0,0,0,0,-0.7071068,0
43.29403,50,7,1,0.1842359,0.8440835,-0.7509745,-0.08119179,-0.9903744,-0.02908636,0.4618492,0.6419909,0.2431887,-0.07295839,0.6416276,0.09522209,-0.01412249,1.154072,0.008066833,0.01462036,-0.9614449,0.1378892,0.1858775,0.6758278,-0.8706172,0,0,0,0,-0.7071068,0,0,0,0,0,-0.7071068,0,0,0,0,0,-0.7071068,0,0,0,0,0,-0.7071068,0,0,0,0,0,-0.7071068,0
43.31612,50,7,1,0.1839826,0.8543801,-0.7522346,-0.07821396,-0.9904729,-0.03515514,0.4616535,0.6421254,0.2434414,-0.07287149,0.6407976,0.09593213,-0.0154276,1.155288,0.008794514,0.01603256,-0.9627113,0.1328131,0.1845724,0.6883388,-0.8741024,0,0,0,0,-0.7071068,0,0,0,0,0,-0.7071068,0,0,0,0,0,-0.7071068,0,0,0,0,0,-0.7071068,0,0,0,0,0,-0.7071068,0
43.32754,50,7,1,0.1837057,0.8594842,-0.7527152,-0.07573406,-0.9906434,-0.03818737,0.4616103,0.6420645,0.2435709,-0.07277312,0.6403963,0.096182,-0.0163029,1.155694,0.009449735,0.01673394,-0.9632821,0.1302615,0.1836971,0.6944239,-0.875491,0,0,0,0,-0.7071068,0,0,0,0,0,-0.7071068,0,0,0,0,0,-0.7071068,0,0,0,0,0,-0.7071068,0,0,0,0,0,-0.7071068,0
43.34966,50,7,1,0.1831762,0.8687315,-0.753769,-0.07433476,-0.9907162,-0.04327656,0.4614713,0.6421299,0.243922,-0.07249982,0.6393586,0.09683869,-0.01793081,1.15661,0.01050892,0.0180632,-0.9643756,0.125107,0.1820692,0.7067321,-0.8783827,0,0,0,0,-0.7071068,0,0,0,0,0,-0.7071068,0,0,0,0,0,-0.7071068,0,0,0,0,0,-0.7071068,0,0,0,0,0,-0.7071068,0
43.37179,50,7,1,0.1828222,0.8774563,-0.7545553,-0.073064,-0.99069,-0.04749675,0.461426,0.6421422,0.2441396,-0.07209168,0.6386887,0.09712175,-0.0193231,1.157784,0.01139799,0.01958977,-0.9653918,0.1200047,0.1806769,0.7194423,-0.8812953,0,0,0,0,-0.7071068,0,0,0,0,0,-0.7071068,0,0,0,0,0,-0.7071068,0,0,0,0,0,-0.7071068,0,0,0,0,0,-0.7071068,0
43.38295,50,7,1,0.182727,0.8818253,-0.7549342,-0.07169516,-0.9906868,-0.04963587,0.4614241,0.6421243,0.2442524,-0.07185809,0.6384251,0.09718114,-0.01999009,1.158362,0.01184812,0.02054821,-0.9658698,0.1174427,0.1800099,0.7258289,-0.8826842,0,0,0,0,-0.7071068,0,0,0,0,0,-0.7071068,0,0,0,0,0,-0.7071068,0,0,0,0,0,-0.7071068,0,0,0,0,0,-0.7071068,0
43.4049,50,7,1,0.1823199,0.8899293,-0.7552403,-0.06806672,-0.9906578,-0.05417964,0.4614923,0.6420532,0.244382,-0.07135841,0.6382434,0.09720679,-0.02250956,1.158759,0.01367369,0.02237552,-0.9667299,0.1122779,0.1774904,0.7377268,-0.8843536,0,0,0,0,-0.7071068,0,0,0,0,0,-0.7071068,0,0,0,0,0,-0.7071068,0,0,0,0,0,-0.7071068,0,0,0,0,0,-0.7071068,0
43.41603,50,7,1,0.1823417,0.8938733,-0.7555228,-0.06790502,-0.9905021,-0.05603214,0.4615488,0.6419909,0.2444484,-0.07104811,0.6381866,0.09713006,-0.02313585,1.159354,0.01417123,0.02324859,-0.9671463,0.109713,0.1768641,0.7440814,-0.8855338,0,0,0,0,-0.7071068,0,0,0,0,0,-0.7071068,0,0,0,0,0,-0.7071068,0,0,0,0,0,-0.7071068,0,0,0,0,0,-0.7071068,0
43.42752,50,7,1,0.1821693,0.8978616,-0.755762,-0.06782125,-0.9903779,-0.05804799,0.4615847,0.641965,0.2445235,-0.07084645,0.6380663,0.0971514,-0.02376999,1.159897,0.01482598,0.024129,-0.9675158,0.1070403,0.17623,0.7504564,-0.8865293,0,0,0,0,-0.7071068,0,0,0,0,0,-0.7071068,0,0,0,0,0,-0.7071068,0,0,0,0,0,-0.7071068,0,0,0,0,0,-0.7071068,0
43.44933,50,7,1,0.1814332,0.9058825,-0.7564863,-0.06698221,-0.9903454,-0.06227815,0.4617594,0.6418573,0.2446644,-0.07035027,0.6379087,0.0970315,-0.02495827,1.161111,0.01583716,0.02556676,-0.9682413,0.101734,0.1750417,0.7634265,-0.8886963,0,0,0,0,-0.7071068,0,0,0,0,0,-0.7071068,0,0,0,0,0,-0.7071068,0,0,0,0,0,-0.7071068,0,0,0,0,0,-0.7071068,0
43.46084,50,7,1,0.1808823,0.9099567,-0.7569078,-0.06500652,-0.9904585,-0.06460165,0.4618187,0.6418183,0.2447204,-0.07007688,0.6378943,0.09701157,-0.02551923,1.161709,0.01634212,0.02615211,-0.9686133,0.09898058,0.1744808,0.7697805,-0.8896762,0,0,0,0,-0.7071068,0,0,0,0,0,-0.7071068,0,0,0,0,0,-0.7071068,0,0,0,0,0,-0.7071068,0,0,0,0,0,-0.7071068,0
43.48277,50,7,1,0.1798493,0.9178278,-0.7573889,-0.06317396,-0.9905375,-0.06801695,0.4618851,0.6415859,0.2448924,-0.06966586,0.6377772,0.09704664,-0.02661865,1.162853,0.0174116,0.02760122,-0.9693019,0.093753,0.1733814,0.7828193,-0.891527,0,0,0,0,-0.7071068,0,0,0,0,0,-0.7071068,0,0,0,0,0,-0.7071068,0,0,0,0,0,-0.7071068,0,0,0,0,0,-0.7071068,0
43.49498,50,7,1,0.1794045,0.9216861,-0.7576929,-0.06347582,-0.9904538,-0.06993749,0.461921,0.6415677,0.2447432,-0.0695767,0.6379767,0.09673837,-0.0271529,1.163379,0.01792591,0.02828116,-0.9696315,0.09111358,0.1728471,0.7891412,-0.8923643,0,0,0,0,-0.7071068,0,0,0,0,0,-0.7071068,0,0,0,0,0,-0.7071068,0,0,0,0,0,-0.7071068,0,0,0,0,0,-0.7071068,0
43.51595,50,7,1,0.1786279,0.9294109,-0.7580854,-0.0618618,-0.9903468,-0.07441488,0.4620726,0.6415137,0.2446027,-0.06924522,0.6383868,0.09654425,-0.02794437,1.16444,0.01912865,0.02945945,-0.9702218,0.08622397,0.1720556,0.8019891,-0.8937669,0,0,0,0,-0.7071068,0,0,0,0,0,-0.7071068,0,0,0,0,0,-0.7071068,0,0,0,0,0,-0.7071068,0,0,0,0,0,-0.7071068,0
43.5278,50,7,1,0.1780288,0.9330366,-0.7582334,-0.06025851,-0.9903417,-0.07590495,0.4620894,0.6415236,0.2444559,-0.06936044,0.6387594,0.09647325,-0.02844991,1.164963,0.01972028,0.03006023,-0.9705371,0.08384001,0.1715501,0.8083762,-0.8944005,0,0,0,0,-0.7071068,0,0,0,0,0,-0.7071068,0,0,0,0,0,-0.7071068,0,0,0,0,0,-0.7071068,0,0,0,0,0,-0.7071068,0
43.54935,50,7,1,0.177019,0.9404719,-0.758617,-0.05864309,-0.9902532,-0.0791509,0.4621227,0.6415656,0.2442659,-0.06971449,0.6392447,0.09611049,-0.02931337,1.166002,0.02082205,0.03024228,-0.971154,0.07923211,0.1706866,0.8212591,-0.8956305,0,0,0,0,-0.7071068,0,0,0,0,0,-0.7071068,0,0,0,0,0,-0.7071068,0,0,0,0,0,-0.7071068,0,0,0,0,0,-0.7071068,0
43.5606,50,7,1,0.1763466,0.9444075,-0.7588381,-0.05704246,-0.990276,-0.08106614,0.4621285,0.6415827,0.2441652,-0.06998738,0.6394087,0.09595079,-0.02974205,1.16642,0.02138298,0.03092875,-0.9714913,0.07651366,0.170258,0.8276816,-0.8961791,0,0,0,0,-0.7071068,0,0,0,0,0,-0.7071068,0,0,0,0,0,-0.7071068,0,0,0,0,0,-0.7071068,0,0,0,0,0,-0.7071068,0
43.58269,50,7,1,0.1748189,0.9523762,-0.7593521,-0.0522989,-0.9902993,-0.08524001,0.4620182,0.6416233,0.2441889,-0.07041819,0.6396212,0.09582995,-0.03057598,1.167337,0.02249193,0.03123489,-0.972049,0.07172893,0.169424,0.8405488,-0.8971344,0,0,0,0,-0.7071068,0,0,0,0,0,-0.7071068,0,0,0,0,0,-0.7071068,0,0,0,0,0,-0.7071068,0,0,0,0,0,-0.7071068,0
43.59449,50,7,1,0.1741959,0.9563708,-0.7595812,-0.05190629,-0.9901098,-0.08755626,0.4619692,0.6416022,0.2441672,-0.07054289,0.6397519,0.09567278,-0.03095166,1.167758,0.02306332,0.03138319,-0.9723142,0.06935523,0.1690483,0.846915,-0.8975189,0,0,0,0,-0.7071068,0,0,0,0,0,-0.7071068,0,0,0,0,0,-0.7071068,0,0,0,0,0,-0.7071068,0,0,0,0,0,-0.7071068,0
43.61613,50,7,1,0.1727549,0.9644346,-0.7598599,-0.05526079,-0.9895648,-0.09261252,0.4619297,0.6416564,0.2441693,-0.07075687,0.6397393,0.0956227,-0.03162413,1.1686,0.0242671,0.03113532,-0.972733,0.06445661,0.1683759,0.85969,-0.8980919,0,0,0,0,-0.7071068,0,0,0,0,0,-0.7071068,0,0,0,0,0,-0.7071068,0,0,0,0,0,-0.7071068,0,0,0,0,0,-0.7071068,0
43.63821,50,7,1,0.1702389,0.9726794,-0.7602147,-0.05182505,-0.9895986,-0.09721847,0.4618507,0.6417754,0.2441984,-0.07081556,0.6398041,0.09564719,-0.03213713,1.169534,0.02548936,0.03087622,-0.973066,0.05951239,0.1678629,0.8726218,-0.8984667,0,0,0,0,-0.7071068,0,0,0,0,0,-0.7071068,0,0,0,0,0,-0.7071068,0,0,0,0,0,-0.7071068,0,0,0,0,0,-0.7071068,0
43.66053,50,7,1,0.1678212,0.9811047,-0.7607895,-0.04786694,-0.9895785,-0.1014547,0.4618922,0.6416965,0.2441814,-0.07067621,0.6398395,0.09557855,-0.03240887,1.170511,0.02669536,0.03053425,-0.9733273,0.05495093,0.1675911,0.8855933,-0.8986683,0,0,0,0,-0.7071068,0,0,0,0,0,-0.7071068,0,0,0,0,0,-0.7071068,0,0,0,0,0,-0.7071068,0,0,0,0,0,-0.7071068,0
43.68254,50,7,1,0.1654624,0.9894509,-0.7612809,-0.04712555,-0.9893686,-0.1056824,0.4620221,0.6416413,0.2442428,-0.0701568,0.6397573,0.09578343,-0.0328487,1.17137,0.0279066,0.03056236,-0.9735439,0.05058303,0.1671513,0.8984566,-0.8986779,0,0,0,0,-0.7071068,0,0,0,0,0,-0.7071068,0,0,0,0,0,-0.7071068,0,0,0,0,0,-0.7071068,0,0,0,0,0,-0.7071068,0
43.69437,50,7,1,0.1641895,0.9936786,-0.7613379,-0.04699311,-0.9891708,-0.1081273,0.4620543,0.6416237,0.2442479,-0.06988678,0.6396227,0.09596587,-0.03305051,1.171775,0.02851341,0.03059945,-0.9736413,0.04843542,0.1669495,0.9048675,-0.8986117,0,0,0,0,-0.7071068,0,0,0,0,0,-0.7071068,0,0,0,0,0,-0.7071068,0,0,0,0,0,-0.7071068,0,0,0,0,0,-0.7071068,0
43.71595,51,7,1,0.1620646,1.002432,-0.7615033,-0.04677076,-0.988655,-0.1134576,0.4620807,0.6416494,0.2443167,-0.06948826,0.6393567,0.09624646,-0.03355987,1.172607,0.0297877,0.03039963,-0.973761,0.04405766,0.1664401,0.9180259,-0.8983003,0,0,0,0,-0.7071068,0,0,0,0,0,-0.7071068,0,0,0,0,0,-0.7071068,0,0,0,0,0,-0.7071068,0,0,0,0,0,-0.7071068,0
43.7276,51,7,1,0.1609088,1.006554,-0.7615379,-0.04604858,-0.9885033,-0.1156207,0.4620967,0.6416035,0.2443784,-0.06924798,0.6392249,0.09635749,-0.03358416,1.17303,0.03039864,0.03025999,-0.9738303,0.04189296,0.1664158,0.9242547,-0.8980748,0,0,0,0,-0.7071068,0,0,0,0,0,-0.7071068,0,0,0,0,0,-0.7071068,0,0,0,0,0,-0.7071068,0,0,0,0,0,-0.7071068,0
43.74926,51,7,1,0.1583418,1.01523,-0.7617773,-0.04413022,-0.9883221,-0.1190809,0.462129,0.641657,0.2445243,-0.06915227,0.6388245,0.09671368,-0.03401001,1.173862,0.03163862,0.02945802,-0.9739809,0.03730136,0.16599,0.9372172,-0.8975,0,0,0,0,-0.7071068,0,0,0,0,0,-0.7071068,0,0,0,0,0,-0.7071068,0,0,0,0,0,-0.7071068,0,0,0,0,0,-0.7071068,0
43.7605,51,7,1,0.1570103,1.019746,-0.761829,-0.04299809,-0.9882549,-0.1211222,0.4621382,0.6417007,0.2445937,-0.0691044,0.6386482,0.09693161,-0.03419919,1.174413,0.0322961,0.02852466,-0.9740275,0.035409,0.1658008,0.9437434,-0.8971007,0,0,0,0,-0.7071068,0,0,0,0,0,-0.7071068,0,0,0,0,0,-0.7071068,0,0,0,0,0,-0.7071068,0,0,0,0,0,-0.7071068,0
43.78265,51,7,1,0.1543101,1.029105,-0.7617303,-0.04029516,-0.9878361,-0.1272844,0.4621839,0.641735,0.2445752,-0.06906091,0.6384614,0.09719806,-0.03448194,1.175133,0.03332595,0.02788131,-0.9741627,0.03042062,0.1655181,0.9565505,-0.8964527,0,0,0,0,-0.7071068,0,0,0,0,0,-0.7071068,0,0,0,0,0,-0.7071068,0,0,0,0,0,-0.7071068,0,0,0,0,0,-0.7071068,0
43.79382,51,7,1,0.1531431,1.033742,-0.7615937,-0.04020639,-0.9875346,-0.1303139,0.4621991,0.6417533,0.2445496,-0.06894489,0.6384833,0.09726048,-0.03467354,1.175532,0.03389843,0.02740455,-0.9742176,0.02824569,0.1653265,0.9630297,-0.8960013,0,0,0,0,-0.7071068,0,0,0,0,0,-0.7071068,0,0,0,0,0,-0.7071068,0,0,0,0,0,-0.7071068,0,0,0,0,0,-0.7071068,0
43.81614,51,7,1,0.1510047,1.042973,-0.7612695,-0.04111248,-0.9869007,-0.1357401,0.4621713,0.6417227,0.2444439,-0.06895082,0.6384958,0.09728323,-0.03509094,1.176439,0.03505579,0.02672028,-0.9743111,0.02372534,0.1649091,0.9759682,-0.8949441,0,0,0,0,-0.7071068,0,0,0,0,0,-0.7071068,0,0,0,0,0,-0.7071068,0,0,0,0,0,-0.7071068,0,0,0,0,0,-0.7071068,0
43.83818,51,7,1,0.1490116,1.052025,-0.7608312,-0.04038065,-0.9863939,-0.1401571,0.4621773,0.6416961,0.2444502,-0.06885235,0.6384057,0.09737086,-0.03556414,1.177307,0.03623866,0.02616335,-0.9744744,0.0187407,0.1644359,0.9889798,-0.893674,0,0,0,0,-0.7071068,0,0,0,0,0,-0.7071068,0,0,0,0,0,-0.7071068,0,0,0,0,0,-0.7071068,0,0,0,0,0,-0.7071068,0
43.86054,51,7,1,0.1470254,1.061235,-0.7602915,-0.03772948,-0.9858367,-0.1453185,0.462152,0.6416253,0.2443649,-0.06868598,0.6382846,0.09743814,-0.03615322,1.178172,0.03752592,0.02601678,-0.9746687,0.01381924,0.1638468,1.001901,-0.892113,0,0,0,0,-0.7071068,0,0,0,0,0,-0.7071068,0,0,0,0,0,-0.7071068,0,0,0,0,0,-0.7071068,0,0,0,0,0,-0.7071068,0
43.88262,51,7,1,0.1449701,1.07065,-0.7594739,-0.03526076,-0.9852239,-0.1507704,0.4622052,0.6416246,0.2443427,-0.06889,0.6381755,0.09736197,-0.03676867,1.179022,0.03881155,0.02619907,-0.9749198,0.008787134,0.1632313,1.014885,-0.8903636,0,0,0,0,-0.7071068,0,0,0,0,0,-0.7071068,0,0,0,0,0,-0.7071068,0,0,0,0,0,-0.7071068,0,0,0,0,0,-0.7071068,0
43.89393,51,7,1,0.143953,1.07534,-0.7590839,-0.0340273,-0.984924,-0.1533737,0.4622176,0.6416203,0.2442901,-0.06896029,0.6381985,0.09724955,-0.03713048,1.179487,0.03942659,0.02624404,-0.9751026,0.006179404,0.1628695,1.021371,-0.889448,0,0,0,0,-0.7071068,0,0,0,0,0,-0.7071068,0,0,0,0,0,-0.7071068,0,0,0,0,0,-0.7071068,0,0,0,0,0,-0.7071068,0
43.91584,51,7,1,0.1420559,1.084748,-0.7583045,-0.03206168,-0.9843144,-0.158328,0.4622631,0.6417047,0.2442418,-0.06905599,0.6383119,0.09711306,-0.03807631,1.1805,0.04074777,0.0273038,-0.9757618,0.0001638886,0.1619237,1.034385,-0.8873887,0,0,0,0,-0.7071068,0,0,0,0,0,-0.7071068,0,0,0,0,0,-0.7071068,0,0,0,0,0,-0.7071068,0,0,0,0,0,-0.7071068,0
43.92776,51,7,1,0.1412289,1.089394,-0.7578729,-0.03216868,-0.9839211,-0.1609396,0.4622872,0.6417422,0.2442217,-0.06907906,0.6383249,0.0970377,-0.03872197,1.181041,0.04146852,0.02836338,-0.9762753,-0.003127833,0.161278,1.040963,-0.8862263,0,0,0,0,-0.7071068,0,0,0,0,0,-0.7071068,0,0,0,0,0,-0.7071068,0,0,0,0,0,-0.7071068,0,0,0,0,0,-0.7071068,0
43.94918,51,7,1,0.1395301,1.098858,-0.7566224,-0.03192288,-0.9830196,-0.1670573,0.4623075,0.6416923,0.2441157,-0.06916936,0.6384465,0.09663763,-0.04012646,1.182294,0.0428845,0.03040956,-0.9775299,-0.01034638,0.1598735,1.054295,-0.8837852,0,0,0,0,-0.7071068,0,0,0,0,0,-0.7071068,0,0,0,0,0,-0.7071068,0,0,0,0,0,-0.7071068,0,0,0,0,0,-0.7071068,0
43.96038,51,7,1,0.1386403,1.103527,-0.7559549,-0.03058825,-0.9826603,-0.1695345,0.4623177,0.6416771,0.2440784,-0.06911403,0.6385394,0.0966029,-0.04083288,1.182962,0.04362188,0.03076909,-0.9781395,-0.01432779,0.1591671,1.060964,-0.8824681,0,0,0,0,-0.7071068,0,0,0,0,0,-0.7071068,0,0,0,0,0,-0.7071068,0,0,0,0,0,-0.7071068,0,0,0,0,0,-0.7071068,0
43.97154,51,7,1,0.1379255,1.108017,-0.7554063,-0.02957021,-0.9822961,-0.1718031,0.4623047,0.6417036,0.2441524,-0.0690534,0.6385809,0.09668771,-0.04155149,1.183604,0.04435337,0.03081694,-0.9785953,-0.01839602,0.1584485,1.067666,-0.8811038,0,0,0,0,-0.7071068,0,0,0,0,0,-0.7071068,0,0,0,0,0,-0.7071068,0,0,0,0,0,-0.7071068,0,0,0,0,0,-0.7071068,0
43.99397,51,7,1,0.1361299,1.116673,-0.7540578,-0.02958614,-0.981499,-0.1765061,0.4623019,0.6416932,0.2442336,-0.06885937,0.638485,0.09693766,-0.04298906,1.184855,0.04595387,0.0297333,-0.9792966,-0.02637709,0.1570109,1.080923,-0.8781074,0,0,0,0,-0.7071068,0,0,0,0,0,-0.7071068,0,0,0,0,0,-0.7071068,0,0,0,0,0,-0.7071068,0,0,0,0,0,-0.7071068,0
44.01601,51,7,1,0.1343614,1.125642,-0.7524849,-0.0292704,-0.9805718,-0.1819246,0.4622782,0.6417404,0.2444297,-0.06849879,0.6381076,0.09727064,-0.04433276,1.18591,0.04773071,0.0286638,-0.9797324,-0.03328557,0.1556672,1.093925,-0.874754,0,0,0,0,-0.7071068,0,0,0,0,0,-0.7071068,0,0,0,0,0,-0.7071068,0,0,0,0,0,-0.7071068,0,0,0,0,0,-0.7071068,0
44.03799,51,7,1,0.1323447,1.134738,-0.7509004,-0.02645858,-0.9797536,-0.1873939,0.4623083,0.6416186,0.2445354,-0.06817865,0.6377997,0.09758772,-0.04552899,1.18688,0.04949111,0.02909185,-0.9799051,-0.0392825,0.154471,1.106845,-0.8712283,0,0,0,0,-0.7071068,0,0,0,0,0,-0.7071068,0,0,0,0,0,-0.7071068,0,0,0,0,0,-0.7071068,0,0,0,0,0,-0.7071068,0
44.04935,51,7,1,0.1314174,1.139162,-0.7501203,-0.0263847,-0.9793599,-0.1897883,0.4623014,0.6416496,0.2445928,-0.06805157,0.6377151,0.09780369,-0.04611678,1.187295,0.0503489,0.02971495,-0.9799402,-0.04208107,0.1538832,1.113207,-0.8694212,0,0,0,0,-0.7071068,0,0,0,0,0,-0.7071068,0,0,0,0,0,-0.7071068,0,0,0,0,0,-0.7071068,0,0,0,0,0,-0.7071068,0
44.06054,51,7,1,0.1306033,1.143559,-0.7493055,-0.02726634,-0.9788956,-0.1922978,0.4623084,0.6416556,0.2445985,-0.06790721,0.6376924,0.09799205,-0.04667694,1.187696,0.05118915,0.03043387,-0.9799192,-0.04473137,0.1533231,1.119708,-0.8675584,0,0,0,0,-0.7071068,0,0,0,0,0,-0.7071068,0,0,0,0,0,-0.7071068,0,0,0,0,0,-0.7071068,0,0,0,0,0,-0.7071068,0
44.08246,51,7,1,0.1290762,1.152541,-0.7471138,-0.02980164,-0.9776428,-0.1983906,0.4623115,0.6416177,0.2445817,-0.06782132,0.6376222,0.09814493,-0.04774889,1.188458,0.05290738,0.03158693,-0.9798131,-0.05019943,0.1522511,1.132236,-0.8637267,0,0,0,0,-0.7071068,0,0,0,0,0,-0.7071068,0,0,0,0,0,-0.7071068,0,0,0,0,0,-0.7071068,0,0,0,0,0,-0.7071068,0
44.09392,51,7,1,0.1283489,1.157045,-0.7460635,-0.02966652,-0.9770163,-0.2015541,0.4623779,0.6415967,0.2445311,-0.06774504,0.6376746,0.09811775,-0.04826821,1.188846,0.05374105,0.03203649,-0.9797181,-0.05268381,0.1517318,1.138581,-0.8617519,0,0,0,0,-0.7071068,0,0,0,0,0,-0.7071068,0,0,0,0,0,-0.7071068,0,0,0,0,0,-0.7071068,0,0,0,0,0,-0.7071068,0
44.11594,51,7,1,0.1269381,1.166069,-0.7438293,-0.03044622,-0.9758226,-0.2073215,0.4624232,0.6416028,0.2445237,-0.06752337,0.637728,0.09831849,-0.0492782,1.189599,0.05538609,0.03269909,-0.9794641,-0.05726861,0.1507218,1.151305,-0.8576678,0,0,0,0,-0.7071068,0,0,0,0,0,-0.7071068,0,0,0,0,0,-0.7071068,0,0,0,0,0,-0.7071068,0,0,0,0,0,-0.7071068,0
44.12714,51,7,1,0.1263192,1.170495,-0.742786,-0.03209464,-0.975273,-0.2098413,0.4623938,0.6416606,0.2445186,-0.06744867,0.6377796,0.09849631,-0.04968614,1.189899,0.05617183,0.03334378,-0.9792724,-0.05937427,0.1503139,1.157476,-0.8556142,0,0,0,0,-0.7071068,0,0,0,0,0,-0.7071068,0,0,0,0,0,-0.7071068,0,0,0,0,0,-0.7071068,0,0,0,0,0,-0.7071068,0
44.14906,51,7,1,0.1248132,1.179586,-0.7404848,-0.03270299,-0.9742451,-0.2149467,0.4623869,0.6416855,0.2445296,-0.0674192,0.6377792,0.09881431,-0.05053273,1.190576,0.05774391,0.03422638,-0.9788615,-0.06330527,0.1494673,1.169836,-0.8513778,0,0,0,0,-0.7071068,0,0,0,0,0,-0.7071068,0,0,0,0,0,-0.7071068,0,0,0,0,0,-0.7071068,0,0,0,0,0,-0.7071068,0
44.16026,51,7,1,0.1242955,1.184559,-0.7398191,-0.03231516,-0.9739959,-0.2157664,0.4624056,0.6416999,0.2445175,-0.06726547,0.6377453,0.09886825,-0.05089527,1.190936,0.05844278,0.03476636,-0.9785839,-0.06531698,0.1491047,1.17607,-0.8492678,0,0,0,0,-0.7071068,0,0,0,0,0,-0.7071068,0,0,0,0,0,-0.7071068,0,0,0,0,0,-0.7071068,0,0,0,0,0,-0.7071068,0
44.18251,52,7,1,0.1231019,1.195089,-0.7384785,-0.03918526,-0.9734289,-0.2170838,0.4624365,0.6417077,0.244596,-0.06674105,0.6378074,0.09899673,-0.05152392,1.19192,0.05989332,0.03559592,-0.9779041,-0.06955954,0.1484761,1.188755,-0.8448621,0,0,0,0,-0.7071068,0,0,0,0,0,-0.7071068,0,0,0,0,0,-0.7071068,0,0,0,0,0,-0.7071068,0,0,0,0,0,-0.7071068,0
44.1941,52,7,1,0.1221898,1.201416,-0.7376164,-0.04558459,-0.9729538,-0.2187304,0.4624286,0.6416355,0.2445804,-0.06654716,0.6377118,0.09903483,-0.05178936,1.192473,0.06049537,0.0363254,-0.9774209,-0.07206358,0.1482106,1.195239,-0.8426884,0,0,0,0,-0.7071068,0,0,0,0,0,-0.7071068,0,0,0,0,0,-0.7071068,0,0,0,0,0,-0.7071068,0,0,0,0,0,-0.7071068,0
44.21572,52,7,1,0.1196852,1.215984,-0.7346619,-0.05310793,-0.9706795,-0.2288017,0.4625297,0.6414964,0.2445384,-0.06652079,0.6378137,0.09847151,-0.05220379,1.193519,0.06162835,0.03921644,-0.976331,-0.07741988,0.1477962,1.208043,-0.8382913,0,0,0,0,-0.7071068,0,0,0,0,0,-0.7071068,0,0,0,0,0,-0.7071068,0,0,0,0,0,-0.7071068,0,0,0,0,0,-0.7071068,0
44.22692,52,7,1,0.1183491,1.22333,-0.7328008,-0.0505742,-0.9694505,-0.2349639,0.4626009,0.6413269,0.2445637,-0.06656975,0.6380205,0.09800422,-0.05246653,1.194046,0.06217609,0.04053886,-0.9758102,-0.07966703,0.1475335,1.214211,-0.8361067,0,0,0,0,-0.7071068,0,0,0,0,0,-0.7071068,0,0,0,0,0,-0.7071068,0,0,0,0,0,-0.7071068,0,0,0,0,0,-0.7071068,0
44.24925,52,7,1,0.115332,1.239878,-0.7278891,-0.03474734,-0.965613,-0.2530619,0.4626324,0.6412209,0.244405,-0.06667292,0.6387349,0.09740557,-0.05293713,1.194786,0.06319819,0.04266627,-0.9749049,-0.08342054,0.1470629,1.226545,-0.8315754,0,0,0,0,-0.7071068,0,0,0,0,0,-0.7071068,0,0,0,0,0,-0.7071068,0,0,0,0,0,-0.7071068,0,0,0,0,0,-0.7071068,0
44.2604,52,7,1,0.1143392,1.247571,-0.7256032,-0.03177663,-0.9638828,-0.2599212,0.4626419,0.6412568,0.2443517,-0.06678978,0.6389981,0.09721395,-0.05320124,1.195094,0.06374194,0.04337361,-0.9744951,-0.08509986,0.1467988,1.232705,-0.8291852,0,0,0,0,-0.7071068,0,0,0,0,0,-0.7071068,0,0,0,0,0,-0.7071068,0,0,0,0,0,-0.7071068,0,0,0,0,0,-0.7071068,0
44.28257,52,7,1,0.1125859,1.261313,-0.721433,-0.03033139,-0.9621111,-0.266644,0.4627452,0.641332,0.244345,-0.06700063,0.6392377,0.09698921,-0.05370965,1.195525,0.06469246,0.04416797,-0.9737302,-0.08807809,0.1462904,1.244552,-0.8244864,0,0,0,0,-0.7071068,0,0,0,0,0,-0.7071068,0,0,0,0,0,-0.7071068,0,0,0,0,0,-0.7071068,0,0,0,0,0,-0.7071068,0
44.30465,52,7,1,0.1108793,1.2743,-0.717547,-0.02909086,-0.9612632,-0.2697989,0.4627558,0.6412923,0.2443815,-0.06713416,0.6391889,0.09670995,-0.05422221,1.195932,0.06575608,0.04530715,-0.9729947,-0.09086897,0.1457778,1.256417,-0.8194636,0,0,0,0,-0.7071068,0,0,0,0,0,-0.7071068,0,0,0,0,0,-0.7071068,0,0,0,0,0,-0.7071068,0,0,0,0,0,-0.7071068,0
44.32761,52,7,1,0.108091,1.287707,-0.7125283,-0.02286422,-0.9592367,-0.27784,0.4625489,0.6413629,0.2442392,-0.06805967,0.6394171,0.09638314,-0.054715,1.196331,0.06682567,0.04710342,-0.9724302,-0.09315249,0.145285,1.26814,-0.8142827,0,0,0,0,-0.7071068,0,0,0,0,0,-0.7071068,0,0,0,0,0,-0.7071068,0,0,0,0,0,-0.7071068,0,0,0,0,0,-0.7071068,0
44.34895,52,7,1,0.1056869,1.300327,-0.7074705,-0.02294955,-0.9569929,-0.2859761,0.462261,0.6415319,0.2440399,-0.06924495,0.639857,0.09645596,-0.05539441,1.19664,0.06793942,0.04812589,-0.9720281,-0.09579621,0.1446056,1.2797,-0.8088873,0,0,0,0,-0.7071068,0,0,0,0,0,-0.7071068,0,0,0,0,0,-0.7071068,0,0,0,0,0,-0.7071068,0,0,0,0,0,-0.7071068,0
44.36035,52,7,1,0.1043537,1.306364,-0.7048267,-0.020096,-0.9559231,-0.2900279,0.4621409,0.6416471,0.2439873,-0.06977607,0.6399507,0.09651086,-0.05573966,1.196741,0.06856011,0.0484609,-0.9718638,-0.09714748,0.1442603,1.285421,-0.8060527,0,0,0,0,-0.7071068,0,0,0,0,0,-0.7071068,0,0,0,0,0,-0.7071068,0,0,0,0,0,-0.7071068,0,0,0,0,0,-0.7071068,0
44.38231,52,7,1,0.1021405,1.318169,-0.6993571,-0.01378515,-0.9538938,-0.2971143,0.4618482,0.6419743,0.2440463,-0.07046156,0.6396986,0.09746257,-0.05657819,1.196984,0.06980339,0.04901719,-0.9716834,-0.09980582,0.1434218,1.296892,-0.800235,0,0,0,0,-0.7071068,0,0,0,0,0,-0.7071068,0,0,0,0,0,-0.7071068,0,0,0,0,0,-0.7071068,0,0,0,0,0,-0.7071068,0
44.39407,52,7,1,0.1014003,1.323759,-0.6967054,-0.01362859,-0.9530611,-0.2997341,0.4617851,0.6420563,0.2441362,-0.07036874,0.639452,0.09793609,-0.05702792,1.197128,0.07046878,0.04927841,-0.9715999,-0.1011757,0.1429721,1.302598,-0.7972276,0,0,0,0,-0.7071068,0,0,0,0,0,-0.7071068,0,0,0,0,0,-0.7071068,0,0,0,0,0,-0.7071068,0,0,0,0,0,-0.7071068,0
44.41574,52,7,1,0.1007484,1.333912,-0.6912041,-0.01832774,-0.9515804,-0.3041253,0.4617662,0.6419973,0.2444315,-0.06898242,0.6386968,0.09890434,-0.05793709,1.197477,0.0719415,0.04944302,-0.9714588,-0.1047487,0.1420629,1.314143,-0.790886,0,0,0,0,-0.7071068,0,0,0,0,0,-0.7071068,0,0,0,0,0,-0.7071068,0,0,0,0,0,-0.7071068,0,0,0,0,0,-0.7071068,0
44.42686,52,7,1,0.1000973,1.339276,-0.6884771,-0.01783183,-0.9507372,-0.306798,0.4617987,0.6419722,0.2444738,-0.06850594,0.6384547,0.09918375,-0.058402,1.197716,0.07272527,0.04945345,-0.9713535,-0.1066224,0.141598,1.319844,-0.7876506,0,0,0,0,-0.7071068,0,0,0,0,0,-0.7071068,0,0,0,0,0,-0.7071068,0,0,0,0,0,-0.7071068,0,0,0,0,0,-0.7071068,0
44.43801,52,7,1,0.09957595,1.344388,-0.6856275,-0.01612753,-0.9497821,-0.3097532,0.4618687,0.641917,0.2445463,-0.06772355,0.6382469,0.09947591,-0.05887346,1.197863,0.07358354,0.049608,-0.9712141,-0.1085739,0.1411265,1.32549,-0.7842725,0,0,0,0,-0.7071068,0,0,0,0,0,-0.7071068,0,0,0,0,0,-0.7071068,0,0,0,0,0,-0.7071068,0,0,0,0,0,-0.7071068,0
44.46032,52,7,1,0.09828384,1.354813,-0.6795633,-0.0142155,-0.9477403,-0.3159156,0.4620149,0.6419015,0.2445668,-0.0667464,0.6380826,0.1000571,-0.05978427,1.198278,0.07521504,0.05043442,-0.9708586,-0.1124746,0.1402157,1.336781,-0.7775051,0,0,0,0,-0.7071068,0,0,0,0,0,-0.7071068,0,0,0,0,0,-0.7071068,0,0,0,0,0,-0.7071068,0,0,0,0,0,-0.7071068,0
44.48234,52,7,1,0.09698017,1.365158,-0.6734584,-0.01687618,-0.9457849,-0.3218507,0.4621711,0.6418462,0.2446017,-0.06631447,0.6381439,0.1003776,-0.06078006,1.198859,0.07687455,0.05148514,-0.9703469,-0.1169041,0.1392199,1.348258,-0.7704921,0,0,0,0,-0.7071068,0,0,0,0,0,-0.7071068,0,0,0,0,0,-0.7071068,0,0,0,0,0,-0.7071068,0,0,0,0,0,-0.7071068,0
44.49408,52,7,1,0.0960625,1.370619,-0.6700228,-0.0145572,-0.9447536,-0.3250819,0.4622506,0.6418716,0.2445355,-0.06624572,0.6381656,0.1004511,-0.06125054,1.199102,0.07775281,0.05224219,-0.9700732,-0.119228,0.1387495,1.353879,-0.7668935,0,0,0,0,-0.7071068,0,0,0,0,0,-0.7071068,0,0,0,0,0,-0.7071068,0,0,0,0,0,-0.7071068,0,0,0,0,0,-0.7071068,0
44.51569,52,7,1,0.0943522,1.381515,-0.6636522,-0.007078558,-0.9424931,-0.3317028,0.4623723,0.6417722,0.244515,-0.06579562,0.6381336,0.1005927,-0.06210753,1.199633,0.07949926,0.05364103,-0.9694918,-0.1234958,0.1378925,1.365129,-0.7595676,0,0,0,0,-0.7071068,0,0,0,0,0,-0.7071068,0,0,0,0,0,-0.7071068,0,0,0,0,0,-0.7071068,0,0,0,0,0,-0.7071068,0
44.52708,52,7,1,0.0938185,1.386604,-0.6605087,-0.00690046,-0.9413836,-0.3348551,0.462415,0.6417328,0.244546,-0.06557456,0.6381465,0.1007414,-0.06257173,1.199925,0.08036936,0.0544288,-0.9691115,-0.1258096,0.1374283,1.370769,-0.7558337,0,0,0,0,-0.7071068,0,0,0,0,0,-0.7071068,0,0,0,0,0,-0.7071068,0,0,0,0,0,-0.7071068,0,0,0,0,0,-0.7071068,0
44.54901,52,7,1,0.09229571,1.397112,-0.6533151,-0.01144199,-0.9380732,-0.344303,0.4624623,0.6416751,0.2445758,-0.06514163,0.6381459,0.1010929,-0.06348056,1.200489,0.08218021,0.05568142,-0.9683421,-0.1302426,0.1365194,1.381963,-0.7481707,0,0,0,0,-0.7071068,0,0,0,0,0,-0.7071068,0,0,0,0,0,-0.7071068,0,0,0,0,0,-0.7071068,0,0,0,0,0,-0.7071068,0
44.5605,52,7,1,0.09168942,1.402463,-0.6497472,-0.01152724,-0.9363173,-0.3491021,0.4624703,0.6416868,0.2446458,-0.06491263,0.6380883,0.1014735,-0.06391872,1.200672,0.08310335,0.05615726,-0.9679633,-0.1324058,0.1360813,1.38737,-0.7442923,0,0,0,0,-0.7071068,0,0,0,0,0,-0.7071068,0,0,0,0,0,-0.7071068,0,0,0,0,0,-0.7071068,0,0,0,0,0,-0.7071068,0
44.58228,52,7,1,0.09060246,1.4124,-0.6429988,-0.007362455,-0.9338655,-0.3555037,0.4625948,0.6415482,0.2448439,-0.06415143,0.6381971,0.1020766,-0.06480943,1.201062,0.08492148,0.05721763,-0.9671961,-0.1365096,0.1351906,1.398139,-0.7364427,0,0,0,0,-0.7071068,0,0,0,0,0,-0.7071068,0,0,0,0,0,-0.7071068,0,0,0,0,0,-0.7071068,0,0,0,0,0,-0.7071068,0
44.59394,52,7,1,0.09022338,1.417341,-0.6397763,-0.008434027,-0.933185,-0.3573417,0.462579,0.641542,0.2449063,-0.06372304,0.6382616,0.1026055,-0.0652629,1.20127,0.08587497,0.05771668,-0.9667934,-0.1385652,0.1347371,1.403586,-0.7323626,0,0,0,0,-0.7071068,0,0,0,0,0,-0.7071068,0,0,0,0,0,-0.7071068,0,0,0,0,0,-0.7071068,0,0,0,0,0,-0.7071068,0
44.6156,52,7,1,0.08901424,1.427074,-0.6327277,-0.009817079,-0.9310029,-0.3633656,0.4625682,0.6414328,0.2449935,-0.06289712,0.6382419,0.1032084,-0.06603932,1.201694,0.08772916,0.05912664,-0.9659619,-0.1424073,0.1339607,1.414309,-0.7241988,0,0,0,0,-0.7071068,0,0,0,0,0,-0.7071068,0,0,0,0,0,-0.7071068,0,0,0,0,0,-0.7071068,0,0,0,0,0,-0.7071068,0
44.62719,52,7,1,0.08828396,1.432227,-0.6288696,-0.007926479,-0.9295226,-0.3672422,0.4625299,0.6413491,0.245098,-0.06270152,0.6382246,0.1034496,-0.06645356,1.201944,0.08864876,0.05967074,-0.9655771,-0.1442432,0.1335464,1.41969,-0.7200532,0,0,0,0,-0.7071068,0,0,0,0,0,-0.7071068,0,0,0,0,0,-0.7071068,0,0,0,0,0,-0.7071068,0,0,0,0,0,-0.7071068,0
44.64891,52,7,1,0.08730478,1.441897,-0.6208177,-0.004305631,-0.9268649,-0.3739536,0.4624353,0.6414515,0.2450703,-0.06248875,0.6380491,0.1041579,-0.06717345,1.202663,0.09064484,0.0606552,-0.9649236,-0.1479853,0.1328266,1.430542,-0.7115203,0,0,0,0,-0.7071068,0,0,0,0,0,-0.7071068,0,0,0,0,0,-0.7071068,0,0,0,0,0,-0.7071068,0,0,0,0,0,-0.7071068,0
44.66011,53,7,1,0.08705945,1.446626,-0.6165126,-0.004950643,-0.9255047,-0.377383,0.4623601,0.6414511,0.2451199,-0.06239153,0.6380137,0.1045449,-0.06757452,1.203109,0.09176441,0.06068591,-0.9645422,-0.1503862,0.1324255,1.436051,-0.7070506,0,0,0,0,-0.7071068,0,0,0,0,0,-0.7071068,0,0,0,0,0,-0.7071068,0,0,0,0,0,-0.7071068,0,0,0,0,0,-0.7071068,0
44.68226,53,7,1,0.08655746,1.456156,-0.6076129,-0.003850341,-0.9220202,-0.3858207,0.4620734,0.6416285,0.2451728,-0.06261738,0.6378734,0.1055195,-0.06821503,1.203616,0.09386278,0.06018231,-0.963519,-0.1562177,0.131785,1.446565,-0.6981624,0,0,0,0,-0.7071068,0,0,0,0,0,-0.7071068,0,0,0,0,0,-0.7071068,0,0,0,0,0,-0.7071068,0,0,0,0,0,-0.7071068,0
44.69426,53,7,1,0.08640034,1.460884,-0.6030334,-0.001691073,-0.9201902,-0.3899796,0.461957,0.641713,0.2451502,-0.0631451,0.6377293,0.1057184,-0.0684816,1.203799,0.09486381,0.05968562,-0.9629192,-0.1593052,0.1315184,1.451719,-0.6937026,0,0,0,0,-0.7071068,0,0,0,0,0,-0.7071068,0,0,0,0,0,-0.7071068,0,0,0,0,0,-0.7071068,0,0,0,0,0,-0.7071068,0
44.7156,53,7,1,0.08709366,1.469747,-0.5941512,-0.003972992,-0.9164281,-0.3981436,0.4618813,0.641914,0.2450109,-0.06500667,0.6374847,0.1050383,-0.06913533,1.204159,0.09680168,0.05800763,-0.9617749,-0.1646692,0.1308647,1.462011,-0.684682,0,0,0,0,-0.7071068,0,0,0,0,0,-0.7071068,0,0,0,0,0,-0.7071068,0,0,0,0,0,-0.7071068,0,0,0,0,0,-0.7071068,0
44.72698,53,7,1,0.08719594,1.47431,-0.5895754,-0.007435337,-0.9145272,-0.4024417,0.4618911,0.6419424,0.2450169,-0.06566198,0.6374005,0.1047382,-0.06947066,1.204363,0.09777442,0.05727939,-0.9612482,-0.1669514,0.1305293,1.467019,-0.680198,0,0,0,0,-0.7071068,0,0,0,0,0,-0.7071068,0,0,0,0,0,-0.7071068,0,0,0,0,0,-0.7071068,0,0,0,0,0,-0.7071068,0
44.74892,53,7,1,0.08650572,1.482857,-0.5808882,-0.009234935,-0.9107666,-0.4110254,0.4619906,0.6421267,0.2449636,-0.06632124,0.63744,0.1046428,-0.07015242,1.204874,0.09978975,0.05655298,-0.960207,-0.1712197,0.1298476,1.477244,-0.6709086,0,0,0,0,-0.7071068,0,0,0,0,0,-0.7071068,0,0,0,0,0,-0.7071068,0,0,0,0,0,-0.7071068,0,0,0,0,0,-0.7071068,0
44.76007,53,7,1,0.08597178,1.487159,-0.5767016,-0.007856071,-0.9090048,-0.4149143,0.4621657,0.6419954,0.2449726,-0.06555106,0.6375805,0.1048861,-0.07044655,1.205124,0.1007185,0.05647975,-0.9596177,-0.1735362,0.1295535,1.482252,-0.6663298,0,0,0,0,-0.7071068,0,0,0,0,0,-0.7071068,0,0,0,0,0,-0.7071068,0,0,0,0,0,-0.7071068,0,0,0,0,0,-0.7071068,0
44.78226,53,7,1,0.08484633,1.495163,-0.5689374,-0.003715232,-0.9063106,-0.4207239,0.4621932,0.6419739,0.2448544,-0.06469815,0.6380442,0.1049344,-0.07122188,1.205737,0.1025971,0.05638961,-0.9584101,-0.1782078,0.1287781,1.492347,-0.6570017,0,0,0,0,-0.7071068,0,0,0,0,0,-0.7071068,0,0,0,0,0,-0.7071068,0,0,0,0,0,-0.7071068,0,0,0,0,0,-0.7071068,0
44.79343,53,7,1,0.08393378,1.499068,-0.565141,-0.003445655,-0.9054012,-0.4227607,0.4622605,0.6418358,0.2447314,-0.06431254,0.638359,0.1047132,-0.07169454,1.206089,0.1034607,0.05641307,-0.9577353,-0.1807085,0.1283055,1.497444,-0.6523202,0,0,0,0,-0.7071068,0,0,0,0,0,-0.7071068,0,0,0,0,0,-0.7071068,0,0,0,0,0,-0.7071068,0,0,0,0,0,-0.7071068,0
44.81553,53,7,1,0.08219809,1.506287,-0.5580872,-0.00297159,-0.9042415,-0.4254859,0.4622488,0.6415814,0.2443006,-0.06419612,0.639401,0.1036167,-0.07272693,1.206897,0.1051495,0.05696039,-0.9563841,-0.1857478,0.1272731,1.50756,-0.6429619,0,0,0,0,-0.7071068,0,0,0,0,0,-0.7071068,0,0,0,0,0,-0.7071068,0,0,0,0,0,-0.7071068,0,0,0,0,0,-0.7071068,0
44.82684,53,7,1,0.08125634,1.509945,-0.5546528,-0.002370134,-0.9036689,-0.4267988,0.4622474,0.6415431,0.2441133,-0.06433481,0.6398609,0.1032479,-0.0732536,1.20724,0.1059522,0.05723583,-0.9557581,-0.188224,0.1267464,1.512522,-0.6382617,0,0,0,0,-0.7071068,0,0,0,0,0,-0.7071068,0,0,0,0,0,-0.7071068,0,0,0,0,0,-0.7071068,0,0,0,0,0,-0.7071068,0
44.84868,53,7,1,0.07952375,1.516949,-0.5478902,-0.001925468,-0.902486,-0.4293677,0.4620954,0.6418509,0.2440003,-0.06560511,0.640382,0.1034233,-0.07408472,1.207858,0.1074379,0.05796827,-0.9545642,-0.1930617,0.1259153,1.522262,-0.6288971,0,0,0,0,-0.7071068,0,0,0,0,0,-0.7071068,0,0,0,0,0,-0.7071068,0,0,0,0,0,-0.7071068,0,0,0,0,0,-0.7071068,0
44.86026,53,7,1,0.07869501,1.520384,-0.5444602,-0.002880156,-0.9018681,-0.4307331,0.4620561,0.6418953,0.2440554,-0.0661964,0.6403807,0.103412,-0.07453085,1.208136,0.1080839,0.05825107,-0.9539161,-0.1956336,0.1254691,1.52703,-0.624281,0,0,0,0,-0.7071068,0,0,0,0,0,-0.7071068,0,0,0,0,0,-0.7071068,0,0,0,0,0,-0.7071068,0,0,0,0,0,-0.7071068,0
44.88221,53,7,1,0.07690711,1.527207,-0.5375692,-0.005747601,-0.9005612,-0.4337413,0.4620929,0.6420815,0.2439065,-0.06756922,0.6401044,0.102946,-0.07551373,1.208614,0.1093777,0.0587616,-0.9526494,-0.2008747,0.1244863,1.536506,-0.614844,0,0,0,0,-0.7071068,0,0,0,0,0,-0.7071068,0,0,0,0,0,-0.7071068,0,0,0,0,0,-0.7071068,0,0,0,0,0,-0.7071068,0
44.89361,53,7,1,0.07600898,1.530674,-0.5340016,-0.005248517,-0.8996713,-0.4356956,0.4621523,0.6422039,0.2438204,-0.06797143,0.6402159,0.1025469,-0.07605045,1.208802,0.1100543,0.05905174,-0.9520991,-0.2031042,0.1239496,1.541178,-0.6100121,0,0,0,0,-0.7071068,0,0,0,0,0,-0.7071068,0,0,0,0,0,-0.7071068,0,0,0,0,0,-0.7071068,0,0,0,0,0,-0.7071068,0
44.91552,53,7,1,0.07459635,1.537196,-0.5268655,-0.0008997917,-0.8978015,-0.4395874,0.462168,0.6420022,0.2436868,-0.06765488,0.6405792,0.1026003,-0.07705428,1.209118,0.1112419,0.05938797,-0.9512185,-0.2071779,0.1229457,1.550226,-0.6005428,0,0,0,0,-0.7071068,0,0,0,0,0,-0.7071068,0,0,0,0,0,-0.7071068,0,0,0,0,0,-0.7071068,0,0,0,0,0,-0.7071068,0
44.92725,53,7,1,0.07406861,1.540383,-0.5232564,-0.0002689213,-0.8967581,-0.4417168,0.4622145,0.6419221,0.2436068,-0.06744492,0.640765,0.1025176,-0.07761947,1.209322,0.1118355,0.05933799,-0.9508104,-0.2092544,0.1223805,1.5548,-0.5957073,0,0,0,0,-0.7071068,0,0,0,0,0,-0.7071068,0,0,0,0,0,-0.7071068,0,0,0,0,0,-0.7071068,0,0,0,0,0,-0.7071068,0
44.94888,53,7,1,0.073914,1.546392,-0.5158325,0.001696289,-0.8940576,-0.4469701,0.4623095,0.6418293,0.2434638,-0.06665068,0.6410012,0.1031103,-0.07873341,1.209665,0.1128123,0.05918793,-0.9499961,-0.2134584,0.1212666,1.563754,-0.586173,0,0,0,0,-0.7071068,0,0,0,0,0,-0.7071068,0,0,0,0,0,-0.7071068,0,0,0,0,0,-0.7071068,0,0,0,0,0,-0.7071068,0
44.9603,53,7,1,0.07398028,1.549318,-0.5121644,0.002375185,-0.8928511,-0.4492609,0.4623328,0.641803,0.2434187,-0.06624144,0.6410378,0.1034983,-0.07920209,1.209756,0.1133356,0.05930951,-0.9495938,-0.2154145,0.1207979,1.568063,-0.5813593,0,0,0,0,-0.7071068,0,0,0,0,0,-0.7071068,0,0,0,0,0,-0.7071068,0,0,0,0,0,-0.7071068,0,0,0,0,0,-0.7071068,0
44.98211,53,7,1,0.07430918,1.554761,-0.5049739,0.003932282,-0.8901749,-0.4542969,0.4623441,0.641832,0.2433777,-0.06608487,0.6407568,0.1037467,-0.08022667,1.210212,0.1142649,0.05995506,-0.948833,-0.2190968,0.1197733,1.576969,-0.5716329,0,0,0,0,-0.7071068,0,0,0,0,0,-0.7071068,0,0,0,0,0,-0.7071068,0,0,0,0,0,-0.7071068,0,0,0,0,0,-0.7071068,0
44.99364,53,7,1,0.07446701,1.557385,-0.5014868,0.004766434,-0.8886994,-0.4570481,0.4623438,0.641861,0.2432867,-0.06608582,0.6406499,0.103829,-0.08077298,1.210433,0.114693,0.06020791,-0.9483788,-0.2211681,0.119227,1.581218,-0.5669125,0,0,0,0,-0.7071068,0,0,0,0,0,-0.7071068,0,0,0,0,0,-0.7071068,0,0,0,0,0,-0.7071068,0,0,0,0,0,-0.7071068,0
45.01546,53,7,1,0.07442576,1.562426,-0.4948776,0.006070748,-0.8864155,-0.4612918,0.4623558,0.6419922,0.243016,-0.06665847,0.6405419,0.1035827,-0.08181622,1.210889,0.115552,0.06064362,-0.9474592,-0.2253572,0.1181838,1.589838,-0.5571507,0,0,0,0,-0.7071068,0,0,0,0,0,-0.7071068,0,0,0,0,0,-0.7071068,0,0,0,0,0,-0.7071068,0,0,0,0,0,-0.7071068,0
45.0376,53,7,1,0.0741461,1.567243,-0.488831,0.009212628,-0.8845818,-0.4646854,0.4623854,0.6419952,0.2428794,-0.06734619,0.6405731,0.1030909,-0.08287814,1.211344,0.1163083,0.0613305,-0.9464836,-0.2292275,0.1171219,1.598338,-0.547343,0,0,0,0,-0.7071068,0,0,0,0,0,-0.7071068,0,0,0,0,0,-0.7071068,0,0,0,0,0,-0.7071068,0,0,0,0,0,-0.7071068,0
45.04889,53,7,1,0.07393033,1.569559,-0.485741,0.01088268,-0.8832406,-0.4672173,0.462382,0.6419804,0.2427982,-0.0673698,0.6405295,0.1029725,-0.0834207,1.211535,0.1167041,0.06185939,-0.9460638,-0.2308259,0.1165793,1.602473,-0.5424044,0,0,0,0,-0.7071068,0,0,0,0,0,-0.7071068,0,0,0,0,0,-0.7071068,0,0,0,0,0,-0.7071068,0,0,0,0,0,-0.7071068,0
45.06065,53,7,1,0.07376213,1.571843,-0.4827214,0.01217777,-0.8818781,-0.4697837,0.4624163,0.6420026,0.2427265,-0.06738019,0.640494,0.1029548,-0.08380567,1.211737,0.117019,0.06245043,-0.9456892,-0.2321971,0.1161943,1.606667,-0.5374187,0,0,0,0,-0.7071068,0,0,0,0,0,-0.7071068,0,0,0,0,0,-0.7071068,0,0,0,0,0,-0.7071068,0,0,0,0,0,-0.7071068,0
45.08209,53,7,1,0.07207233,1.577403,-0.4736724,0.0116863,-0.8788978,-0.475397,0.462533,0.6420221,0.2427078,-0.06717435,0.6402984,0.1029416,-0.08483949,1.212085,0.1177137,0.06303107,-0.9448583,-0.2353395,0.1151605,1.614703,-0.5275156,0,0,0,0,-0.7071068,0,0,0,0,0,-0.7071068,0,0,0,0,0,-0.7071068,0,0,0,0,0,-0.7071068,0,0,0,0,0,-0.7071068,0
45.09384,53,7,1,0.07223684,1.579589,-0.470534,0.01190415,-0.8776659,-0.4775887,0.4625473,0.6419146,0.2427694,-0.06676625,0.6401812,0.1030501,-0.08539073,1.212246,0.1179807,0.06338252,-0.9444183,-0.2369002,0.1146093,1.618701,-0.5225419,0,0,0,0,-0.7071068,0,0,0,0,0,-0.7071068,0,0,0,0,0,-0.7071068,0,0,0,0,0,-0.7071068,0,0,0,0,0,-0.7071068,0
45.11538,53,7,1,0.07279176,1.583116,-0.4654725,0.01314929,-0.8763342,-0.4796935,0.4625602,0.6417828,0.2428301,-0.06624533,0.6400453,0.1031566,-0.08639493,1.212529,0.1185522,0.06389465,-0.9436924,-0.2394709,0.1136051,1.626575,-0.5124336,0,0,0,0,-0.7071068,0,0,0,0,0,-0.7071068,0,0,0,0,0,-0.7071068,0,0,0,0,0,-0.7071068,0,0,0,0,0,-0.7071068,0
45.12726,53,7,1,0.0729645,1.584771,-0.4629973,0.0143898,-0.875754,-0.4806347,0.462597,0.6417892,0.2429102,-0.06607334,0.6400736,0.1030886,-0.08685868,1.212662,0.1188369,0.06423742,-0.9433344,-0.2406135,0.1131413,1.630345,-0.5074694,0,0,0,0,-0.7071068,0,0,0,0,0,-0.7071068,0,0,0,0,0,-0.7071068,0,0,0,0,0,-0.7071068,0,0,0,0,0,-0.7071068,0
45.14865,53,7,1,0.07321484,1.58808,-0.4581618,0.01644,-0.8741657,-0.4833703,0.4625854,0.6418878,0.2428032,-0.06609358,0.6400835,0.1032086,-0.08788123,1.212949,0.119435,0.06477157,-0.9426776,-0.2427997,0.1121188,1.637969,-0.4972029,0,0,0,0,-0.7071068,0,0,0,0,0,-0.7071068,0,0,0,0,0,-0.7071068,0,0,0,0,0,-0.7071068,0,0,0,0,0,-0.7071068,0
45.16027,53,7,1,0.07336671,1.589752,-0.4558296,0.01666036,-0.8734784,-0.4845677,0.4625418,0.6418965,0.2428099,-0.06632856,0.6400421,0.1031465,-0.08836418,1.213127,0.1197464,0.06490476,-0.9424174,-0.2437697,0.1116358,1.641703,-0.492089,0,0,0,0,-0.7071068,0,0,0,0,0,-0.7071068,0,0,0,0,0,-0.7071068,0,0,0,0,0,-0.7071068,0,0,0,0,0,-0.7071068,0
45.18207,54,7,1,0.07308204,1.593279,-0.4508402,0.01682371,-0.8714483,-0.4882811,0.4624648,0.6419467,0.2427684,-0.067134,0.6400981,0.1027191,-0.08924117,1.213302,0.1201447,0.0660563,-0.9412231,-0.2471675,0.1107588,1.649038,-0.4817839,0,0,0,0,-0.7071068,0,0,0,0,0,-0.7071068,0,0,0,0,0,-0.7071068,0,0,0,0,0,-0.7071068,0,0,0,0,0,-0.7071068,0
45.1935,54,7,1,0.07289702,1.595005,-0.4485282,0.01772222,-0.8702137,-0.4904555,0.4623634,0.641935,0.2427381,-0.06745803,0.6401697,0.1025286,-0.08947265,1.213568,0.1202638,0.06650844,-0.9408484,-0.2481782,0.1105274,1.652738,-0.4767939,0,0,0,0,-0.7071068,0,0,0,0,0,-0.7071068,0,0,0,0,0,-0.7071068,0,0,0,0,0,-0.7071068,0,0,0,0,0,-0.7071068,0
45.21564,54,7,1,0.07277567,1.59803,-0.4441909,0.01757121,-0.8681849,-0.4939707,0.4623124,0.6419641,0.2427697,-0.06787637,0.6401933,0.1023335,-0.09017665,1.21388,0.1207146,0.06742214,-0.9395565,-0.2515858,0.1098234,1.65987,-0.4664321,0,0,0,0,-0.7071068,0,0,0,0,0,-0.7071068,0,0,0,0,0,-0.7071068,0,0,0,0,0,-0.7071068,0,0,0,0,0,-0.7071068,0
45.23753,54,7,1,0.07260997,1.601036,-0.4401787,0.01604252,-0.8667499,-0.4966137,0.4623686,0.6419688,0.2428578,-0.06806418,0.6402112,0.1019364,-0.0906328,1.214289,0.1211305,0.06857382,-0.9383295,-0.2544823,0.1093672,1.667078,-0.4557972,0,0,0,0,-0.7071068,0,0,0,0,0,-0.7071068,0,0,0,0,0,-0.7071068,0,0,0,0,0,-0.7071068,0,0,0,0,0,-0.7071068,0
45.26025,54,7,1,0.07209391,1.604082,-0.4362532,0.01630114,-0.8651085,-0.4995445,0.4623798,0.6419321,0.242814,-0.06805306,0.6403307,0.1017405,-0.09117452,1.214479,0.1214777,0.06906503,-0.937436,-0.2562771,0.1088255,1.673716,-0.4454238,0,0,0,0,-0.7071068,0,0,0,0,0,-0.7071068,0,0,0,0,0,-0.7071068,0,0,0,0,0,-0.7071068,0,0,0,0,0,-0.7071068,0
45.28196,54,7,1,0.07136912,1.607483,-0.4321678,0.01485686,-0.8637851,-0.5018119,0.4624464,0.641898,0.2427786,-0.06793941,0.6403831,0.1016569,-0.09159818,1.214698,0.1217704,0.06977783,-0.9365875,-0.2577736,0.1084018,1.680364,-0.4347859,0,0,0,0,-0.7071068,0,0,0,0,0,-0.7071068,0,0,0,0,0,-0.7071068,0,0,0,0,0,-0.7071068,0,0,0,0,0,-0.7071068,0
45.29353,54,7,1,0.07098383,1.609176,-0.430204,0.01373436,-0.8633712,-0.502514,0.4624837,0.6419046,0.2427642,-0.06797002,0.6404183,0.1014057,-0.09168748,1.214828,0.1218148,0.07024109,-0.9360783,-0.2588782,0.1083125,1.683581,-0.4296437,0,0,0,0,-0.7071068,0,0,0,0,0,-0.7071068,0,0,0,0,0,-0.7071068,0,0,0,0,0,-0.7071068,0,0,0,0,0,-0.7071068,0
45.3154,54,7,1,0.06985588,1.61287,-0.4264584,0.01146622,-0.8629496,-0.5032521,0.4625075,0.641854,0.2427076,-0.06838498,0.6405566,0.1007601,-0.09193285,1.215127,0.1218509,-0.07201456,0.9351183,0.2605364,0.1080672,1.690106,-0.4190499,0,0,0,0,-0.7071068,0,0,0,0,0,-0.7071068,0,0,0,0,0,-0.7071068,0,0,0,0,0,-0.7071068,0,0,0,0,0,-0.7071068,0
45.32732,54,7,1,0.06872458,1.614832,-0.4243262,0.01236303,-0.8625008,-0.5040025,0.4623921,0.6418412,0.242648,-0.06875097,0.6407182,0.1005544,-0.09204573,1.215293,0.121827,-0.07326173,0.9346591,0.261292,0.1079543,1.69323,-0.4139208,0,0,0,0,-0.7071068,0,0,0,0,0,-0.7071068,0,0,0,0,0,-0.7071068,0,0,0,0,0,-0.7071068,0,0,0,0,0,-0.7071068,0
45.34867,54,7,1,0.06616504,1.619043,-0.4198876,0.01471354,-0.8602084,-0.5079775,0.4623516,0.6419096,0.2425527,-0.06924423,0.6409234,0.1005662,-0.09222417,1.215547,0.1218185,-0.07495347,0.9339697,0.2625904,0.1077758,1.687468,-0.4243146,0,0,0,0,-0.7071068,0,0,0,0,0,-0.7071068,0,0,0,0,0,-0.7071068,0,0,0,0,0,-0.7071068,0,0,0,0,0,-0.7071068,0
45.3602,54,7,1,0.0648535,1.621259,-0.417424,0.01370199,-0.8586388,-0.5107365,0.4622822,0.6419452,0.2425747,-0.06933552,0.6408773,0.1007368,-0.09219976,1.215704,0.1217159,-0.07537311,0.9335763,0.2637097,0.1078002,1.684503,-0.4296657,0,0,0,0,-0.7071068,0,0,0,0,0,-0.7071068,0,0,0,0,0,-0.7071068,0,0,0,0,0,-0.7071068,0,0,0,0,0,-0.7071068,0
45.38202,54,7,1,0.06238348,1.625603,-0.4129704,0.01076338,-0.8556448,-0.516113,0.4621811,0.64204,0.2427764,-0.06989634,0.6404238,0.100883,-0.09226871,1.216074,0.1215184,-0.07559989,0.9329271,0.2655511,0.1077313,1.678562,-0.4401975,0,0,0,0,-0.7071068,0,0,0,0,0,-0.7071068,0,0,0,0,0,-0.7071068,0,0,0,0,0,-0.7071068,0,0,0,0,0,-0.7071068,0
45.39334,54,7,1,0.06100745,1.627903,-0.4107447,0.009918034,-0.8542875,-0.5184804,0.4621711,0.642058,0.2428841,-0.07007529,0.640188,0.1009014,-0.09227436,1.21617,0.1213984,-0.07576931,0.9327019,0.2661999,0.1077256,1.675448,-0.4454383,0,0,0,0,-0.7071068,0,0,0,0,0,-0.7071068,0,0,0,0,0,-0.7071068,0,0,0,0,0,-0.7071068,0,0,0,0,0,-0.7071068,0
45.41531,54,7,1,0.05829424,1.632118,-0.4060119,0.01094082,-0.8517532,-0.5226955,0.4621771,0.6420491,0.2431618,-0.06957037,0.639797,0.1015146,-0.09224412,1.216319,0.1211046,-0.07646098,0.9326762,0.2664782,0.1077559,1.669045,-0.4559185,0,0,0,0,-0.7071068,0,0,0,0,0,-0.7071068,0,0,0,0,0,-0.7071068,0,0,0,0,0,-0.7071068,0,0,0,0,0,-0.7071068,0
45.4267,54,7,1,0.0571043,1.634224,-0.4037415,0.01066136,-0.8505259,-0.5247481,0.4621716,0.6419302,0.2432437,-0.06917308,0.6396015,0.10174,-0.09225506,1.21639,0.120973,-0.0770222,0.9327006,0.2665266,0.1077449,1.665806,-0.4610669,0,0,0,0,-0.7071068,0,0,0,0,0,-0.7071068,0,0,0,0,0,-0.7071068,0,0,0,0,0,-0.7071068,0,0,0,0,0,-0.7071068,0
45.44855,54,7,1,0.05494518,1.637905,-0.3992248,0.008333117,-0.8479254,-0.5291511,0.4622072,0.6416867,0.2433765,-0.06876446,0.6392416,0.1018988,-0.09221379,1.216619,0.1206946,-0.07758456,0.9329449,0.2664939,0.1077862,1.659232,-0.4714006,0,0,0,0,-0.7071068,0,0,0,0,0,-0.7071068,0,0,0,0,0,-0.7071068,0,0,0,0,0,-0.7071068,0,0,0,0,0,-0.7071068,0
45.46001,54,7,1,0.05401165,1.639338,-0.3968971,0.00716731,-0.8463643,-0.5318128,0.4622344,0.6415856,0.2433784,-0.06840464,0.6391927,0.1019817,-0.09211934,1.216612,0.1205202,-0.07750893,0.9331414,0.2663527,0.1078807,1.655833,-0.476466,0,0,0,0,-0.7071068,0,0,0,0,0,-0.7071068,0,0,0,0,0,-0.7071068,0,0,0,0,0,-0.7071068,0,0,0,0,0,-0.7071068,0
45.48199,54,7,1,0.05274958,1.64182,-0.3929567,0.008518636,-0.843134,-0.5370993,0.4623053,0.6415539,0.2434708,-0.0677253,0.6392234,0.1024898,-0.0920217,1.216434,0.120293,-0.07647922,0.9339379,0.2653328,0.1079783,1.64863,-0.4865749,0,0,0,0,-0.7071068,0,0,0,0,0,-0.7071068,0,0,0,0,0,-0.7071068,0,0,0,0,0,-0.7071068,0,0,0,0,0,-0.7071068,0
45.49385,54,7,1,0.05274612,1.642433,-0.3913967,0.01061332,-0.8415463,-0.5395145,0.462336,0.6415762,0.2434461,-0.06736734,0.6392431,0.1029223,-0.09194825,1.216235,0.1202171,0.07574346,-0.9345337,-0.2644054,0.1080518,1.644854,-0.4915599,0,0,0,0,-0.7071068,0,0,0,0,0,-0.7071068,0,0,0,0,0,-0.7071068,0,0,0,0,0,-0.7071068,0,0,0,0,0,-0.7071068,0
45.51518,54,7,1,0.0535999,1.642635,-0.388755,0.0135819,-0.8389579,-0.5432595,0.4623201,0.6417545,0.2434646,-0.06693313,0.6388535,0.1041047,-0.09186044,1.215817,0.1202004,0.07440814,-0.9357394,-0.2623177,0.1081396,1.637188,-0.5012841,0,0,0,0,-0.7071068,0,0,0,0,0,-0.7071068,0,0,0,0,0,-0.7071068,0,0,0,0,0,-0.7071068,0,0,0,0,0,-0.7071068,0
45.52695,54,7,1,0.05468363,1.642249,-0.3880773,0.01415014,-0.8380238,-0.5445172,0.46226,0.6416968,0.2435118,-0.0667614,0.6386845,0.10472,-0.09179787,1.215621,0.1202545,0.07357928,-0.9363309,-0.2613888,0.1082021,1.633378,-0.5059555,0,0,0,0,-0.7071068,0,0,0,0,0,-0.7071068,0,0,0,0,0,-0.7071068,0,0,0,0,0,-0.7071068,0,0,0,0,0,-0.7071068,0
45.54878,54,7,1,0.05876715,1.639433,-0.3890186,0.01255801,-0.837943,-0.5439997,0.4620903,0.641812,0.2434405,-0.06662598,0.6381347,0.105719,-0.09163243,1.215371,0.1204805,0.07218839,-0.9372295,-0.2601298,0.1083676,1.625664,-0.5152586,0,0,0,0,-0.7071068,0,0,0,0,0,-0.7071068,0,0,0,0,0,-0.7071068,0,0,0,0,0,-0.7071068,0,0,0,0,0,-0.7071068,0
45.57084,54,7,1,0.06235356,1.635556,-0.3913435,0.01293573,-0.8387375,-0.5419611,0.4618815,0.6418903,0.2433709,-0.06659332,0.6377298,0.1065236,-0.09118983,1.215261,0.1206737,0.07054467,-0.9378662,-0.2593821,0.1088102,1.617895,-0.5245357,0,0,0,0,-0.7071068,0,0,0,0,0,-0.7071068,0,0,0,0,0,-0.7071068,0,0,0,0,0,-0.7071068,0,0,0,0,0,-0.7071068,0
45.58204,55,7,1,0.0642131,1.632915,-0.3936519,0.01393676,-0.8401417,-0.5393508,0.4617851,0.6419356,0.2433465,-0.06659371,0.6375386,0.1069076,-0.09098203,1.215196,0.1207857,0.06951066,-0.9380826,-0.2592136,0.109018,1.613998,-0.529051,0,0,0,0,-0.7071068,0,0,0,0,0,-0.7071068,0,0,0,0,0,-0.7071068,0,0,0,0,0,-0.7071068,0,0,0,0,0,-0.7071068,0
45.59342,55,7,1,0.06555588,1.63049,-0.3964308,0.0160749,-0.8422318,-0.535659,0.4616911,0.6420763,0.243385,-0.06669414,0.6374364,0.1071876,-0.09073973,1.215162,0.1208699,0.06856253,-0.9381999,-0.2591926,0.1092603,1.610037,-0.5336331,0,0,0,0,-0.7071068,0,0,0,0,0,-0.7071068,0,0,0,0,0,-0.7071068,0,0,0,0,0,-0.7071068,0,0,0,0,0,-0.7071068,0
45.61534,55,7,1,0.06757469,1.625227,-0.403752,0.02241793,-0.8473047,-0.5270338,0.4616564,0.6421325,0.2434213,-0.06679586,0.6372481,0.107119,-0.09022667,1.215136,0.1210115,0.06757981,-0.9383002,-0.2588996,0.1097733,1.602178,-0.5425848,0,0,0,0,-0.7071068,0,0,0,0,0,-0.7071068,0,0,0,0,0,-0.7071068,0,0,0,0,0,-0.7071068,0,0,0,0,0,-0.7071068,0
45.62656,55,7,1,0.06837756,1.622548,-0.4077035,0.02504531,-0.8498365,-0.5228382,0.4616239,0.6421289,0.2434413,-0.0668809,0.6371638,0.1069984,-0.08991536,1.215165,0.1210237,0.0674035,-0.9383564,-0.2585815,0.1100846,1.598159,-0.5471633,0,0,0,0,-0.7071068,0,0,0,0,0,-0.7071068,0,0,0,0,0,-0.7071068,0,0,0,0,0,-0.7071068,0,0,0,0,0,-0.7071068,0
45.64854,55,7,1,0.0696196,1.616879,-0.4163801,0.02670111,-0.8545637,-0.515648,0.4616937,0.6420012,0.2435118,-0.06671149,0.6371365,0.1065569,-0.08911646,1.215249,0.1209571,0.06793107,-0.9382783,-0.2579996,0.1108835,1.590173,-0.5561701,0,0,0,0,-0.7071068,0,0,0,0,0,-0.7071068,0,0,0,0,0,-0.7071068,0,0,0,0,0,-0.7071068,0,0,0,0,0,-0.7071068,0
45.66024,55,7,1,0.06943662,1.613678,-0.4204479,0.02606088,-0.8563836,-0.5129967,0.461789,0.6418339,0.2435738,-0.06656002,0.6373099,0.1061665,-0.088646,1.215307,0.120843,0.06831004,-0.9381782,-0.2577211,0.111354,1.58614,-0.5607103,0,0,0,0,-0.7071068,0,0,0,0,0,-0.7071068,0,0,0,0,0,-0.7071068,0,0,0,0,0,-0.7071068,0,0,0,0,0,-0.7071068,0
45.68188,55,7,1,0.07043178,1.607836,-0.4290615,0.02130844,-0.8589599,-0.5096927,0.4619413,0.6416122,0.2437769,-0.06625813,0.6377633,0.1057693,-0.08774345,1.215577,0.1204349,0.06888656,-0.9379877,-0.2570749,0.1122565,1.578125,-0.5698795,0,0,0,0,-0.7071068,0,0,0,0,0,-0.7071068,0,0,0,0,0,-0.7071068,0,0,0,0,0,-0.7071068,0,0,0,0,0,-0.7071068,0
45.69329,55,7,1,0.07106144,1.604868,-0.4335405,0.01897117,-0.8599311,-0.5084455,0.4620009,0.6416045,0.2438066,-0.06598145,0.6380603,0.1058822,-0.08725093,1.215687,0.1201307,0.06941112,-0.9379507,-0.2565296,0.1127491,1.574003,-0.574556,0,0,0,0,-0.7071068,0,0,0,0,0,-0.7071068,0,0,0,0,0,-0.7071068,0,0,0,0,0,-0.7071068,0,0,0,0,0,-0.7071068,0
45.71539,55,7,1,0.07218725,1.598852,-0.4425922,0.01801863,-0.863096,-0.5033749,0.4621048,0.6414852,0.244032,-0.06543392,0.6384793,0.1059951,-0.08618797,1.215829,0.1194527,0.07043155,-0.9379464,-0.2550693,0.113812,1.565538,-0.5839187,0,0,0,0,-0.7071068,0,0,0,0,0,-0.7071068,0,0,0,0,0,-0.7071068,0,0,0,0,0,-0.7071068,0,0,0,0,0,-0.7071068,0
45.72663,55,7,1,0.07267494,1.595462,-0.4475141,0.01964872,-0.8656691,-0.4988995,0.4621817,0.6414535,0.244078,-0.06527857,0.6386418,0.1059197,-0.08560898,1.215893,0.119032,0.07072037,-0.9379228,-0.2543297,0.114391,1.561322,-0.5885577,0,0,0,0,-0.7071068,0,0,0,0,0,-0.7071068,0,0,0,0,0,-0.7071068,0,0,0,0,0,-0.7071068,0,0,0,0,0,-0.7071068,0
45.74854,55,7,1,0.07360215,1.588977,-0.4568601,0.01972897,-0.8698959,-0.4916878,0.4621723,0.641247,0.2442373,-0.06520883,0.6389077,0.1055246,-0.08418614,1.216067,0.1179715,0.07048402,-0.9379463,-0.2527147,0.1158139,1.552782,-0.5980115,0,0,0,0,-0.7071068,0,0,0,0,0,-0.7071068,0,0,0,0,0,-0.7071068,0,0,0,0,0,-0.7071068,0,0,0,0,0,-0.7071068,0
45.75983,55,7,1,0.07408733,1.585788,-0.4611734,0.01765966,-0.8714994,-0.4890942,0.4621758,0.6411976,0.2443096,-0.06539844,0.6390095,0.105307,-0.08352466,1.216055,0.1174185,0.06988901,-0.9380674,-0.2517351,0.1164753,1.548442,-0.6026382,0,0,0,0,-0.7071068,0,0,0,0,0,-0.7071068,0,0,0,0,0,-0.7071068,0,0,0,0,0,-0.7071068,0,0,0,0,0,-0.7071068,0
45.78187,55,7,1,0.07517714,1.579212,-0.4694369,0.01315989,-0.8734782,-0.4860489,0.4622408,0.6413435,0.2442287,-0.06613044,0.6394826,0.1046652,-0.08219966,1.215854,0.1161777,0.06794455,-0.9386132,-0.2491664,0.1178003,1.539363,-0.6120423,0,0,0,0,-0.7071068,0,0,0,0,0,-0.7071068,0,0,0,0,0,-0.7071068,0,0,0,0,0,-0.7071068,0,0,0,0,0,-0.7071068,0
45.79322,55,7,1,0.07572217,1.575921,-0.4733543,0.01194559,-0.8745085,-0.4843464,0.462245,0.6414031,0.2441096,-0.06666514,0.6397528,0.1042402,-0.08158901,1.215729,0.1155219,0.06674626,-0.9390408,-0.2474642,0.118411,1.534712,-0.6167634,0,0,0,0,-0.7071068,0,0,0,0,0,-0.7071068,0,0,0,0,0,-0.7071068,0,0,0,0,0,-0.7071068,0,0,0,0,0,-0.7071068,0
45.81513,55,7,1,0.07728035,1.568868,-0.4812813,0.01290229,-0.8772318,-0.4794193,0.462278,0.6414603,0.2439463,-0.06779898,0.6401321,0.1034126,-0.08048807,1.215306,0.1141456,0.06412867,-0.9401807,-0.2435854,0.1195119,1.525252,-0.6260703,0,0,0,0,-0.7071068,0,0,0,0,0,-0.7071068,0,0,0,0,0,-0.7071068,0,0,0,0,0,-0.7071068,0,0,0,0,0,-0.7071068,0
45.82655,55,7,1,0.07833511,1.565123,-0.485324,0.01396289,-0.8789322,-0.4762269,0.4622768,0.6414993,0.2438507,-0.06821494,0.6402974,0.1030672,-0.07999439,1.215053,0.1134457,0.06274717,-0.9407719,-0.2415964,0.1200056,1.520384,-0.6307259,0,0,0,0,-0.7071068,0,0,0,0,0,-0.7071068,0,0,0,0,0,-0.7071068,0,0,0,0,0,-0.7071068,0,0,0,0,0,-0.7071068,0
45.84854,55,7,1,0.08162648,1.556821,-0.4933931,0.01553018,-0.8832401,-0.4678043,0.4622701,0.6414472,0.2436818,-0.06838015,0.6405019,0.1027559,-0.07905306,1.214512,0.1120572,0.06045009,-0.9420193,-0.2373396,0.1209469,1.510571,-0.6398776,0,0,0,0,-0.7071068,0,0,0,0,0,-0.7071068,0,0,0,0,0,-0.7071068,0,0,0,0,0,-0.7071068,0,0,0,0,0,-0.7071068,0
45.85978,55,7,1,0.08327169,1.552585,-0.4975099,0.01572527,-0.8852636,-0.4637791,0.4621895,0.6413499,0.2436033,-0.0685004,0.6405155,0.1027685,-0.07865987,1.214206,0.1113688,0.05941137,-0.9427246,-0.2349401,0.1213401,1.50555,-0.6444202,0,0,0,0,-0.7071068,0,0,0,0,0,-0.7071068,0,0,0,0,0,-0.7071068,0,0,0,0,0,-0.7071068,0,0,0,0,0,-0.7071068,0
45.88195,55,7,1,0.0877002,1.542944,-0.5061124,0.01342504,-0.8889331,-0.4562042,0.4620008,0.6414692,0.2434658,-0.06844999,0.640209,0.1032068,-0.07807973,1.213501,0.1100021,0.05737613,-0.9443705,-0.2297838,0.1219203,1.495408,-0.6533211,0,0,0,0,-0.7071068,0,0,0,0,0,-0.7071068,0,0,0,0,0,-0.7071068,0,0,0,0,0,-0.7071068,0,0,0,0,0,-0.7071068,0
45.89337,55,7,1,0.08968288,1.538153,-0.5102586,0.01244089,-0.890884,-0.4520769,0.461929,0.64151,0.2433948,-0.06850073,0.6399996,0.1033821,-0.0777965,1.213146,0.1093455,0.05628841,-0.9451832,-0.2273447,0.1222035,1.490235,-0.6577333,0,0,0,0,-0.7071068,0,0,0,0,0,-0.7071068,0,0,0,0,0,-0.7071068,0,0,0,0,0,-0.7071068,0,0,0,0,0,-0.7071068,0
45.91501,55,7,1,0.09362704,1.527704,-0.5195327,0.009229854,-0.8953705,-0.4425607,0.4618713,0.641754,0.2431119,-0.06908032,0.6397027,0.1037354,-0.07728621,1.212589,0.1080451,0.05419426,-0.9467729,-0.2225446,0.1227138,1.480131,-0.6662981,0,0,0,0,-0.7071068,0,0,0,0,0,-0.7071068,0,0,0,0,0,-0.7071068,0,0,0,0,0,-0.7071068,0,0,0,0,0,-0.7071068,0
45.92733,55,7,1,0.09515853,1.522295,-0.5241961,0.006933302,-0.897732,-0.4376131,0.4617369,0.6419321,0.2430545,-0.06929116,0.6395972,0.1038071,-0.0770769,1.212323,0.1074053,0.05312718,-0.9474098,-0.220618,0.1229231,1.475053,-0.6705128,0,0,0,0,-0.7071068,0,0,0,0,0,-0.7071068,0,0,0,0,0,-0.7071068,0,0,0,0,0,-0.7071068,0,0,0,0,0,-0.7071068,0
45.94834,55,7,1,0.09762461,1.511528,-0.5337227,0.002374366,-0.9019918,-0.428856,0.4617055,0.6419905,0.2428987,-0.07003247,0.6392832,0.1033834,-0.07651199,1.211849,0.1062139,0.05158712,-0.9485326,-0.2170058,0.123488,1.464767,-0.678818,0,0,0,0,-0.7071068,0,0,0,0,0,-0.7071068,0,0,0,0,0,-0.7071068,0,0,0,0,0,-0.7071068,0,0,0,0,0,-0.7071068,0
45.95956,55,7,1,0.09839018,1.5062,-0.5386704,0.0006563216,-0.9038793,-0.4251047,0.4617586,0.6420106,0.2428492,-0.07029347,0.6390561,0.1030938,-0.07625407,1.211669,0.1055704,0.05086957,-0.948981,-0.2154113,0.1237459,1.459671,-0.6829389,0,0,0,0,-0.7071068,0,0,0,0,0,-0.7071068,0,0,0,0,0,-0.7071068,0,0,0,0,0,-0.7071068,0,0,0,0,0,-0.7071068,0
45.98175,55,7,1,0.09954531,1.495496,-0.5482208,-0.0007695407,-0.9077287,-0.41723,0.4618368,0.6420434,0.2427696,-0.07076193,0.6387379,0.1027061,-0.0756195,1.211435,0.1042514,0.04953706,-0.9497705,-0.2125276,0.1243805,1.449483,-0.6911277,0,0,0,0,-0.7071068,0,0,0,0,0,-0.7071068,0,0,0,0,0,-0.7071068,0,0,0,0,0,-0.7071068,0,0,0,0,0,-0.7071068,0
45.99355,56,7,1,0.1003165,1.490017,-0.5529349,-0.001717716,-0.9098154,-0.4127857,0.4619625,0.6419913,0.242795,-0.07067094,0.6386155,0.1025993,-0.07523923,1.211371,0.1035585,0.0489462,-0.9501499,-0.2111323,0.1247608,1.444369,-0.6952195,0,0,0,0,-0.7071068,0,0,0,0,0,-0.7071068,0,0,0,0,0,-0.7071068,0,0,0,0,0,-0.7071068,0,0,0,0,0,-0.7071068,0
46.015,56,7,1,0.1023083,1.478797,-0.5626863,-0.004379958,-0.91398,-0.4036375,0.4622137,0.6418666,0.2427041,-0.07014319,0.6386676,0.1021824,-0.07447039,1.211178,0.102128,0.04810309,-0.9507895,-0.2082548,0.1255296,1.433987,-0.7033353,0,0,0,0,-0.7071068,0,0,0,0,0,-0.7071068,0,0,0,0,0,-0.7071068,0,0,0,0,0,-0.7071068,0,0,0,0,0,-0.7071068,0
46.02647,56,7,1,0.1035022,1.473119,-0.5673578,-0.006120548,-0.9159006,-0.3992424,0.4623332,0.6417767,0.2426895,-0.06986218,0.6386947,0.1019311,-0.07406265,1.211042,0.1014024,0.04780781,-0.951117,-0.2066099,0.1259373,1.428872,-0.7072466,0,0,0,0,-0.7071068,0,0,0,0,0,-0.7071068,0,0,0,0,0,-0.7071068,0,0,0,0,0,-0.7071068,0,0,0,0,0,-0.7071068,0
46.04839,56,7,1,0.1066105,1.461321,-0.5765494,-0.009629205,-0.9193007,-0.3909419,0.4624945,0.6415718,0.2427827,-0.06891786,0.6389822,0.1015944,-0.07316557,1.210827,0.0998132,0.0473958,-0.9518199,-0.2029193,0.1268344,1.418299,-0.7152931,0,0,0,0,-0.7071068,0,0,0,0,0,-0.7071068,0,0,0,0,0,-0.7071068,0,0,0,0,0,-0.7071068,0,0,0,0,0,-0.7071068,0
46.06003,56,7,1,0.1084085,1.455334,-0.5809018,-0.01205476,-0.9209071,-0.386826,0.4625244,0.6415796,0.2428163,-0.06883963,0.6390568,0.1014153,-0.07270456,1.21068,0.09898845,0.04718079,-0.9521928,-0.2010652,0.1272954,1.41305,-0.7192166,0,0,0,0,-0.7071068,0,0,0,0,0,-0.7071068,0,0,0,0,0,-0.7071068,0,0,0,0,0,-0.7071068,0,0,0,0,0,-0.7071068,0
46.08189,56,7,1,0.1119425,1.443241,-0.5897987,-0.01903281,-0.9243352,-0.3778371,0.4625162,0.6414899,0.2428739,-0.06904608,0.6393474,0.1010909,-0.07179071,1.210492,0.09729472,0.04645648,-0.9529642,-0.1972528,0.1282093,1.402473,-0.7270576,0,0,0,0,-0.7071068,0,0,0,0,0,-0.7071068,0,0,0,0,0,-0.7071068,0,0,0,0,0,-0.7071068,0,0,0,0,0,-0.7071068,0
46.09323,56,7,1,0.1137164,1.437061,-0.5942389,-0.02243626,-0.9260546,-0.3731585,0.4624969,0.6414996,0.2428711,-0.06941742,0.6394914,0.1007117,-0.07132194,1.210357,0.09638885,0.04606619,-0.9533441,-0.195266,0.1286781,1.397,-0.7310382,0,0,0,0,-0.7071068,0,0,0,0,0,-0.7071068,0,0,0,0,0,-0.7071068,0,0,0,0,0,-0.7071068,0,0,0,0,0,-0.7071068,0
46.115,56,7,1,0.1166586,1.425205,-0.6026128,-0.02483782,-0.9293182,-0.3644403,0.4624424,0.6415505,0.2428039,-0.07006947,0.6397772,0.1001578,-0.0702738,1.210044,0.09449282,0.04528288,-0.9542189,-0.190978,0.1297262,1.386078,-0.7388798,0,0,0,0,-0.7071068,0,0,0,0,0,-0.7071068,0,0,0,0,0,-0.7071068,0,0,0,0,0,-0.7071068,0,0,0,0,0,-0.7071068,0
46.1268,56,7,1,0.1178907,1.419163,-0.6068316,-0.02584346,-0.9309945,-0.3599936,0.4623879,0.6415826,0.2427728,-0.07051495,0.6399158,0.09978537,-0.06979275,1.209892,0.09355533,0.04453292,-0.9547409,-0.1885642,0.1302072,1.380779,-0.7426245,0,0,0,0,-0.7071068,0,0,0,0,0,-0.7071068,0,0,0,0,0,-0.7071068,0,0,0,0,0,-0.7071068,0,0,0,0,0,-0.7071068,0
46.14822,56,7,1,0.1199606,1.407369,-0.6148935,-0.02894364,-0.9342723,-0.3512343,0.4624685,0.6415305,0.2426802,-0.07125145,0.6403216,0.09868552,-0.06874511,1.209568,0.09158182,0.04280526,-0.9556999,-0.1840878,0.1312549,1.369789,-0.7502568,0,0,0,0,-0.7071068,0,0,0,0,0,-0.7071068,0,0,0,0,0,-0.7071068,0,0,0,0,0,-0.7071068,0,0,0,0,0,-0.7071068,0
46.15987,56,7,1,0.1209617,1.401587,-0.6187463,-0.03076677,-0.9358737,-0.3468773,0.4624043,0.6414899,0.2425693,-0.07182879,0.6406167,0.09819146,-0.06826408,1.209392,0.09055691,0.04176313,-0.9561726,-0.1818528,0.1317359,1.364275,-0.7540348,0,0,0,0,-0.7071068,0,0,0,0,0,-0.7071068,0,0,0,0,0,-0.7071068,0,0,0,0,0,-0.7071068,0,0,0,0,0,-0.7071068,0
46.18162,56,7,1,0.1225823,1.390529,-0.6256524,-0.03232269,-0.9389347,-0.3386976,0.4623573,0.6414586,0.2424276,-0.07237715,0.641115,0.09735715,-0.06736529,1.20893,0.08832256,0.04002512,-0.9572165,-0.1768168,0.1326347,1.352829,-0.7617726,0,0,0,0,-0.7071068,0,0,0,0,0,-0.7071068,0,0,0,0,0,-0.7071068,0,0,0,0,0,-0.7071068,0,0,0,0,0,-0.7071068,0
46.19307,56,7,1,0.1236326,1.384919,-0.6291779,-0.03340618,-0.9402988,-0.334803,0.4623349,0.6414341,0.2423795,-0.07257264,0.6412594,0.09703062,-0.06692442,1.208628,0.0872401,0.03922248,-0.9577723,-0.1741928,0.1330756,1.347229,-0.7654325,0,0,0,0,-0.7071068,0,0,0,0,0,-0.7071068,0,0,0,0,0,-0.7071068,0,0,0,0,0,-0.7071068,0,0,0,0,0,-0.7071068,0
46.21506,56,7,1,0.1260367,1.374276,-0.6355174,-0.03439836,-0.9425635,-0.3278515,0.4622984,0.6413871,0.2423308,-0.07309834,0.6412718,0.09646388,-0.06612782,1.208014,0.08497193,0.03770735,-0.9588885,-0.1689221,0.1338722,1.335627,-0.7728909,0,0,0,0,-0.7071068,0,0,0,0,0,-0.7071068,0,0,0,0,0,-0.7071068,0,0,0,0,0,-0.7071068,0,0,0,0,0,-0.7071068,0
46.22646,56,7,1,0.1274355,1.368919,-0.6385444,-0.03524153,-0.9435974,-0.3244408,0.4623125,0.6413878,0.2423278,-0.07340517,0.6412366,0.09604057,-0.06568345,1.207689,0.08379532,0.03707639,-0.9593689,-0.1664362,0.1343165,1.329804,-0.7765863,0,0,0,0,-0.7071068,0,0,0,0,0,-0.7071068,0,0,0,0,0,-0.7071068,0,0,0,0,0,-0.7071068,0,0,0,0,0,-0.7071068,0
46.24836,56,7,1,0.1301956,1.358508,-0.6443875,-0.03756414,-0.9458264,-0.3169512,0.4623722,0.6413636,0.2422536,-0.07381466,0.6412798,0.09514381,-0.06477948,1.207236,0.08144212,0.03598121,-0.9603417,-0.1613519,0.1352205,1.318371,-0.7838162,0,0,0,0,-0.7071068,0,0,0,0,0,-0.7071068,0,0,0,0,0,-0.7071068,0,0,0,0,0,-0.7071068,0,0,0,0,0,-0.7071068,0
46.2598,56,7,1,0.1313886,1.353612,-0.6470638,-0.0378989,-0.9469326,-0.3132554,0.4624061,0.6413754,0.2421806,-0.07407314,0.6413372,0.09477478,-0.06439459,1.207,0.08028074,0.03552817,-0.9608065,-0.158743,0.1356054,1.312522,-0.7873934,0,0,0,0,-0.7071068,0,0,0,0,0,-0.7071068,0,0,0,0,0,-0.7071068,0,0,0,0,0,-0.7071068,0,0,0,0,0,-0.7071068,0
46.28172,56,7,1,0.1332222,1.344392,-0.6522501,-0.03633642,-0.9490688,-0.3064622,0.4624647,0.6413524,0.2421114,-0.07428582,0.6414547,0.09411991,-0.06369486,1.206513,0.07793657,0.03475877,-0.9617702,-0.15356,0.1363051,1.30093,-0.7943643,0,0,0,0,-0.7071068,0,0,0,0,0,-0.7071068,0,0,0,0,0,-0.7071068,0,0,0,0,0,-0.7071068,0,0,0,0,0,-0.7071068,0
46.29333,56,7,1,0.1340209,1.339906,-0.6548281,-0.03607766,-0.9500004,-0.3034894,0.4624952,0.6413479,0.2420633,-0.07451647,0.6413888,0.0937858,-0.06335246,1.206278,0.07675053,0.03439153,-0.9622126,-0.1511026,0.1366476,1.295014,-0.79784,0,0,0,0,-0.7071068,0,0,0,0,0,-0.7071068,0,0,0,0,0,-0.7071068,0,0,0,0,0,-0.7071068,0,0,0,0,0,-0.7071068,0
46.31493,56,7,1,0.1353486,1.331487,-0.6596261,-0.0367551,-0.951527,-0.2987006,0.4625986,0.641353,0.2419086,-0.07489797,0.6414236,0.09304586,-0.06264218,1.205778,0.07434811,0.03395485,-0.9630231,-0.1461644,0.1373578,1.283306,-0.8046089,0,0,0,0,-0.7071068,0,0,0,0,0,-0.7071068,0,0,0,0,0,-0.7071068,0,0,0,0,0,-0.7071068,0,0,0,0,0,-0.7071068,0
46.32644,56,7,1,0.1360278,1.327324,-0.6620207,-0.03712904,-0.9522603,-0.2963456,0.462635,0.6413237,0.2418557,-0.07494532,0.6414109,0.09283517,-0.06231143,1.205524,0.0731837,0.03393917,-0.9633974,-0.1436885,0.1376886,1.277391,-0.8079035,0,0,0,0,-0.7071068,0,0,0,0,0,-0.7071068,0,0,0,0,0,-0.7071068,0,0,0,0,0,-0.7071068,0,0,0,0,0,-0.7071068,0
46.34828,56,7,1,0.1374197,1.319012,-0.6664289,-0.03880635,-0.9537414,-0.2912547,0.462673,0.6411453,0.2417235,-0.07499487,0.6413311,0.09247183,-0.06157776,1.204981,0.07084252,0.03379346,-0.9641523,-0.1387488,0.1384223,1.265433,-0.8143887,0,0,0,0,-0.7071068,0,0,0,0,0,-0.7071068,0,0,0,0,0,-0.7071068,0,0,0,0,0,-0.7071068,0,0,0,0,0,-0.7071068,0
46.35975,56,7,1,0.1382473,1.31495,-0.668602,-0.03993987,-0.954411,-0.2887898,0.4627526,0.641165,0.2417305,-0.07509172,0.6412282,0.09223032,-0.06118466,1.204647,0.06970611,0.03382115,-0.9644892,-0.1363279,0.1388153,1.259426,-0.8175099,0,0,0,0,-0.7071068,0,0,0,0,0,-0.7071068,0,0,0,0,0,-0.7071068,0,0,0,0,0,-0.7071068,0,0,0,0,0,-0.7071068,0
46.38169,56,7,0,0.1400723,1.306766,-0.6728874,-0.04171068,-0.9556931,-0.2838513,0.4628262,0.6411841,0.2417272,-0.07508048,0.6408305,0.09206887,-0.06036835,1.203913,0.06753111,0.03378811,-0.9651799,-0.1310988,0.1396317,1.247272,-0.823533,0,0,0,0,-0.7071068,0,0,0,0,0,-0.7071068,0,0,0,0,0,-0.7071068,0,0,0,0,0,-0.7071068,0,0,0,0,0,-0.7071068,0
46.39325,56,7,0,0.1409961,1.302631,-0.6749564,-0.04283173,-0.9562652,-0.2815125,0.4628522,0.6412178,0.2417208,-0.07515243,0.640707,0.09203526,-0.05991139,1.203526,0.06648879,0.03372663,-0.9655101,-0.1284211,0.1400886,1.24105,-0.8264663,0,0,0,0,-0.7071068,0,0,0,0,0,-0.7071068,0,0,0,0,0,-0.7071068,0,0,0,0,0,-0.7071068,0,0,0,0,0,-0.7071068,0
46.41481,56,7,0,0.1429225,1.294505,-0.6790493,-0.04597496,-0.9572378,-0.2772806,0.4628475,0.6412083,0.2416452,-0.07517772,0.6406013,0.09218804,-0.05894626,1.20279,0.06434893,0.03314789,-0.9660538,-0.1233749,0.1410537,1.22883,-0.8321805,0,0,0,0,-0.7071068,0,0,0,0,0,-0.7071068,0,0,0,0,0,-0.7071068,0,0,0,0,0,-0.7071068,0,0,0,0,0,-0.7071068,0
46.4277,56,7,0,0.1436985,1.290444,-0.6810811,-0.04705109,-0.9577581,-0.2752063,0.4628617,0.6411902,0.241606,-0.07511082,0.6406025,0.09213426,-0.05844285,1.202454,0.06336224,0.03263596,-0.9663142,-0.1209075,0.1415572,1.222751,-0.834882,0,0,0,0,-0.7071068,0,0,0,0,0,-0.7071068,0,0,0,0,0,-0.7071068,0,0,0,0,0,-0.7071068,0,0,0,0,0,-0.7071068,0
46.44815,56,7,0,0.1452544,1.282016,-0.6851144,-0.04847338,-0.9590366,-0.2703582,0.4628728,0.6411747,0.2415219,-0.07506653,0.6406924,0.09179061,-0.05736653,1.201764,0.06143917,0.03148668,-0.9668171,-0.115773,0.1426335,1.210447,-0.8401268,0,0,0,0,-0.7071068,0,0,0,0,0,-0.7071068,0,0,0,0,0,-0.7071068,0,0,0,0,0,-0.7071068,0,0,0,0,0,-0.7071068,0
46.45971,56,7,0,0.145991,1.277778,-0.6872247,-0.04901688,-0.9597704,-0.2676079,0.4629011,0.6411145,0.241444,-0.07494253,0.6408314,0.09155038,-0.05677335,1.201446,0.06052247,0.03064103,-0.9670788,-0.1131337,0.1432267,1.204275,-0.8426443,0,0,0,0,-0.7071068,0,0,0,0,0,-0.7071068,0,0,0,0,0,-0.7071068,0,0,0,0,0,-0.7071068,0,0,0,0,0,-0.7071068,0
46.48151,56,7,0,0.1474081,1.269034,-0.6912451,-0.05019086,-0.9613588,-0.2616041,0.4628501,0.6410764,0.2412909,-0.07502051,0.6409183,0.09127466,-0.05557127,1.200735,0.05868908,0.02860035,-0.967553,-0.1081704,0.1444287,1.191801,-0.8475475,0,0,0,0,-0.7071068,0,0,0,0,0,-0.7071068,0,0,0,0,0,-0.7071068,0,0,0,0,0,-0.7071068,0,0,0,0,0,-0.7071068,0
46.49307,56,7,0,0.1480475,1.264435,-0.6932929,-0.04945324,-0.9622645,-0.2584155,0.4627636,0.6411208,0.2413319,-0.07510591,0.6409174,0.09105186,-0.05491325,1.20031,0.05784211,0.02745659,-0.9678059,-0.1055075,0.1450868,1.185554,-0.8498415,0,0,0,0,-0.7071068,0,0,0,0,0,-0.7071068,0,0,0,0,0,-0.7071068,0,0,0,0,0,-0.7071068,0,0,0,0,0,-0.7071068,0
46.51495,56,7,0,0.1494175,1.255351,-0.6969755,-0.04866602,-0.9638121,-0.2524633,0.4627258,0.6411397,0.2413729,-0.07536601,0.6408973,0.09050174,-0.05369528,1.199406,0.05622773,0.02480529,-0.968242,-0.1000002,0.1463047,1.172896,-0.8542334,0,0,0,0,-0.7071068,0,0,0,0,0,-0.7071068,0,0,0,0,0,-0.7071068,0,0,0,0,0,-0.7071068,0,0,0,0,0,-0.7071068,0
46.52646,56,7,0,0.1502301,1.250755,-0.698849,-0.05018488,-0.9644666,-0.249421,0.4626185,0.6411972,0.2414465,-0.07550271,0.6408302,0.09051885,-0.05310258,1.198927,0.05551811,0.0236566,-0.9684252,-0.09729415,0.1468974,1.166444,-0.856281,0,0,0,0,-0.7071068,0,0,0,0,0,-0.7071068,0,0,0,0,0,-0.7071068,0,0,0,0,0,-0.7071068,0,0,0,0,0,-0.7071068,0
46.54822,56,7,0,0.1520348,1.241259,-0.7024019,-0.05426963,-0.9657086,-0.2433503,0.4625849,0.6412631,0.2416751,-0.07588198,0.6405997,0.09063179,-0.05181679,1.198092,0.0539159,0.02181256,-0.9687754,-0.09177195,0.1481832,1.153846,-0.860375,0,0,0,0,-0.7071068,0,0,0,0,0,-0.7071068,0,0,0,0,0,-0.7071068,0,0,0,0,0,-0.7071068,0,0,0,0,0,-0.7071068,0
46.55973,56,7,0,0.152781,1.236517,-0.7040978,-0.05467153,-0.9664059,-0.240311,0.462602,0.6411867,0.2417222,-0.07594484,0.640479,0.09060955,-0.05120069,1.197661,0.05310707,0.02087946,-0.9688658,-0.08961786,0.1487993,1.147447,-0.8623759,0,0,0,0,-0.7071068,0,0,0,0,0,-0.7071068,0,0,0,0,0,-0.7071068,0,0,0,0,0,-0.7071068,0,0,0,0,0,-0.7071068,0
46.5816,56,7,0,0.1541909,1.227172,-0.7074695,-0.05182132,-0.9678874,-0.2344219,0.4626549,0.6411477,0.2419513,-0.07574341,0.6404271,0.09062899,-0.05003865,1.196827,0.05160409,0.01975606,-0.9691602,-0.08460155,0.1499614,1.134743,-0.8661063,0,0,0,0,-0.7071068,0,0,0,0,0,-0.7071068,0,0,0,0,0,-0.7071068,0,0,0,0,0,-0.7071068,0,0,0,0,0,-0.7071068,0
46.59292,56,7,0,0.1548042,1.222373,-0.7090941,-0.05040882,-0.9686593,-0.2312223,0.4627366,0.6410834,0.2421308,-0.07519697,0.6404864,0.09069942,-0.04946093,1.196377,0.05087551,0.01948564,-0.9693303,-0.08191474,0.1505391,1.128296,-0.867888,0,0,0,0,-0.7071068,0,0,0,0,0,-0.7071068,0,0,0,0,0,-0.7071068,0,0,0,0,0,-0.7071068,0,0,0,0,0,-0.7071068,0
46.61477,56,7,0,0.1560578,1.21235,-0.7125021,-0.05345694,-0.9698988,-0.2249491,0.4627273,0.6408665,0.242204,-0.0745454,0.6404994,0.09104884,-0.04839194,1.195483,0.04944989,0.01916799,-0.9696051,-0.07684651,0.1516081,1.115466,-0.8712667,0,0,0,0,-0.7071068,0,0,0,0,0,-0.7071068,0,0,0,0,0,-0.7071068,0,0,0,0,0,-0.7071068,0,0,0,0,0,-0.7071068,0
46.62675,56,7,0,0.1566232,1.207276,-0.7142773,-0.05509409,-0.970531,-0.2217175,0.4627272,0.6407954,0.2422372,-0.07426675,0.6406057,0.09096408,-0.04787058,1.195124,0.04863158,0.01847723,-0.9697157,-0.07436853,0.1521294,1.109215,-0.8729791,0,0,0,0,-0.7071068,0,0,0,0,0,-0.7071068,0,0,0,0,0,-0.7071068,0,0,0,0,0,-0.7071068,0,0,0,0,0,-0.7071068,0
46.64817,56,7,0,0.157473,1.19729,-0.7175811,-0.05674384,-0.9718843,-0.2151325,0.4627726,0.6407211,0.2422346,-0.07410998,0.6408649,0.09075458,-0.04695004,1.194426,0.04733511,0.01785522,-0.9699638,-0.0693716,0.15305,1.096551,-0.8759504,0,0,0,0,-0.7071068,0,0,0,0,0,-0.7071068,0,0,0,0,0,-0.7071068,0,0,0,0,0,-0.7071068,0,0,0,0,0,-0.7071068,0
46.65979,56,7,0,0.1578605,1.192287,-0.7192114,-0.05789556,-0.9725231,-0.2118503,0.4627765,0.6406939,0.2422465,-0.07416552,0.6409948,0.09075631,-0.04643128,1.194065,0.0466472,0.0176385,-0.9700567,-0.0670336,0.1535687,1.090142,-0.877413,0,0,0,0,-0.7071068,0,0,0,0,0,-0.7071068,0,0,0,0,0,-0.7071068,0,0,0,0,0,-0.7071068,0,0,0,0,0,-0.7071068,0
46.68139,56,7,0,0.1589534,1.182603,-0.7223726,-0.06175748,-0.9735441,-0.2058468,0.462791,0.6406773,0.2420989,-0.07469373,0.6413383,0.09032159,-0.04546323,1.193487,0.04532658,0.01750947,-0.9701284,-0.06285563,0.1545368,1.077479,-0.8801379,0,0,0,0,-0.7071068,0,0,0,0,0,-0.7071068,0,0,0,0,0,-0.7071068,0,0,0,0,0,-0.7071068,0,0,0,0,0,-0.7071068,0
46.69302,56,7,0,0.1593837,1.177835,-0.7238887,-0.06395184,-0.9739999,-0.2029944,0.4627778,0.6406752,0.2420743,-0.07492953,0.6413864,0.09005048,-0.0450418,1.193167,0.04470692,0.01740163,-0.97012,-0.06079516,0.1549582,1.071278,-0.8813721,0,0,0,0,-0.7071068,0,0,0,0,0,-0.7071068,0,0,0,0,0,-0.7071068,0,0,0,0,0,-0.7071068,0,0,0,0,0,-0.7071068,0
46.71494,56,7,0,0.1601506,1.168396,-0.7267719,-0.06465913,-0.9751278,-0.1972503,0.4628949,0.6407677,0.2419457,-0.0752479,0.6416551,0.08969662,-0.04395722,1.192407,0.04338102,0.01720349,-0.9701367,-0.05683657,0.1560428,1.058499,-0.8838138,0,0,0,0,-0.7071068,0,0,0,0,0,-0.7071068,0,0,0,0,0,-0.7071068,0,0,0,0,0,-0.7071068,0,0,0,0,0,-0.7071068,0
46.72658,56,7,0,0.1605013,1.163753,-0.728242,-0.06422921,-0.9757634,-0.1940835,0.4629065,0.6407639,0.2418959,-0.0753527,0.6417859,0.08960411,-0.0434013,1.192004,0.04260584,0.0170895,-0.9701518,-0.05487537,0.1565987,1.051927,-0.8850889,0,0,0,0,-0.7071068,0,0,0,0,0,-0.7071068,0,0,0,0,0,-0.7071068,0,0,0,0,0,-0.7071068,0,0,0,0,0,-0.7071068,0
46.74818,56,7,0,0.1613414,1.154515,-0.73084,-0.06570289,-0.9767554,-0.1882217,0.4629395,0.6406822,0.2417706,-0.07540938,0.6419569,0.08923085,-0.04226921,1.191202,0.04090979,0.01708146,-0.9702122,-0.0508544,0.1577308,1.039172,-0.8876137,0,0,0,0,-0.7071068,0,0,0,0,0,-0.7071068,0,0,0,0,0,-0.7071068,0,0,0,0,0,-0.7071068,0,0,0,0,0,-0.7071068,0
46.75972,56,7,0,0.1618236,1.149909,-0.7321842,-0.06673913,-0.9771484,-0.1855342,0.4629501,0.6406326,0.2417389,-0.07540046,0.642069,0.08917008,-0.04166956,1.190719,0.0399474,0.01731097,-0.9702736,-0.0485255,0.1583304,1.03259,-0.8889279,0,0,0,0,-0.7071068,0,0,0,0,0,-0.7071068,0,0,0,0,0,-0.7071068,0,0,0,0,0,-0.7071068,0,0,0,0,0,-0.7071068,0
46.78141,56,7,0,0.1627446,1.140569,-0.7343324,-0.06746194,-0.97791,-0.180542,0.4629351,0.6405879,0.2416106,-0.07560278,0.6423243,0.08893026,-0.04035281,1.189584,0.03777645,0.01846457,-0.9704055,-0.04370433,0.1596472,1.019448,-0.8916516,0,0,0,0,-0.7071068,0,0,0,0,0,-0.7071068,0,0,0,0,0,-0.7071068,0,0,0,0,0,-0.7071068,0,0,0,0,0,-0.7071068,0
46.79343,56,7,0,0.1633074,1.135766,-0.7356005,-0.06722264,-0.9783611,-0.17748,0.4628134,0.6406531,0.2415505,-0.0758114,0.6425341,0.08879799,-0.03967012,1.188978,0.03666583,0.01879233,-0.97057,-0.04097563,0.1603299,1.01278,-0.8929709,0,0,0,0,-0.7071068,0,0,0,0,0,-0.7071068,0,0,0,0,0,-0.7071068,0,0,0,0,0,-0.7071068,0,0,0,0,0,-0.7071068,0
46.81473,56,7,0,0.1643791,1.125896,-0.7375847,-0.07006943,-0.9790739,-0.170903,0.4627697,0.6406908,0.2412977,-0.07628518,0.6428323,0.08857737,-0.03799704,1.187675,0.03393922,0.01950654,-0.9709704,-0.03549075,0.162003,0.9993799,-0.8959729,0,0,0,0,-0.7071068,0,0,0,0,0,-0.7071068,0,0,0,0,0,-0.7071068,0,0,0,0,0,-0.7071068,0,0,0,0,0,-0.7071068,0
46.82663,56,7,0,0.1648842,1.121055,-0.7387324,-0.07151613,-0.9794012,-0.1678807,0.4626797,0.6406906,0.2412435,-0.07671577,0.6428976,0.08833234,-0.03712481,1.186938,0.03242428,0.01955537,-0.9712512,-0.03234625,0.1628752,0.9926099,-0.8975551,0,0,0,0,-0.7071068,0,0,0,0,0,-0.7071068,0,0,0,0,0,-0.7071068,0,0,0,0,0,-0.7071068,0,0,0,0,0,-0.7071068,0
46.84797,56,7,0,0.1654287,1.111755,-0.740742,-0.07258865,-0.9799335,-0.1638034,0.4624867,0.6407921,0.2412075,-0.07746115,0.6428111,0.08819085,-0.03527026,1.185378,0.02930453,0.01821191,-0.9718964,-0.02473359,0.1647297,0.9790221,-0.9006696,0,0,0,0,-0.7071068,0,0,0,0,0,-0.7071068,0,0,0,0,0,-0.7071068,0,0,0,0,0,-0.7071068,0,0,0,0,0,-0.7071068,0
46.85956,56,7,0,0.1656811,1.107188,-0.7417784,-0.07350529,-0.9801329,-0.162041,0.4623646,0.6408839,0.2412443,-0.07786971,0.6426733,0.08817725,-0.03435257,1.184468,0.0276469,0.01717588,-0.9721987,-0.02106158,0.1656474,0.9720506,-0.9022542,0,0,0,0,-0.7071068,0,0,0,0,0,-0.7071068,0,0,0,0,0,-0.7071068,0,0,0,0,0,-0.7071068,0,0,0,0,0,-0.7071068,0
46.88128,56,7,0,0.1659272,1.097847,-0.7439454,-0.075701,-0.980655,-0.1579668,0.4621375,0.6410598,0.2412711,-0.07853246,0.6424421,0.0882384,-0.03261418,1.182655,0.02435318,0.01342025,-0.9728609,-0.01245086,0.1673858,0.9581078,-0.9052604,0,0,0,0,-0.7071068,0,0,0,0,0,-0.7071068,0,0,0,0,0,-0.7071068,0,0,0,0,0,-0.7071068,0,0,0,0,0,-0.7071068,0
46.89332,56,7,0,0.1659255,1.092917,-0.7451463,-0.07715351,-0.9810269,-0.1552307,0.4621013,0.6411055,0.2413711,-0.07879265,0.6423321,0.08832353,-0.03173428,1.181796,0.02263229,0.01159904,-0.9731053,-0.008235985,0.1682657,0.9512537,-0.9067695,0,0,0,0,-0.7071068,0,0,0,0,0,-0.7071068,0,0,0,0,0,-0.7071068,0,0,0,0,0,-0.7071068,0,0,0,0,0,-0.7071068,0
46.9146,56,7,0,0.1660127,1.08269,-0.7476786,-0.07875261,-0.9818991,-0.1488785,0.4621959,0.6410537,0.2414183,-0.07900084,0.6421016,0.08782881,-0.02986261,1.180013,0.01942774,0.008655086,-0.9734489,-0.0002130819,0.1701374,0.9372929,-0.9094014,0,0,0,0,-0.7071068,0,0,0,0,0,-0.7071068,0,0,0,0,0,-0.7071068,0,0,0,0,0,-0.7071068,0,0,0,0,0,-0.7071068,0
46.92641,56,7,0,0.1660206,1.077514,-0.7489062,-0.07952231,-0.9822959,-0.1457126,0.4622774,0.6410321,0.2414672,-0.07888689,0.6421365,0.08780888,-0.02886004,1.1792,0.01771925,0.007639915,-0.9735494,0.00376439,0.17114,0.9305441,-0.9107617,0,0,0,0,-0.7071068,0,0,0,0,0,-0.7071068,0,0,0,0,0,-0.7071068,0,0,0,0,0,-0.7071068,0,0,0,0,0,-0.7071068,0
46.94794,56,7,0,0.1661168,1.066975,-0.7515255,-0.08253913,-0.9829365,-0.1392937,0.4625112,0.6406968,0.2414639,-0.07846701,0.6424633,0.08692606,-0.02683183,1.177637,0.01432088,0.006164506,-0.9737261,0.0111335,0.1731682,0.9168779,-0.913309,0,0,0,0,-0.7071068,0,0,0,0,0,-0.7071068,0,0,0,0,0,-0.7071068,0,0,0,0,0,-0.7071068,0,0,0,0,0,-0.7071068,0
46.95936,56,7,0,0.1660655,1.061585,-0.752859,-0.08412699,-0.9832548,-0.1360402,0.4627024,0.6406442,0.2413314,-0.07832003,0.6427761,0.08650147,-0.02582385,1.17687,0.01260518,0.005602188,-0.9737879,0.01466212,0.1741762,0.9101208,-0.9145335,0,0,0,0,-0.7071068,0,0,0,0,0,-0.7071068,0,0,0,0,0,-0.7071068,0,0,0,0,0,-0.7071068,0,0,0,0,0,-0.7071068,0
46.98153,56,7,0,0.1658203,1.050971,-0.7555779,-0.08569314,-0.9840035,-0.1297423,0.4629147,0.6405013,0.2411258,-0.07817455,0.6434299,0.08545797,-0.02386035,1.175408,0.009333991,0.004387281,-0.9738479,0.02150993,0.1761397,0.8966091,-0.9166754,0,0,0,0,-0.7071068,0,0,0,0,0,-0.7071068,0,0,0,0,0,-0.7071068,0,0,0,0,0,-0.7071068,0,0,0,0,0,-0.7071068,0
46.99299,56,7,0,0.1655922,1.045716,-0.7569531,-0.0861656,-0.9843702,-0.1269405,0.4630003,0.640468,0.2408973,-0.07838393,0.6437262,0.08481091,-0.02295876,1.174699,0.007730665,0.003728122,-0.9738349,0.02479534,0.1770412,0.8897568,-0.9176303,0,0,0,0,-0.7071068,0,0,0,0,0,-0.7071068,0,0,0,0,0,-0.7071068,0,0,0,0,0,-0.7071068,0,0,0,0,0,-0.7071068,0
47.01457,56,7,0,0.1650272,1.034968,-0.7595829,-0.08888386,-0.9848397,-0.1221007,0.4629857,0.6403931,0.2405191,-0.07933138,0.6442459,0.08358462,-0.02116935,1.17338,0.004576569,0.002351416,-0.9737423,0.03114703,0.1788307,0.8764181,-0.9193732,0,0,0,0,-0.7071068,0,0,0,0,0,-0.7071068,0,0,0,0,0,-0.7071068,0,0,0,0,0,-0.7071068,0,0,0,0,0,-0.7071068,0
47.0266,56,7,0,0.1647698,1.029481,-0.7608372,-0.09119764,-0.984952,-0.1197509,0.4629515,0.6404346,0.2403292,-0.0800951,0.6444365,0.08302987,-0.02023372,1.172662,0.003009606,0.001730921,-0.9736934,0.03417378,0.1797663,0.8698639,-0.9201866,0,0,0,0,-0.7071068,0,0,0,0,0,-0.7071068,0,0,0,0,0,-0.7071068,0,0,0,0,0,-0.7071068,0,0,0,0,0,-0.7071068,0
47.0479,56,7,0,0.1644007,1.018222,-0.7632974,-0.0960296,-0.9851586,-0.1144856,0.4629795,0.6404042,0.2400231,-0.08130241,0.644587,0.08197101,-0.01858405,1.171212,1.033582E-05,0.0007694922,-0.9735239,0.04072041,0.1814159,0.8564809,-0.9215056,0,0,0,0,-0.7071068,0,0,0,0,0,-0.7071068,0,0,0,0,0,-0.7071068,0,0,0,0,0,-0.7071068,0,0,0,0,0,-0.7071068,0
47.05954,56,7,0,0.1641532,1.012278,-0.7643143,-0.09782746,-0.9853468,-0.1113921,0.4629712,0.6403792,0.2400454,-0.0818065,0.6445749,0.08163387,-0.01768296,1.170413,-0.001486056,0.0003866777,-0.9734635,0.04397224,0.182317,0.8496653,-0.9220831,0,0,0,0,-0.7071068,0,0,0,0,0,-0.7071068,0,0,0,0,0,-0.7071068,0,0,0,0,0,-0.7071068,0,0,0,0,0,-0.7071068,0
47.0812,56,7,0,0.1637437,1.000236,-0.7668074,-0.1005886,-0.9858924,-0.1037812,0.4629866,0.6405729,0.2400056,-0.08278038,0.6443926,0.08111557,-0.01605864,1.16902,-0.004282942,-0.0010665,-0.9731976,0.05008754,0.1839414,0.8363407,-0.9229157,0,0,0,0,-0.7071068,0,0,0,0,0,-0.7071068,0,0,0,0,0,-0.7071068,0,0,0,0,0,-0.7071068,0,0,0,0,0,-0.7071068,0
47.09287,56,7,0,0.1640119,0.9945881,-0.7679268,-0.1021278,-0.9860998,-0.09993389,0.4629972,0.6407088,0.2398126,-0.08305193,0.6442645,0.08071022,-0.01535601,1.168278,-0.005641017,-0.002002189,-0.9730301,0.05287869,0.184644,0.829659,-0.9232247,0,0,0,0,-0.7071068,0,0,0,0,0,-0.7071068,0,0,0,0,0,-0.7071068,0,0,0,0,0,-0.7071068,0,0,0,0,0,-0.7071068,0
47.11464,56,7,0,0.1635001,0.9824778,-0.7696913,-0.1047689,-0.9864199,-0.0928129,0.463054,0.6407095,0.23975,-0.08324174,0.64417,0.08001206,-0.01396066,1.166961,-0.008312411,-0.004387783,-0.9726296,0.05852456,0.1860393,0.8163291,-0.9236293,0,0,0,0,-0.7071068,0,0,0,0,0,-0.7071068,0,0,0,0,0,-0.7071068,0,0,0,0,0,-0.7071068,0,0,0,0,0,-0.7071068,0
47.12624,56,7,0,0.1633805,0.976705,-0.7705399,-0.1056781,-0.9865984,-0.08957082,0.4630814,0.6406645,0.2397306,-0.0832298,0.6442415,0.07963753,-0.01322779,1.166422,-0.009610876,-0.005273439,-0.9724162,0.06128792,0.1867722,0.809929,-0.9237509,0,0,0,0,-0.7071068,0,0,0,0,0,-0.7071068,0,0,0,0,0,-0.7071068,0,0,0,0,0,-0.7071068,0,0,0,0,0,-0.7071068,0
47.14781,56,7,0,0.1628174,0.9652299,-0.7719811,-0.1061763,-0.987014,-0.08401355,0.4632196,0.640481,0.2396553,-0.08314031,0.6443294,0.07841255,-0.01194314,1.165184,-0.01212898,-0.006399458,-0.9719386,0.06679815,0.1880569,0.7968269,-0.9237429,0,0,0,0,-0.7071068,0,0,0,0,0,-0.7071068,0,0,0,0,0,-0.7071068,0,0,0,0,0,-0.7071068,0,0,0,0,0,-0.7071068,0
47.15952,56,7,0,0.1626996,0.9596628,-0.7725848,-0.1066711,-0.9871284,-0.08137636,0.4632085,0.6404862,0.2396424,-0.08327079,0.6442825,0.07808603,-0.01127125,1.164571,-0.01337545,-0.006598916,-0.9716691,0.06961666,0.1887287,0.7904357,-0.923689,0,0,0,0,-0.7071068,0,0,0,0,0,-0.7071068,0,0,0,0,0,-0.7071068,0,0,0,0,0,-0.7071068,0,0,0,0,0,-0.7071068,0
47.18134,56,7,1,0.1625226,0.9484018,-0.7737902,-0.1103177,-0.9871458,-0.07528645,0.4632038,0.6405988,0.2397382,-0.08367495,0.6440795,0.07740524,-0.009955131,1.163341,-0.01580137,-0.006498031,-0.9710988,0.07458211,0.1900449,0.7773536,-0.9233029,0,0,0,0,-0.7071068,0,0,0,0,0,-0.7071068,0,0,0,0,0,-0.7071068,0,0,0,0,0,-0.7071068,0,0,0,0,0,-0.7071068,0
47.19285,56,7,1,0.1623727,0.9428434,-0.7742668,-0.112164,-0.9871356,-0.07225799,0.4631697,0.6405966,0.239756,-0.08405541,0.6438946,0.07696271,-0.009342273,1.162797,-0.01702198,-0.006608926,-0.9708316,0.07698848,0.1906577,0.7709231,-0.923054,0,0,0,0,-0.7071068,0,0,0,0,0,-0.7071068,0,0,0,0,0,-0.7071068,0,0,0,0,0,-0.7071068,0,0,0,0,0,-0.7071068,0
47.21452,56,7,1,0.161984,0.9319621,-0.7751833,-0.1146629,-0.9872298,-0.0663642,0.4630136,0.6406305,0.2397668,-0.08466543,0.6434411,0.07638443,-0.008241321,1.161668,-0.01945871,-0.006820973,-0.9702945,0.08183995,0.1917587,0.758188,-0.9224501,0,0,0,0,-0.7071068,0,0,0,0,0,-0.7071068,0,0,0,0,0,-0.7071068,0,0,0,0,0,-0.7071068,0,0,0,0,0,-0.7071068,0
47.22617,56,7,1,0.161963,0.9262707,-0.7759205,-0.1155928,-0.9873281,-0.06314348,0.4629693,0.6406313,0.2397935,-0.08501311,0.6432649,0.07602787,-0.007701036,1.161041,-0.02076451,-0.00683558,-0.9700735,0.08436172,0.192299,0.7517164,-0.922152,0,0,0,0,-0.7071068,0,0,0,0,0,-0.7071068,0,0,0,0,0,-0.7071068,0,0,0,0,0,-0.7071068,0,0,0,0,0,-0.7071068,0
47.24795,56,7,1,0.1616465,0.9157673,-0.7765955,-0.1165091,-0.9876264,-0.05650885,0.4629777,0.6405756,0.2399068,-0.08544959,0.6429071,0.07518697,-0.006532568,1.159648,-0.02339537,-0.006836262,-0.9697083,0.08937617,0.1934674,0.7387007,-0.9214476,0,0,0,0,-0.7071068,0,0,0,0,0,-0.7071068,0,0,0,0,0,-0.7071068,0,0,0,0,0,-0.7071068,0,0,0,0,0,-0.7071068,0
47.25957,56,7,1,0.1615634,0.910676,-0.7768232,-0.1166522,-0.9877537,-0.05335185,0.4629613,0.6405692,0.2399471,-0.08560849,0.6428179,0.07489408,-0.005870434,1.158855,-0.02478946,-0.006641142,-0.9695715,0.09190781,0.1941296,0.732061,-0.92109,0,0,0,0,-0.7071068,0,0,0,0,0,-0.7071068,0,0,0,0,0,-0.7071068,0,0,0,0,0,-0.7071068,0,0,0,0,0,-0.7071068,0
47.28117,56,7,1,0.1615118,0.9007237,-0.7771732,-0.1168649,-0.9879018,-0.04814845,0.462932,0.6405232,0.23996,-0.08565542,0.6426799,0.07412899,-0.004506412,1.156987,-0.02771225,-0.006761715,-0.9693264,0.0974825,0.1954936,0.7185883,-0.9203873,0,0,0,0,-0.7071068,0,0,0,0,0,-0.7071068,0,0,0,0,0,-0.7071068,0,0,0,0,0,-0.7071068,0,0,0,0,0,-0.7071068,0
47.29273,56,7,1,0.161564,0.89591,-0.7771403,-0.1169775,-0.9879071,-0.04644643,0.4629916,0.6404032,0.2399287,-0.08570924,0.6427296,0.0737476,-0.003761274,1.15593,-0.02920471,-0.007111803,-0.9692098,0.1005643,0.1962387,0.7118991,-0.9200479,0,0,0,0,-0.7071068,0,0,0,0,0,-0.7071068,0,0,0,0,0,-0.7071068,0,0,0,0,0,-0.7071068,0,0,0,0,0,-0.7071068,0
47.31482,56,7,1,0.1618222,0.8860859,-0.7768775,-0.1189343,-0.987628,-0.04332932,0.4628629,0.6402291,0.239827,-0.08613867,0.6427982,0.0731739,-0.002251402,1.153711,-0.03229882,-0.00813853,-0.9688669,0.1073869,0.1977486,0.6981563,-0.9192463,0,0,0,0,-0.7071068,0,0,0,0,0,-0.7071068,0,0,0,0,0,-0.7071068,0,0,0,0,0,-0.7071068,0,0,0,0,0,-0.7071068,0
47.32606,56,7,1,0.1620231,0.8808957,-0.7771319,-0.1207112,-0.9873966,-0.04107014,0.46287,0.6401857,0.2397648,-0.08630257,0.642925,0.07293824,-0.001521589,1.152572,-0.0339169,-0.00887879,-0.9686422,0.1112806,0.1984784,0.6912161,-0.918827,0,0,0,0,-0.7071068,0,0,0,0,0,-0.7071068,0,0,0,0,0,-0.7071068,0,0,0,0,0,-0.7071068,0,0,0,0,0,-0.7071068,0
47.3478,56,7,0,0.1624063,0.8704208,-0.7766892,-0.1238561,-0.9869919,-0.03528197,0.4629445,0.6402385,0.2395981,-0.08705949,0.6430744,0.07278404,0.0001002243,1.150069,-0.03709474,-0.01066213,-0.9681468,0.1192397,0.2001002,0.677464,-0.9179068,0,0,0,0,-0.7071068,0,0,0,0,0,-0.7071068,0,0,0,0,0,-0.7071068,0,0,0,0,0,-0.7071068,0,0,0,0,0,-0.7071068,0
47.35958,56,7,0,0.1625146,0.8650632,-0.7764488,-0.1243588,-0.9869956,-0.03192211,0.4630935,0.6403693,0.2395842,-0.08741976,0.6430089,0.07264976,0.0008414407,1.148779,-0.03866755,-0.01139991,-0.9678804,0.1232627,0.2008414,0.6705807,-0.9173688,0,0,0,0,-0.7071068,0,0,0,0,0,-0.7071068,0,0,0,0,0,-0.7071068,0,0,0,0,0,-0.7071068,0,0,0,0,0,-0.7071068,0
47.38109,56,7,0,0.1624683,0.8541273,-0.7759751,-0.1256187,-0.9869457,-0.02597227,0.4630853,0.6405095,0.2394687,-0.08806942,0.6434242,0.07218526,0.002448241,1.146154,-0.04165941,-0.01308134,-0.9672254,0.1317519,0.2024482,0.6566077,-0.9159266,0,0,0,0,-0.7071068,0,0,0,0,0,-0.7071068,0,0,0,0,0,-0.7071068,0,0,0,0,0,-0.7071068,0,0,0,0,0,-0.7071068,0
47.39315,56,7,0,0.162563,0.8485907,-0.7755183,-0.1272352,-0.9867172,-0.02372711,0.4632252,0.6406726,0.2390324,-0.0882391,0.6435609,0.07201064,0.003263157,1.144851,-0.04311221,-0.01395136,-0.9668477,0.1360475,0.2032632,0.6498034,-0.9151556,0,0,0,0,-0.7071068,0,0,0,0,0,-0.7071068,0,0,0,0,0,-0.7071068,0,0,0,0,0,-0.7071068,0,0,0,0,0,-0.7071068,0
47.41449,56,7,0,0.1629164,0.8375787,-0.7744881,-0.1308541,-0.9862382,-0.01932341,0.4633756,0.6405375,0.2386225,-0.08883069,0.6442246,0.0711444,0.00487444,1.142441,-0.0458934,-0.01531494,-0.9659959,0.1442922,0.2048744,0.6361938,-0.9132583,0,0,0,0,-0.7071068,0,0,0,0,0,-0.7071068,0,0,0,0,0,-0.7071068,0,0,0,0,0,-0.7071068,0,0,0,0,0,-0.7071068,0
47.42616,56,7,0,0.1630547,0.8318489,-0.7739223,-0.1324684,-0.9860543,-0.0163143,0.4632858,0.6403731,0.2383861,-0.08886017,0.6448666,0.07088554,0.005694317,1.141206,-0.04730083,-0.01554438,-0.9656562,0.1476115,0.2056943,0.6294135,-0.912273,0,0,0,0,-0.7071068,0,0,0,0,0,-0.7071068,0,0,0,0,0,-0.7071068,0,0,0,0,0,-0.7071068,0,0,0,0,0,-0.7071068,0
47.44783,56,7,0,0.1636435,0.819873,-0.7725736,-0.1341051,-0.9858541,-0.008050539,0.4633167,0.6401846,0.2380587,-0.08875444,0.6458739,0.0704203,0.007368823,1.139123,-0.04989921,-0.0162252,-0.9648592,0.1549043,0.2073688,0.6162513,-0.9099371,0,0,0,0,-0.7071068,0,0,0,0,0,-0.7071068,0,0,0,0,0,-0.7071068,0,0,0,0,0,-0.7071068,0,0,0,0,0,-0.7071068,0
47.4594,56,7,0,0.1640732,0.8138231,-0.7718116,-0.1349066,-0.9856955,-0.003772222,0.4634334,0.6402061,0.2379083,-0.08873739,0.6462483,0.07004189,0.008165731,1.13818,-0.05115698,-0.01660255,-0.9644513,0.158039,0.2081657,0.6098393,-0.9086825,0,0,0,0,-0.7071068,0,0,0,0,0,-0.7071068,0,0,0,0,0,-0.7071068,0,0,0,0,0,-0.7071068,0,0,0,0,0,-0.7071068,0
47.48104,56,7,0,0.1651013,0.8019155,-0.7699596,-0.1371922,-0.985201,0.003140882,0.4636487,0.6399648,0.2379846,-0.08881857,0.6466521,0.069489,0.009650105,1.13623,-0.05330668,-0.0175669,-0.9636179,0.1643449,0.2096501,0.5969645,-0.9056591,0,0,0,0,-0.7071068,0,0,0,0,0,-0.7071068,0,0,0,0,0,-0.7071068,0,0,0,0,0,-0.7071068,0,0,0,0,0,-0.7071068,0
47.49273,56,7,0,0.1656146,0.7959797,-0.7689425,-0.1380407,-0.9849837,0.006238565,0.4636241,0.6400102,0.2378945,-0.08908922,0.6467957,0.06926417,0.01039116,1.135275,-0.05432858,-0.01825453,-0.9631468,0.1675151,0.2103912,0.5906299,-0.9040567,0,0,0,0,-0.7071068,0,0,0,0,0,-0.7071068,0,0,0,0,0,-0.7071068,0,0,0,0,0,-0.7071068,0,0,0,0,0,-0.7071068,0
47.51435,56,7,0,0.1669048,0.7841614,-0.7667004,-0.1396714,-0.9845167,0.01214363,0.463609,0.6400197,0.2378393,-0.08943684,0.6470194,0.06871722,0.01175324,1.133565,-0.05611948,-0.01961794,-0.9622446,0.1733034,0.2117532,0.5781001,-0.900414,0,0,0,0,-0.7071068,0,0,0,0,0,-0.7071068,0,0,0,0,0,-0.7071068,0,0,0,0,0,-0.7071068,0,0,0,0,0,-0.7071068,0
47.52653,56,7,0,0.167506,0.7781683,-0.7657114,-0.1403847,-0.9843,0.01538501,0.4636247,0.6399561,0.2378726,-0.0894914,0.6470266,0.06848467,0.01235883,1.132744,-0.05701217,-0.02028482,-0.9617734,0.175869,0.2123588,0.5719262,-0.8985397,0,0,0,0,-0.7071068,0,0,0,0,0,-0.7071068,0,0,0,0,0,-0.7071068,0,0,0,0,0,-0.7071068,0,0,0,0,0,-0.7071068,0
47.54773,56,7,0,0.1691573,0.7663448,-0.7628528,-0.1427175,-0.9836038,0.02096682,0.4635716,0.6398716,0.2380382,-0.08963021,0.6469485,0.06822018,0.01369107,1.131304,-0.05860665,-0.02144465,-0.9608335,0.1803987,0.2136911,0.5597737,-0.8944383,0,0,0,0,-0.7071068,0,0,0,0,0,-0.7071068,0,0,0,0,0,-0.7071068,0,0,0,0,0,-0.7071068,0,0,0,0,0,-0.7071068,0
47.55951,56,7,0,0.1701064,0.7602655,-0.7612437,-0.143998,-0.9831595,0.02434356,0.4635734,0.6400142,0.2378975,-0.08956158,0.6470143,0.0680287,0.01438719,1.130722,-0.05931686,-0.02250183,-0.9602829,0.1825937,0.2143872,0.5538999,-0.8922552,0,0,0,0,-0.7071068,0,0,0,0,0,-0.7071068,0,0,0,0,0,-0.7071068,0,0,0,0,0,-0.7071068,0,0,0,0,0,-0.7071068,0
47.58099,56,7,0,0.1718476,0.7479639,-0.7577726,-0.1439878,-0.9826808,0.03214397,0.4636182,0.6400505,0.2380485,-0.08934324,0.6467704,0.06782836,0.01566585,1.12954,-0.06068685,-0.02384657,-0.9591733,0.1864406,0.2156658,0.5421834,-0.8877056,0,0,0,0,-0.7071068,0,0,0,0,0,-0.7071068,0,0,0,0,0,-0.7071068,0,0,0,0,0,-0.7071068,0,0,0,0,0,-0.7071068,0
47.59255,56,7,0,0.1727942,0.7418112,-0.7559661,-0.1433886,-0.9824761,0.03619573,0.4636078,0.6400146,0.2381426,-0.08923268,0.6466242,0.06755085,0.01630722,1.128971,-0.06134229,-0.02438583,-0.9585811,0.1885641,0.2163072,0.5363984,-0.88535,0,0,0,0,-0.7071068,0,0,0,0,0,-0.7071068,0,0,0,0,0,-0.7071068,0,0,0,0,0,-0.7071068,0,0,0,0,0,-0.7071068,0
47.61432,56,7,0,0.1751269,0.7296449,-0.7520198,-0.1431814,-0.9817076,0.04420542,0.4635719,0.6399871,0.2383128,-0.08926392,0.6463838,0.06721206,0.01750998,1.127763,-0.062385,-0.02528397,-0.9573821,0.1926463,0.21751,0.5246808,-0.880161,0,0,0,0,-0.7071068,0,0,0,0,0,-0.7071068,0,0,0,0,0,-0.7071068,0,0,0,0,0,-0.7071068,0,0,0,0,0,-0.7071068,0
47.62617,56,7,0,0.1764457,0.7234232,-0.7501899,-0.143724,-0.9812309,0.04789707,0.4635779,0.6399641,0.238374,-0.08931011,0.6462396,0.06698291,0.01813373,1.127137,-0.06291592,-0.02591791,-0.9567263,0.1947183,0.2181337,0.5190002,-0.8776146,0,0,0,0,-0.7071068,0,0,0,0,0,-0.7071068,0,0,0,0,0,-0.7071068,0,0,0,0,0,-0.7071068,0,0,0,0,0,-0.7071068,0
47.64761,56,7,0,0.1789137,0.7114077,-0.7456389,-0.1423942,-0.980733,0.05511942,0.4634635,0.6401387,0.2384183,-0.08963548,0.6459597,0.06686944,0.01912981,1.126149,-0.06385498,-0.02706559,-0.9554865,0.1981413,0.2191298,0.5077447,-0.8721392,0,0,0,0,-0.7071068,0,0,0,0,0,-0.7071068,0,0,0,0,0,-0.7071068,0,0,0,0,0,-0.7071068,0,0,0,0,0,-0.7071068,0
47.65928,56,7,0,0.180134,0.7054138,-0.7432407,-0.1400478,-0.9806687,0.0591285,0.4632961,0.6402332,0.2383693,-0.08974542,0.645981,0.06697415,0.0195342,1.125719,-0.06430412,-0.0274324,-0.9548756,0.1997921,0.2195342,0.5022507,-0.8693419,0,0,0,0,-0.7071068,0,0,0,0,0,-0.7071068,0,0,0,0,0,-0.7071068,0,0,0,0,0,-0.7071068,0,0,0,0,0,-0.7071068,0
47.68095,56,7,0,0.1827762,0.6933823,-0.7383381,-0.1383704,-0.9798481,0.06742212,0.4630038,0.6403472,0.2385927,-0.08985084,0.6456284,0.06715429,0.02036645,1.12486,-0.06505731,-0.02755632,-0.9536723,0.2029081,0.2203664,0.4912266,-0.8634105,0,0,0,0,-0.7071068,0,0,0,0,0,-0.7071068,0,0,0,0,0,-0.7071068,0,0,0,0,0,-0.7071068,0,0,0,0,0,-0.7071068,0
47.69268,56,7,0,0.1841809,0.6872877,-0.7356556,-0.1387887,-0.9791678,0.07169861,0.4631254,0.6401837,0.2386075,-0.09006751,0.6452269,0.06712608,0.02080738,1.124446,-0.06535415,-0.02743392,-0.9530691,0.2045719,0.2208074,0.485851,-0.8603616,0,0,0,0,-0.7071068,0,0,0,0,0,-0.7071068,0,0,0,0,0,-0.7071068,0,0,0,0,0,-0.7071068,0,0,0,0,0,-0.7071068,0
47.71452,56,7,0,0.1869708,0.675405,-0.7301624,-0.1411687,-0.9776628,0.07897518,0.4630436,0.6401465,0.2388004,-0.09014492,0.6446927,0.06712828,0.02165042,1.123606,-0.06603046,-0.02705228,-0.9518674,0.2074521,0.2216504,0.4750519,-0.8541518,0,0,0,0,-0.7071068,0,0,0,0,0,-0.7071068,0,0,0,0,0,-0.7071068,0,0,0,0,0,-0.7071068,0,0,0,0,0,-0.7071068,0
47.7261,56,7,0,0.1883878,0.6695052,-0.7275622,-0.1417589,-0.9770743,0.08221918,0.4630388,0.6401136,0.2389015,-0.09015033,0.6444395,0.06713368,0.02206509,1.123235,-0.06631892,-0.027059,-0.9512017,0.2089049,0.2220651,0.4696535,-0.8508768,0,0,0,0,-0.7071068,0,0,0,0,0,-0.7071068,0,0,0,0,0,-0.7071068,0,0,0,0,0,-0.7071068,0,0,0,0,0,-0.7071068,0
47.74769,56,7,0,0.1904479,0.6587036,-0.7222185,-0.1406848,-0.9765536,0.08785629,0.4629057,0.6400617,0.2390597,-0.08998584,0.6441053,0.06712706,0.0229178,1.122489,-0.06689557,-0.02691659,-0.9500304,0.2114318,0.2229178,0.4592284,-0.8444222,0,0,0,0,-0.7071068,0,0,0,0,0,-0.7071068,0,0,0,0,0,-0.7071068,0,0,0,0,0,-0.7071068,0,0,0,0,0,-0.7071068,0
47.75937,56,7,0,0.1914371,0.653218,-0.7194026,-0.1397385,-0.9763501,0.09103122,0.4628835,0.6401469,0.2390552,-0.08990741,0.6440078,0.06723517,0.02324832,1.122264,-0.06715392,-0.02664204,-0.949473,0.2128558,0.2232483,0.454119,-0.8410451,0,0,0,0,-0.7071068,0,0,0,0,0,-0.7071068,0,0,0,0,0,-0.7071068,0,0,0,0,0,-0.7071068,0,0,0,0,0,-0.7071068,0
47.78104,56,7,0,0.1936558,0.6421008,-0.7134879,-0.1395109,-0.9754784,0.09749476,0.4629745,0.6400504,0.2391082,-0.08996714,0.6436602,0.0670862,0.02403615,1.121611,-0.06759881,-0.02592668,-0.9483832,0.2158301,0.2240362,0.4438984,-0.8341948,0,0,0,0,-0.7071068,0,0,0,0,0,-0.7071068,0,0,0,0,0,-0.7071068,0,0,0,0,0,-0.7071068,0,0,0,0,0,-0.7071068,0
47.79314,56,7,0,0.1949529,0.6363764,-0.710268,-0.1389353,-0.9749357,0.1009997,0.4629524,0.6400557,0.2391705,-0.09006363,0.6435798,0.0671313,0.02442339,1.121306,-0.06775717,-0.02558933,-0.947836,0.2172914,0.2244234,0.4387706,-0.8305861,0,0,0,0,-0.7071068,0,0,0,0,0,-0.7071068,0,0,0,0,0,-0.7071068,0,0,0,0,0,-0.7071068,0,0,0,0,0,-0.7071068,0
47.81427,56,7,0,0.1976331,0.6248837,-0.7036672,-0.1384064,-0.9733526,0.109435,0.4628413,0.6400609,0.2392717,-0.09014098,0.6434465,0.06724115,0.02516355,1.120735,-0.06813728,-0.02555364,-0.9467746,0.2197861,0.2251635,0.4287574,-0.823412,0,0,0,0,-0.7071068,0,0,0,0,0,-0.7071068,0,0,0,0,0,-0.7071068,0,0,0,0,0,-0.7071068,0,0,0,0,0,-0.7071068,0
47.82596,56,7,0,0.1989422,0.6191223,-0.7003016,-0.1380909,-0.9725397,0.1135369,0.4627905,0.6400232,0.2392974,-0.09022502,0.6433675,0.06709213,0.02547775,1.120349,-0.06828292,-0.02552443,-0.9462638,0.2209774,0.2254778,0.4237358,-0.8197604,0,0,0,0,-0.7071068,0,0,0,0,0,-0.7071068,0,0,0,0,0,-0.7071068,0,0,0,0,0,-0.7071068,0,0,0,0,0,-0.7071068,0
47.84762,56,7,0,0.2013962,0.6078694,-0.6935544,-0.1381788,-0.9708893,0.1210524,0.4627548,0.6400208,0.2393766,-0.09028514,0.6434889,0.06708343,0.02616918,1.119695,-0.06848939,-0.02554436,-0.9453011,0.223534,0.2261692,0.4137143,-0.8121083,0,0,0,0,-0.7071068,0,0,0,0,0,-0.7071068,0,0,0,0,0,-0.7071068,0,0,0,0,0,-0.7071068,0,0,0,0,0,-0.7071068,0
47.85933,56,7,0,0.2024284,0.6024411,-0.6901255,-0.1387635,-0.9701064,0.1243013,0.4628743,0.6402115,0.2392387,-0.09041084,0.6436484,0.06691173,0.02652784,1.119392,-0.06857755,-0.0255613,-0.9448897,0.2246939,0.2265278,0.4089203,-0.8083386,0,0,0,0,-0.7071068,0,0,0,0,0,-0.7071068,0,0,0,0,0,-0.7071068,0,0,0,0,0,-0.7071068,0,0,0,0,0,-0.7071068,0
47.8814,56,7,0,0.2040751,0.591874,-0.6836073,-0.1384742,-0.969016,0.1305933,0.462955,0.6401601,0.2392208,-0.09060833,0.6439081,0.06652857,0.02721821,1.118942,-0.06892585,0.0256974,0.9439733,-0.2270699,0.2272182,0.3993942,-0.8007081,0,0,0,0,-0.7071068,0,0,0,0,0,-0.7071068,0,0,0,0,0,-0.7071068,0,0,0,0,0,-0.7071068,0,0,0,0,0,-0.7071068,0
47.89253,56,7,0,0.2046355,0.5868427,-0.6804786,-0.1371644,-0.968728,0.133944,0.4629726,0.6401803,0.2392291,-0.09064147,0.6440616,0.06641859,0.0275917,1.118665,-0.06897445,0.02590305,0.943461,-0.2283292,0.2275917,0.3944333,-0.796539,0,0,0,0,-0.7071068,0,0,0,0,0,-0.7071068,0,0,0,0,0,-0.7071068,0,0,0,0,0,-0.7071068,0,0,0,0,0,-0.7071068,0
47.91435,56,7,0,0.2060696,0.5762233,-0.6732881,-0.1363508,-0.9678119,0.140975,0.4629635,0.64009,0.2391668,-0.0906454,0.6444217,0.06629489,0.02837979,1.118106,-0.06904454,0.02671471,0.9423997,-0.2307641,0.2283798,0.3851991,-0.788615,0,0,0,0,-0.7071068,0,0,0,0,0,-0.7071068,0,0,0,0,0,-0.7071068,0,0,0,0,0,-0.7071068,0,0,0,0,0,-0.7071068,0
47.92595,56,7,0,0.2066774,0.5710161,-0.6695726,-0.1356217,-0.9673955,0.1443887,0.4629716,0.6399873,0.2391171,-0.09057697,0.6445136,0.06624544,0.02873304,1.117803,-0.0690114,0.02709974,0.9418342,-0.2320159,0.228733,0.3804349,-0.7843742,0,0,0,0,-0.7071068,0,0,0,0,0,-0.7071068,0,0,0,0,0,-0.7071068,0,0,0,0,0,-0.7071068,0,0,0,0,0,-0.7071068,0
47.94781,56,7,1,0.2082759,0.560323,-0.6617782,-0.1342399,-0.9661787,0.1516729,0.4629799,0.6399708,0.2392366,-0.09038623,0.6443855,0.06627741,0.02945253,1.117231,-0.06889057,0.02813889,0.9406374,-0.2345339,0.2294525,0.3712205,-0.7759117,0,0,0,0,-0.7071068,0,0,0,0,0,-0.7071068,0,0,0,0,0,-0.7071068,0,0,0,0,0,-0.7071068,0,0,0,0,0,-0.7071068,0
47.95925,56,7,1,0.2093241,0.5547483,-0.6573341,-0.1346793,-0.9650294,0.1556605,0.4631328,0.6402,0.2391547,-0.0903447,0.6443898,0.06621056,0.02984052,1.116954,-0.06880292,0.02855052,0.939996,-0.2357673,0.2298405,0.3665316,-0.7714643,0,0,0,0,-0.7071068,0,0,0,0,0,-0.7071068,0,0,0,0,0,-0.7071068,0,0,0,0,0,-0.7071068,0,0,0,0,0,-0.7071068,0
47.98093,56,7,1,0.2112544,0.5437191,-0.6487198,-0.1367136,-0.9624723,0.1636533,0.4632787,0.6401234,0.2389759,-0.09029883,0.6446416,0.06589271,0.03070794,1.116452,-0.06875932,0.02895467,0.9386123,-0.2380613,0.2307079,0.357535,-0.7628287,0,0,0,0,-0.7071068,0,0,0,0,0,-0.7071068,0,0,0,0,0,-0.7071068,0,0,0,0,0,-0.7071068,0,0,0,0,0,-0.7071068,0
47.9925,56,7,1,0.2123255,0.5380194,-0.6444778,-0.1384533,-0.9609306,0.1677395,0.4632157,0.6400344,0.2388867,-0.09041438,0.6448622,0.06564403,0.03112248,1.116206,-0.06862008,0.02893133,0.9379082,-0.2391069,0.2311225,0.3531596,-0.7584147,0,0,0,0,-0.7071068,0,0,0,0,0,-0.7071068,0,0,0,0,0,-0.7071068,0,0,0,0,0,-0.7071068,0,0,0,0,0,-0.7071068,0
48.0144,56,7,1,0.214459,0.5272806,-0.6357212,-0.1408948,-0.9583915,0.1745546,0.4631908,0.639975,0.2386719,-0.09080726,0.6452802,0.06507908,0.03181713,1.115793,-0.06835617,0.02875699,0.9366179,-0.2412372,0.2318171,0.3443911,-0.7492988,0,0,0,0,-0.7071068,0,0,0,0,0,-0.7071068,0,0,0,0,0,-0.7071068,0,0,0,0,0,-0.7071068,0,0,0,0,0,-0.7071068,0
48.02605,56,7,1,0.2153462,0.5221242,-0.6313999,-0.1413939,-0.9573346,0.177561,0.4632412,0.6399062,0.2385533,-0.0909458,0.6454089,0.06493537,0.03213321,1.115529,-0.06813411,0.02864748,0.9360118,-0.2421749,0.2321332,0.3400317,-0.7446349,0,0,0,0,-0.7071068,0,0,0,0,0,-0.7071068,0,0,0,0,0,-0.7071068,0,0,0,0,0,-0.7071068,0,0,0,0,0,-0.7071068,0
48.04771,56,7,1,0.2168795,0.5121224,-0.6227808,-0.1425264,-0.9553457,0.1833655,0.4630823,0.6400496,0.2385381,-0.0914301,0.6453837,0.06505443,0.03294092,1.115193,-0.06777281,0.02853467,0.9348061,-0.2438922,0.2329409,0.3316514,-0.7353435,0,0,0,0,-0.7071068,0,0,0,0,0,-0.7071068,0,0,0,0,0,-0.7071068,0,0,0,0,0,-0.7071068,0,0,0,0,0,-0.7071068,0
48.05919,56,7,1,0.2174531,0.5072776,-0.6186318,-0.143396,-0.9543765,0.1863349,0.4629664,0.6400641,0.2385701,-0.09171449,0.6452954,0.06521876,0.03337258,1.115041,-0.06760983,0.02860095,0.9341092,-0.2447253,0.2333726,0.3274609,-0.7305903,0,0,0,0,-0.7071068,0,0,0,0,0,-0.7071068,0,0,0,0,0,-0.7071068,0,0,0,0,0,-0.7071068,0,0,0,0,0,-0.7071068,0
48.08082,56,7,1,0.2185787,0.4976118,-0.6104262,-0.1436918,-0.9525497,0.1927416,0.4628768,0.6401422,0.2386748,-0.09183468,0.644776,0.06547935,0.03406921,1.114749,-0.06720798,0.02874632,0.9325999,-0.2464632,0.2340692,0.3193574,-0.7211016,0,0,0,0,-0.7071068,0,0,0,0,0,-0.7071068,0,0,0,0,0,-0.7071068,0,0,0,0,0,-0.7071068,0,0,0,0,0,-0.7071068,0
48.09251,56,7,1,0.2191761,0.4929295,-0.606431,-0.1438075,-0.9515783,0.1957671,0.4628092,0.6400923,0.2388256,-0.09177271,0.64447,0.06562229,0.0344795,1.114524,-0.06698563,0.02841768,0.9319008,-0.2470771,0.2344795,0.3152516,-0.7162578,0,0,0,0,-0.7071068,0,0,0,0,0,-0.7071068,0,0,0,0,0,-0.7071068,0,0,0,0,0,-0.7071068,0,0,0,0,0,-0.7071068,0
48.11418,56,7,1,0.2202408,0.4838526,-0.5985312,-0.1452804,-0.9492918,0.2019797,0.4627762,0.6400955,0.2390448,-0.09162739,0.6440651,0.06576346,0.03544887,1.114453,-0.06667539,0.02901284,0.9303192,-0.2488634,0.2354489,0.3074981,-0.7065787,0,0,0,0,-0.7071068,0,0,0,0,0,-0.7071068,0,0,0,0,0,-0.7071068,0,0,0,0,0,-0.7071068,0,0,0,0,0,-0.7071068,0
48.12568,56,7,1,0.2206922,0.4794118,-0.5946178,-0.1463206,-0.9480776,0.2050831,0.4627519,0.6401056,0.2391973,-0.09149419,0.6438833,0.06583036,0.03567105,1.114347,-0.06644544,0.02929401,0.9296501,-0.2494911,0.2356711,0.3036158,-0.7016331,0,0,0,0,-0.7071068,0,0,0,0,0,-0.7071068,0,0,0,0,0,-0.7071068,0,0,0,0,0,-0.7071068,0,0,0,0,0,-0.7071068,0
48.14768,56,7,1,0.221164,0.4712553,-0.5873196,-0.1478394,-0.9460504,0.2108262,0.4627594,0.6401001,0.239394,-0.09108835,0.6436549,0.06587794,0.03638786,1.114171,-0.06614826,0.02923601,0.9285334,-0.2508286,0.2363879,0.2960035,-0.6918258,0,0,0,0,-0.7071068,0,0,0,0,0,-0.7071068,0,0,0,0,0,-0.7071068,0,0,0,0,0,-0.7071068,0,0,0,0,0,-0.7071068,0
48.15905,56,7,1,0.2213107,0.4674298,-0.5838242,-0.1490987,-0.94503,0.2132597,0.4627708,0.6400646,0.2394911,-0.0909368,0.6435853,0.06582174,0.03671906,1.114078,-0.06598853,0.02909935,0.9281222,-0.2515265,0.2367191,0.2921748,-0.6867712,0,0,0,0,-0.7071068,0,0,0,0,0,-0.7071068,0,0,0,0,0,-0.7071068,0,0,0,0,0,-0.7071068,0,0,0,0,0,-0.7071068,0
48.18102,56,7,1,0.2217782,0.4603627,-0.5772483,-0.1511452,-0.9432898,0.2171183,0.4628055,0.6400094,0.2396345,-0.09073726,0.6435829,0.06575366,0.03704899,1.113852,-0.06553403,0.02886166,0.9273772,-0.252736,0.237049,0.2847896,-0.6767066,0,0,0,0,-0.7071068,0,0,0,0,0,-0.7071068,0,0,0,0,0,-0.7071068,0,0,0,0,0,-0.7071068,0,0,0,0,0,-0.7071068,0
48.19234,56,7,1,0.221763,0.457197,-0.5741912,-0.1512372,-0.9427918,0.2187821,0.4628296,0.6400141,0.2396471,-0.09080058,0.6437199,0.06565528,0.03731726,1.113797,-0.06544694,0.02897528,0.9270837,-0.2532419,0.2373173,0.2811118,-0.6716374,0,0,0,0,-0.7071068,0,0,0,0,0,-0.7071068,0,0,0,0,0,-0.7071068,0,0,0,0,0,-0.7071068,0,0,0,0,0,-0.7071068,0
48.21421,56,7,1,0.2215209,0.4509728,-0.5682602,-0.1509936,-0.9417041,0.2234067,0.4627389,0.6399891,0.2396398,-0.09076639,0.6438474,0.06576014,0.03741557,1.113437,-0.06504773,0.02938111,0.9266951,-0.2539844,0.2374156,0.2738126,-0.6614559,0,0,0,0,-0.7071068,0,0,0,0,0,-0.7071068,0,0,0,0,0,-0.7071068,0,0,0,0,0,-0.7071068,0,0,0,0,0,-0.7071068,0
48.22605,56,7,1,0.2214175,0.44789,-0.5654221,-0.1500057,-0.9411968,0.2261015,0.4626854,0.6400201,0.2396598,-0.09080788,0.6438105,0.06596064,0.03759417,1.113389,-0.0650524,0.02962358,0.9265882,-0.2544205,0.2375942,0.2703063,-0.6564647,0,0,0,0,-0.7071068,0,0,0,0,0,-0.7071068,0,0,0,0,0,-0.7071068,0,0,0,0,0,-0.7071068,0,0,0,0,0,-0.7071068,0
48.24757,56,7,1,0.2210862,0.4422158,-0.5599873,-0.1494568,-0.939852,0.231033,0.4625902,0.6400745,0.2397685,-0.09058418,0.6435524,0.06648526,0.03778094,1.113095,-0.06504002,0.03003795,0.9266391,-0.2551238,0.2377809,0.2632387,-0.6464175,0,0,0,0,-0.7071068,0,0,0,0,0,-0.7071068,0,0,0,0,0,-0.7071068,0,0,0,0,0,-0.7071068,0,0,0,0,0,-0.7071068,0
48.25909,56,7,1,0.2210315,0.4394768,-0.5572612,-0.1501689,-0.9390005,0.2328462,0.4625684,0.6400942,0.2398259,-0.09046222,0.6434252,0.06676863,0.03779851,1.112913,-0.06507081,0.03034949,0.9267741,-0.2554892,0.2377985,0.2597317,-0.6413975,0,0,0,0,-0.7071068,0,0,0,0,0,-0.7071068,0,0,0,0,0,-0.7071068,0,0,0,0,0,-0.7071068,0,0,0,0,0,-0.7071068,0
48.28079,56,7,1,0.2209938,0.4342124,-0.5520401,-0.1510111,-0.9376243,0.2351716,0.4626003,0.6401933,0.239907,-0.09026708,0.6432992,0.06740374,0.03759367,1.112446,-0.06511706,0.0315522,0.9272699,-0.2560801,0.2375937,0.2527352,-0.6312672,0,0,0,0,-0.7071068,0,0,0,0,0,-0.7071068,0,0,0,0,0,-0.7071068,0,0,0,0,0,-0.7071068,0,0,0,0,0,-0.7071068,0
48.29224,56,7,1,0.2211317,0.4317892,-0.5496292,-0.1522994,-0.936928,0.2350644,0.4625377,0.640161,0.2399109,-0.09025563,0.643304,0.06765382,0.03752589,1.112242,-0.06518041,0.0324291,0.9275623,-0.2562493,0.2375259,0.2493551,-0.6262529,0,0,0,0,-0.7071068,0,0,0,0,0,-0.7071068,0,0,0,0,0,-0.7071068,0,0,0,0,0,-0.7071068,0,0,0,0,0,-0.7071068,0
48.31408,56,7,1,0.2207496,0.4275919,-0.5449197,-0.15309,-0.9364563,0.2343695,0.4625273,0.6401756,0.2397996,-0.09040277,0.6433581,0.06751075,0.03753017,1.112012,-0.06553704,0.03410092,0.9282227,-0.2562497,0.2375302,0.2428461,-0.6163072,0,0,0,0,-0.7071068,0,0,0,0,0,-0.7071068,0,0,0,0,0,-0.7071068,0,0,0,0,0,-0.7071068,0,0,0,0,0,-0.7071068,0
48.32567,56,7,1,0.2204628,0.4254684,-0.5428349,-0.1531057,-0.9363928,0.234053,0.4625773,0.6401936,0.2397414,-0.09057018,0.6432952,0.06713967,0.03750978,1.111918,-0.06559234,0.03455218,0.9285828,-0.2561376,0.2375098,0.2396629,-0.611159,0,0,0,0,-0.7071068,0,0,0,0,0,-0.7071068,0,0,0,0,0,-0.7071068,0,0,0,0,0,-0.7071068,0,0,0,0,0,-0.7071068,0
48.34751,56,8,1,0.2195948,0.4213243,-0.5386379,-0.1536818,-0.9357615,0.2344394,0.4624794,0.640146,0.2395216,-0.09084402,0.6435739,0.06706817,0.03741008,1.111759,-0.06567045,0.03470273,0.9290942,-0.2558576,0.2374101,0.2364665,-0.6060289,0,0,0,0,-0.7071068,0,0,0,0,0,-0.7071068,0,0,0,0,0,-0.7071068,0,0,0,0,0,-0.7071068,0,0,0,0,0,-0.7071068,0
48.35893,56,8,1,0.2191237,0.4190927,-0.5366459,-0.1559995,-0.9346203,0.2355164,0.4624535,0.6401879,0.2394185,-0.09106819,0.6436557,0.06715424,0.03754585,1.111885,-0.06577264,0.03506079,0.9292,-0.2558529,0.2375458,0.2396125,-0.6113093,0,0,0,0,-0.7071068,0,0,0,0,0,-0.7071068,0,0,0,0,0,-0.7071068,0,0,0,0,0,-0.7071068,0,0,0,0,0,-0.7071068,0
48.3808,56,8,1,0.218027,0.4152632,-0.5335041,-0.1587435,-0.9325762,0.2388852,0.4624156,0.6403672,0.2393626,-0.09152228,0.6434427,0.06735852,0.03740107,1.11183,-0.06540981,0.03541355,0.9291795,-0.2559179,0.2374011,0.2457312,-0.6212571,0,0,0,0,-0.7071068,0,0,0,0,0,-0.7071068,0,0,0,0,0,-0.7071068,0,0,0,0,0,-0.7071068,0,0,0,0,0,-0.7071068,0
48.39264,57,8,1,0.217279,0.4136374,-0.532533,-0.1605017,-0.9316648,0.2405413,0.4623924,0.6403729,0.2394539,-0.09142571,0.6431562,0.0675573,0.03744366,1.111919,-0.06529163,0.03564057,0.9290603,-0.2559968,0.2374437,0.2490145,-0.6263366,0,0,0,0,-0.7071068,0,0,0,0,0,-0.7071068,0,0,0,0,0,-0.7071068,0,0,0,0,0,-0.7071068,0,0,0,0,0,-0.7071068,0
48.41407,57,8,1,0.215775,0.4112587,-0.5313953,-0.1659453,-0.9300224,0.2417962,0.4623906,0.6403331,0.23978,-0.09108589,0.6426116,0.06770249,0.03717269,1.111995,-0.06468378,0.03563383,0.9287977,-0.2556726,0.2371727,0.2555352,-0.635945,0,0,0,0,-0.7071068,0,0,0,0,0,-0.7071068,0,0,0,0,0,-0.7071068,0,0,0,0,0,-0.7071068,0,0,0,0,0,-0.7071068,0
48.42569,57,8,1,0.215138,0.4108539,-0.5316885,-0.1685246,-0.9298369,0.2408577,0.4623998,0.6403095,0.2399025,-0.09082643,0.6424507,0.06767293,0.03737773,1.112287,-0.06469598,0.03542151,0.9287218,-0.2554631,0.2373777,0.259102,-0.6410161,0,0,0,0,-0.7071068,0,0,0,0,0,-0.7071068,0,0,0,0,0,-0.7071068,0,0,0,0,0,-0.7071068,0,0,0,0,0,-0.7071068,0
48.44743,57,8,1,0.2144016,0.4119143,-0.5335588,-0.1711886,-0.9304445,0.237426,0.4625522,0.6402197,0.2400253,-0.09037582,0.6426218,0.06721332,0.0373358,1.11275,-0.06442574,0.03421873,0.9286276,-0.255026,0.2373358,0.2662341,-0.6507945,0,0,0,0,-0.7071068,0,0,0,0,0,-0.7071068,0,0,0,0,0,-0.7071068,0,0,0,0,0,-0.7071068,0,0,0,0,0,-0.7071068,0
48.45895,57,8,1,0.2140804,0.413703,-0.5358672,-0.1707529,-0.9314625,0.2347055,0.4626274,0.6401168,0.2400633,-0.0900334,0.6428355,0.06693338,0.03736571,1.113018,-0.06440651,0.03381151,0.9287137,-0.2545938,0.2373657,0.2699332,-0.6558156,0,0,0,0,-0.7071068,0,0,0,0,0,-0.7071068,0,0,0,0,0,-0.7071068,0,0,0,0,0,-0.7071068,0,0,0,0,0,-0.7071068,0
48.48085,57,8,1,0.2132687,0.4166479,-0.5396796,-0.1713997,-0.9325491,0.2313119,0.4627438,0.6400299,0.2400471,-0.08992942,0.6434167,0.06628998,0.03715317,1.113457,-0.06407112,0.03301587,0.928985,-0.2539011,0.2371532,0.2772888,-0.6653914,0,0,0,0,-0.7071068,0,0,0,0,0,-0.7071068,0,0,0,0,0,-0.7071068,0,0,0,0,0,-0.7071068,0,0,0,0,0,-0.7071068,0
48.49279,57,8,1,0.2129425,0.4191098,-0.5424571,-0.170956,-0.9334126,0.2294019,0.462744,0.6400305,0.2400773,-0.0899506,0.6436055,0.06630486,0.03705163,1.113719,-0.063995,0.03276526,0.9291553,-0.2534163,0.2370516,0.2811003,-0.6702768,0,0,0,0,-0.7071068,0,0,0,0,0,-0.7071068,0,0,0,0,0,-0.7071068,0,0,0,0,0,-0.7071068,0,0,0,0,0,-0.7071068,0
48.51419,57,8,1,0.2125224,0.4248617,-0.5486451,-0.1690787,-0.9354323,0.2257254,0.4625646,0.6402022,0.240219,-0.09028433,0.6437273,0.06660457,0.03636447,1.114039,-0.06364204,0.03281026,0.9296814,-0.252012,0.2363645,0.2886132,-0.6797345,0,0,0,0,-0.7071068,0,0,0,0,0,-0.7071068,0,0,0,0,0,-0.7071068,0,0,0,0,0,-0.7071068,0,0,0,0,0,-0.7071068,0
48.5259,57,8,1,0.2121731,0.4282904,-0.5522195,-0.1672717,-0.9367676,0.2234576,0.4625854,0.6402069,0.2401972,-0.09029154,0.6437852,0.0668445,0.03612332,1.114261,-0.06356901,0.03302147,0.9300428,-0.2512211,0.2361233,0.2924296,-0.6844464,0,0,0,0,-0.7071068,0,0,0,0,0,-0.7071068,0,0,0,0,0,-0.7071068,0,0,0,0,0,-0.7071068,0,0,0,0,0,-0.7071068,0
48.54781,57,8,1,0.211657,0.4361553,-0.5599772,-0.1632911,-0.9395564,0.2181169,0.46246,0.640316,0.2403665,-0.09039673,0.643851,0.0674274,0.03555614,1.114558,-0.06325984,0.0332779,0.9309572,-0.249584,0.2355561,0.3001479,-0.693781,0,0,0,0,-0.7071068,0,0,0,0,0,-0.7071068,0,0,0,0,0,-0.7071068,0,0,0,0,0,-0.7071068,0,0,0,0,0,-0.7071068,0
48.56968,57,8,1,0.2111085,0.4450383,-0.5681955,-0.1613547,-0.9423004,0.2105689,0.4623945,0.6404068,0.2402526,-0.09031653,0.6441045,0.06809906,0.03500426,1.115087,-0.06291159,0.03375667,0.9318537,-0.2478779,0.2350043,0.3082162,-0.7029195,0,0,0,0,-0.7071068,0,0,0,0,0,-0.7071068,0,0,0,0,0,-0.7071068,0,0,0,0,0,-0.7071068,0,0,0,0,0,-0.7071068,0
48.59331,57,8,1,0.2106019,0.4541126,-0.5769492,-0.1620935,-0.9444683,0.2020524,0.4623392,0.6403972,0.2402461,-0.09020846,0.6441905,0.06860235,0.03425298,1.115694,-0.06236464,0.03392249,0.9328879,-0.2454638,0.234253,0.3164091,-0.7116215,0,0,0,0,-0.7071068,0,0,0,0,0,-0.7071068,0,0,0,0,0,-0.7071068,0,0,0,0,0,-0.7071068,0,0,0,0,0,-0.7071068,0
48.61412,57,8,1,0.2102383,0.4640288,-0.5856135,-0.1636053,-0.9461367,0.1937304,0.4623493,0.6407111,0.2400543,-0.09004334,0.6441689,0.0695748,0.03357503,1.116494,-0.06188447,0.03406574,0.9339127,-0.2428003,0.233575,0.3250201,-0.7203712,0,0,0,0,-0.7071068,0,0,0,0,0,-0.7071068,0,0,0,0,0,-0.7071068,0,0,0,0,0,-0.7071068,0,0,0,0,0,-0.7071068,0
48.62611,57,8,1,0.209763,0.4691244,-0.5901636,-0.1629222,-0.9473078,0.1900932,0.4623211,0.6408564,0.2400149,-0.09005235,0.6439434,0.07009469,0.03315653,1.116961,-0.06155925,0.03403024,0.9344419,-0.2413502,0.2331565,0.3294485,-0.7246178,0,0,0,0,-0.7071068,0,0,0,0,0,-0.7071068,0,0,0,0,0,-0.7071068,0,0,0,0,0,-0.7071068,0,0,0,0,0,-0.7071068,0
48.64742,57,8,1,0.2085278,0.4796726,-0.5994596,-0.1604186,-0.95019,0.1824623,0.462291,0.6411413,0.2399895,-0.09012127,0.6432593,0.07123308,0.03208323,1.117849,-0.06061586,0.033665,0.9355126,-0.238308,0.2320832,0.3384329,-0.7328009,0,0,0,0,-0.7071068,0,0,0,0,0,-0.7071068,0,0,0,0,0,-0.7071068,0,0,0,0,0,-0.7071068,0,0,0,0,0,-0.7071068,0
48.65909,57,8,1,0.2079808,0.4849794,-0.6040375,-0.1606945,-0.9512796,0.1781489,0.4623025,0.6412424,0.239925,-0.09017674,0.6430289,0.07162847,0.03150734,1.118347,-0.06015647,0.03332161,0.9360551,-0.2366524,0.2315073,0.3429141,-0.7367272,0,0,0,0,-0.7071068,0,0,0,0,0,-0.7071068,0,0,0,0,0,-0.7071068,0,0,0,0,0,-0.7071068,0,0,0,0,0,-0.7071068,0
48.68069,57,8,1,0.2068981,0.49595,-0.6129339,-0.163603,-0.9530326,0.1680263,0.4623262,0.6415349,0.2399642,-0.09000346,0.6422049,0.07260512,0.03050913,1.119448,-0.05914126,0.03248248,0.937173,-0.2329639,0.2305091,0.3522247,-0.7445456,0,0,0,0,-0.7071068,0,0,0,0,0,-0.7071068,0,0,0,0,0,-0.7071068,0,0,0,0,0,-0.7071068,0,0,0,0,0,-0.7071068,0
48.69233,57,8,1,0.2060216,0.501435,-0.6174827,-0.1632825,-0.9542298,0.1634045,0.4622745,0.6416681,0.2399863,-0.08976009,0.6418008,0.07335263,0.03000312,1.120081,-0.05866352,0.03196852,0.9376818,-0.2312993,0.2300031,0.3570265,-0.7484499,0,0,0,0,-0.7071068,0,0,0,0,0,-0.7071068,0,0,0,0,0,-0.7071068,0,0,0,0,0,-0.7071068,0,0,0,0,0,-0.7071068,0
48.71398,57,8,1,0.2043632,0.5124154,-0.6260633,-0.1604342,-0.956849,0.1555682,0.4623032,0.6417036,0.2400821,-0.0892247,0.6410462,0.07424135,0.02905755,1.121419,-0.05769137,0.03089351,0.9388781,-0.2276374,0.2290576,0.3668244,-0.7561663,0,0,0,0,-0.7071068,0,0,0,0,0,-0.7071068,0,0,0,0,0,-0.7071068,0,0,0,0,0,-0.7071068,0,0,0,0,0,-0.7071068,0
48.72548,57,8,1,0.203296,0.5176508,-0.6301224,-0.1598978,-0.9578819,0.1518735,0.4623404,0.6417329,0.2401157,-0.08907273,0.6406608,0.07460959,0.02850428,1.122086,-0.05714268,0.03041414,0.9394833,-0.2258269,0.2285043,0.3717209,-0.7598619,0,0,0,0,-0.7071068,0,0,0,0,0,-0.7071068,0,0,0,0,0,-0.7071068,0,0,0,0,0,-0.7071068,0,0,0,0,0,-0.7071068,0
48.74737,57,8,1,0.2018224,0.5281358,-0.6379924,-0.1611149,-0.9591992,0.1450693,0.4621823,0.6417174,0.2404637,-0.08842651,0.6398258,0.0756528,0.02707016,1.123201,-0.05578693,0.02963643,0.9406809,-0.2221027,0.2270702,0.3814908,-0.7669907,0,0,0,0,-0.7071068,0,0,0,0,0,-0.7071068,0,0,0,0,0,-0.7071068,0,0,0,0,0,-0.7071068,0,0,0,0,0,-0.7071068,0
48.7596,57,8,1,0.2011348,0.5333945,-0.641664,-0.1618648,-0.9597627,0.1416714,0.4621586,0.6417295,0.2406211,-0.0880518,0.6395454,0.07615261,0.02632372,1.123772,-0.0551482,0.02932638,0.9412692,-0.2203051,0.2263237,0.3864337,-0.7705395,0,0,0,0,-0.7071068,0,0,0,0,0,-0.7071068,0,0,0,0,0,-0.7071068,0,0,0,0,0,-0.7071068,0,0,0,0,0,-0.7071068,0
48.78073,58,8,1,0.1990281,0.5439421,-0.6489277,-0.1596564,-0.9619046,0.134674,0.4619735,0.6416934,0.2409799,-0.08710115,0.6389839,0.07706759,0.02519931,1.125146,-0.05399073,0.02872576,0.9424472,-0.2166092,0.2251993,0.3966481,-0.7776542,0,0,0,0,-0.7071068,0,0,0,0,0,-0.7071068,0,0,0,0,0,-0.7071068,0,0,0,0,0,-0.7071068,0,0,0,0,0,-0.7071068,0
48.79273,58,8,1,0.198207,0.549348,-0.652488,-0.158831,-0.962921,0.1310111,0.4619134,0.6417456,0.2411967,-0.08663022,0.6387962,0.0776367,0.02459977,1.125799,-0.05339424,0.02812044,0.9430379,-0.2147561,0.2245998,0.4017662,-0.7811396,0,0,0,0,-0.7071068,0,0,0,0,0,-0.7071068,0,0,0,0,0,-0.7071068,0,0,0,0,0,-0.7071068,0,0,0,0,0,-0.7071068,0
48.81398,58,8,1,0.1931712,0.5561018,-0.6574235,-0.1586751,-0.9644065,0.1243464,0.4618849,0.6416183,0.2415218,-0.08584394,0.6384788,0.07817388,0.02349776,1.127222,-0.05218877,0.02687041,0.9442581,-0.2111342,0.2234978,0.4121565,-0.7879425,0,0,0,0,-0.7071068,0,0,0,0,0,-0.7071068,0,0,0,0,0,-0.7071068,0,0,0,0,0,-0.7071068,0,0,0,0,0,-0.7071068,0
48.82577,58,8,1,0.1924054,0.56117,-0.6605392,-0.1588818,-0.9649907,0.1213746,0.4618705,0.6415975,0.2417199,-0.08555694,0.6382818,0.07855943,0.02291784,1.127876,-0.05161154,0.02621097,0.9448745,-0.2091803,0.2229178,0.4173872,-0.7913582,0,0,0,0,-0.7071068,0,0,0,0,0,-0.7071068,0,0,0,0,0,-0.7071068,0,0,0,0,0,-0.7071068,0,0,0,0,0,-0.7071068,0
48.8473,58,8,1,0.1910137,0.5713464,-0.6666465,-0.1577051,-0.9663318,0.1155988,0.4618528,0.6416854,0.2418807,-0.08489843,0.638173,0.07950243,0.02164194,1.129039,-0.05025849,0.02506094,0.9460196,-0.2051969,0.2216419,0.4277641,-0.7978569,0,0,0,0,-0.7071068,0,0,0,0,0,-0.7071068,0,0,0,0,0,-0.7071068,0,0,0,0,0,-0.7071068,0,0,0,0,0,-0.7071068,0
48.85914,58,8,1,0.1903373,0.5765382,-0.6695499,-0.1558182,-0.9672595,0.1126849,0.4618388,0.641655,0.2419549,-0.08465006,0.638247,0.07955226,0.02109819,1.129658,-0.04959805,0.02458889,0.9465197,-0.2033178,0.2210982,0.4330198,-0.8010548,0,0,0,0,-0.7071068,0,0,0,0,0,-0.7071068,0,0,0,0,0,-0.7071068,0,0,0,0,0,-0.7071068,0,0,0,0,0,-0.7071068,0
48.88086,58,8,1,0.1890458,0.5873337,-0.6755171,-0.1513743,-0.9693594,0.1066619,0.461778,0.6416253,0.2421589,-0.08408238,0.6383657,0.08034775,0.01994408,1.130899,-0.04821065,0.02354602,0.9474071,-0.1998595,0.2199441,0.4437004,-0.8073388,0,0,0,0,-0.7071068,0,0,0,0,0,-0.7071068,0,0,0,0,0,-0.7071068,0,0,0,0,0,-0.7071068,0,0,0,0,0,-0.7071068,0
48.89498,58,8,1,0.1881482,0.5927854,-0.6782994,-0.1493686,-0.9703153,0.1034632,0.4617465,0.6417016,0.2422656,-0.08425803,0.6383917,0.08048372,0.01934925,1.131495,-0.04754175,0.02319244,0.9477913,-0.1982777,0.2193493,0.4490719,-0.8104597,0,0,0,0,-0.7071068,0,0,0,0,0,-0.7071068,0,0,0,0,0,-0.7071068,0,0,0,0,0,-0.7071068,0,0,0,0,0,-0.7071068,0
48.91262,58,8,1,0.1875493,0.6034908,-0.6837358,-0.1489091,-0.9713598,0.09760965,0.4617679,0.6417315,0.2421302,-0.08450253,0.6387853,0.08058485,0.01796962,1.132608,-0.04604168,0.02240088,0.9485804,-0.1949274,0.2179696,0.4596891,-0.8163218,0,0,0,0,-0.7071068,0,0,0,0,0,-0.7071068,0,0,0,0,0,-0.7071068,0,0,0,0,0,-0.7071068,0,0,0,0,0,-0.7071068,0
48.92418,58,8,1,0.1870281,0.6088537,-0.6864737,-0.1480774,-0.9720554,0.09458373,0.461806,0.6417223,0.2420256,-0.08462603,0.6390899,0.08033096,0.01736864,1.13321,-0.04538998,0.02204736,0.9489318,-0.1933302,0.2173686,0.4644927,-0.8188512,0,0,0,0,-0.7071068,0,0,0,0,0,-0.7071068,0,0,0,0,0,-0.7071068,0,0,0,0,0,-0.7071068,0,0,0,0,0,-0.7071068,0
48.9459,58,8,1,0.185847,0.6200603,-0.6920982,-0.1448405,-0.9737185,0.08824463,0.4618676,0.6415951,0.2418086,-0.08494521,0.6397673,0.07989439,0.01630674,1.134473,-0.0441672,0.02089977,0.9496891,-0.190148,0.2163067,0.4754139,-0.8247736,0,0,0,0,-0.7071068,0,0,0,0,0,-0.7071068,0,0,0,0,0,-0.7071068,0,0,0,0,0,-0.7071068,0,0,0,0,0,-0.7071068,0
48.95723,58,8,1,0.1854966,0.6256421,-0.6946948,-0.1435059,-0.974404,0.08487397,0.4619364,0.6415582,0.2416759,-0.08500897,0.6402358,0.07953892,0.01590294,1.135112,-0.04368924,0.020126,0.9501398,-0.1884865,0.2159029,0.480994,-0.8278634,0,0,0,0,-0.7071068,0,0,0,0,0,-0.7071068,0,0,0,0,0,-0.7071068,0,0,0,0,0,-0.7071068,0,0,0,0,0,-0.7071068,0
48.97934,58,8,1,0.1849547,0.6367911,-0.6997498,-0.1419836,-0.9754774,0.07815132,0.4620672,0.6416128,0.2414761,-0.08492393,0.6408452,0.07921658,0.01474854,1.136351,-0.04241028,0.01854321,0.9510198,-0.1852578,0.2147485,0.4921351,-0.8335597,0,0,0,0,-0.7071068,0,0,0,0,0,-0.7071068,0,0,0,0,0,-0.7071068,0,0,0,0,0,-0.7071068,0,0,0,0,0,-0.7071068,0
48.99182,58,8,1,0.1847695,0.6424167,-0.7017041,-0.1400443,-0.9762065,0.07490991,0.4621021,0.6415373,0.2414025,-0.08492328,0.6410003,0.07906646,0.01415358,1.136898,-0.04184065,0.01772044,0.9514415,-0.1837474,0.2141536,0.4976978,-0.8364358,0,0,0,0,-0.7071068,0,0,0,0,0,-0.7071068,0,0,0,0,0,-0.7071068,0,0,0,0,0,-0.7071068,0,0,0,0,0,-0.7071068,0
49.01253,58,8,1,0.1841912,0.6535223,-0.7062123,-0.1351719,-0.9777288,0.06929325,0.4621636,0.6415588,0.2413677,-0.0847833,0.6413348,0.07910474,0.01310171,1.137971,-0.04055062,0.01614261,0.9522724,-0.1810019,0.2131017,0.5087628,-0.8418417,0,0,0,0,-0.7071068,0,0,0,0,0,-0.7071068,0,0,0,0,0,-0.7071068,0,0,0,0,0,-0.7071068,0,0,0,0,0,-0.7071068,0
49.02393,58,8,1,0.1840138,0.6590902,-0.7082978,-0.1326064,-0.9784417,0.06647564,0.462097,0.6415687,0.2413982,-0.08481381,0.6412915,0.07930575,0.01253231,1.138488,-0.04001675,-0.01548941,-0.9526533,0.1795985,0.2125323,0.5143334,-0.8446102,0,0,0,0,-0.7071068,0,0,0,0,0,-0.7071068,0,0,0,0,0,-0.7071068,0,0,0,0,0,-0.7071068,0,0,0,0,0,-0.7071068,0
49.04583,58,8,1,0.1836308,0.6702203,-0.7124627,-0.130722,-0.9794503,0.05955745,0.4620624,0.6417755,0.2413149,-0.08464593,0.6414301,0.07986176,0.01152714,1.139572,-0.0390639,-0.01439826,-0.9535232,0.1765435,0.2115271,0.5256309,-0.8501637,0,0,0,0,-0.7071068,0,0,0,0,0,-0.7071068,0,0,0,0,0,-0.7071068,0,0,0,0,0,-0.7071068,0,0,0,0,0,-0.7071068,0
49.0574,58,8,1,0.1835466,0.67574,-0.7144175,-0.1308866,-0.9797654,0.05582266,0.462012,0.6418369,0.2413804,-0.08460248,0.64133,0.08017754,0.0109484,1.140036,-0.0384204,-0.0141029,-0.953988,0.1749308,0.2109484,0.5312058,-0.8526926,0,0,0,0,-0.7071068,0,0,0,0,0,-0.7071068,0,0,0,0,0,-0.7071068,0,0,0,0,0,-0.7071068,0,0,0,0,0,-0.7071068,0
49.07918,58,8,1,0.1833475,0.6866468,-0.7181986,-0.1294975,-0.9805481,0.0495899,0.4619123,0.6418899,0.241528,-0.08447304,0.6410283,0.08067119,0.01002177,1.141155,-0.03751059,-0.01335186,-0.9548899,0.1716828,0.2100218,0.5426242,-0.858013,0,0,0,0,-0.7071068,0,0,0,0,0,-0.7071068,0,0,0,0,0,-0.7071068,0,0,0,0,0,-0.7071068,0,0,0,0,0,-0.7071068,0
49.09103,58,8,1,0.1832604,0.6919694,-0.7201265,-0.1275803,-0.9811101,0.04684744,0.461874,0.6419686,0.2416055,-0.08430047,0.6409507,0.08102953,0.009518954,1.141673,-0.03702267,-0.01297368,-0.9553444,0.1701254,0.209519,0.5484079,-0.8606268,0,0,0,0,-0.7071068,0,0,0,0,0,-0.7071068,0,0,0,0,0,-0.7071068,0,0,0,0,0,-0.7071068,0,0,0,0,0,-0.7071068,0
49.11303,58,8,1,0.182846,0.7026614,-0.7234901,-0.1236623,-0.9821735,0.04168465,0.461807,0.6420251,0.2417568,-0.08405317,0.6406595,0.08155744,0.008582382,1.142668,-0.03594441,-0.01193082,-0.9562997,0.1670762,0.2085824,0.5600068,-0.8656286,0,0,0,0,-0.7071068,0,0,0,0,0,-0.7071068,0,0,0,0,0,-0.7071068,0,0,0,0,0,-0.7071068,0,0,0,0,0,-0.7071068,0
49.12416,58,8,1,0.1828347,0.7078904,-0.724921,-0.1229705,-0.9824839,0.03858988,0.461742,0.6420534,0.2417843,-0.08374325,0.6404361,0.08185215,0.00802916,1.143075,-0.03527617,-0.01151147,-0.9567817,0.1654359,0.2080292,0.565831,-0.8679815,0,0,0,0,-0.7071068,0,0,0,0,0,-0.7071068,0,0,0,0,0,-0.7071068,0,0,0,0,0,-0.7071068,0,0,0,0,0,-0.7071068,0
49.14592,58,8,1,0.182998,0.7181056,-0.7278653,-0.1201978,-0.983135,0.03317428,0.4618199,0.6419212,0.24178,-0.08315369,0.6400795,0.08236259,0.007223236,1.144086,-0.03415619,-0.0109145,-0.9575694,0.1621885,0.2072232,0.577195,-0.872481,0,0,0,0,-0.7071068,0,0,0,0,0,-0.7071068,0,0,0,0,0,-0.7071068,0,0,0,0,0,-0.7071068,0,0,0,0,0,-0.7071068,0
49.16792,58,8,1,0.1829935,0.7279299,-0.7306634,-0.1172333,-0.9838121,0.02858615,0.4617635,0.641957,0.2420246,-0.08276215,0.6395879,0.08300629,0.006446795,1.144998,-0.03297177,-0.01071439,-0.9582306,0.1590562,0.2064468,0.5888482,-0.8769149,0,0,0,0,-0.7071068,0,0,0,0,0,-0.7071068,0,0,0,0,0,-0.7071068,0,0,0,0,0,-0.7071068,0,0,0,0,0,-0.7071068,0
49.17905,58,8,1,0.1830704,0.732899,-0.7320233,-0.1178323,-0.9838874,0.02558174,0.4617347,0.6419588,0.2420832,-0.08267608,0.6393732,0.08334468,0.005837132,1.145333,-0.0321945,-0.01073539,-0.9585273,0.1575921,0.2058371,0.5945065,-0.8788441,0,0,0,0,-0.7071068,0,0,0,0,0,-0.7071068,0,0,0,0,0,-0.7071068,0,0,0,0,0,-0.7071068,0,0,0,0,0,-0.7071068,0
49.19072,59,8,1,0.1831611,0.7378094,-0.7333315,-0.1182483,-0.9839593,0.02265835,0.4617794,0.6420455,0.2422247,-0.08251019,0.6390692,0.08357437,0.005498969,1.145836,-0.03166342,-0.01079486,-0.9588312,0.1559649,0.205499,0.6004319,-0.8810174,0,0,0,0,-0.7071068,0,0,0,0,0,-0.7071068,0,0,0,0,0,-0.7071068,0,0,0,0,0,-0.7071068,0,0,0,0,0,-0.7071068,0
49.21255,59,8,1,0.1832802,0.7478125,-0.7357686,-0.1171515,-0.9843985,0.01683243,0.4617733,0.6420581,0.2424785,-0.08216544,0.6386193,0.08388313,0.00464665,1.146667,-0.03036913,-0.01049313,-0.9594669,0.1526488,0.2046466,0.6122039,-0.8850209,0,0,0,0,-0.7071068,0,0,0,0,0,-0.7071068,0,0,0,0,0,-0.7071068,0,0,0,0,0,-0.7071068,0,0,0,0,0,-0.7071068,0
49.22391,59,8,0,0.1831953,0.7528386,-0.7369903,-0.1144537,-0.984919,0.01453276,0.4617429,0.6421065,0.2424926,-0.082016,0.6384765,0.08413736,0.004612115,1.147206,-0.02993724,-0.01027652,-0.9597735,0.1511191,0.2046121,0.6182442,-0.8871742,0,0,0,0,-0.7071068,0,0,0,0,0,-0.7071068,0,0,0,0,0,-0.7071068,0,0,0,0,0,-0.7071068,0,0,0,0,0,-0.7071068,0
49.2458,59,8,0,0.1831225,0.7625968,-0.7394741,-0.1096794,-0.9857742,0.01065674,0.4617037,0.6419975,0.2425743,-0.08160954,0.638346,0.08426719,0.004156763,1.148165,-0.0288174,-0.009947158,-0.9602921,0.1483099,0.2041568,0.6302007,-0.8910662,0,0,0,0,-0.7071068,0,0,0,0,0,-0.7071068,0,0,0,0,0,-0.7071068,0,0,0,0,0,-0.7071068,0,0,0,0,0,-0.7071068,0
49.25727,59,8,0,0.1833115,0.7674817,-0.7406021,-0.1098142,-0.985812,0.007861178,0.4617144,0.6419243,0.2426552,-0.08125594,0.6383387,0.08430526,0.003874859,1.148583,-0.02812881,-0.009888209,-0.9605582,0.1466691,0.2038749,0.6361179,-0.8928072,0,0,0,0,-0.7071068,0,0,0,0,0,-0.7071068,0,0,0,0,0,-0.7071068,0,0,0,0,0,-0.7071068,0,0,0,0,0,-0.7071068,0
49.27938,59,8,0,0.1836543,0.7774792,-0.742673,-0.1102036,-0.9858728,0.0007720105,0.4618192,0.6417265,0.242743,-0.08070288,0.638344,0.08444946,0.003474147,1.149612,-0.0270209,-0.01012775,-0.961064,0.1433031,0.2034741,0.6482728,-0.8964613,0,0,0,0,-0.7071068,0,0,0,0,0,-0.7071068,0,0,0,0,0,-0.7071068,0,0,0,0,0,-0.7071068,0,0,0,0,0,-0.7071068,0
49.29138,59,8,0,0.1838288,0.7824501,-0.743677,-0.1081942,-0.9861578,-0.00184112,0.46182,0.6416878,0.2428398,-0.08048247,0.6383051,0.08450894,0.003281627,1.150094,-0.02643008,-0.01012505,-0.9613022,0.1416797,0.2032816,0.6544557,-0.8982321,0,0,0,0,-0.7071068,0,0,0,0,0,-0.7071068,0,0,0,0,0,-0.7071068,0,0,0,0,0,-0.7071068,0,0,0,0,0,-0.7071068,0
49.31313,59,8,0,0.1838371,0.7923417,-0.7452775,-0.1039483,-0.9867775,-0.00606012,0.4618005,0.6416185,0.2430359,-0.08001602,0.6382753,0.08486822,0.002475993,1.150767,-0.02466385,-0.01018441,-0.9618433,0.1382966,0.202476,0.6664982,-0.9010184,0,0,0,0,-0.7071068,0,0,0,0,0,-0.7071068,0,0,0,0,0,-0.7071068,0,0,0,0,0,-0.7071068,0,0,0,0,0,-0.7071068,0
49.32459,59,8,0,0.1838976,0.797161,-0.7462042,-0.1030829,-0.9869624,-0.008418094,0.4618824,0.6417749,0.2429701,-0.08002968,0.638261,0.0849338,0.002269534,1.151279,-0.02403434,-0.01022633,-0.9620652,0.136704,0.2022695,0.6727211,-0.9025984,0,0,0,0,-0.7071068,0,0,0,0,0,-0.7071068,0,0,0,0,0,-0.7071068,0,0,0,0,0,-0.7071068,0,0,0,0,0,-0.7071068,0
49.34694,59,8,0,0.1841238,0.8069334,-0.7478774,-0.1021605,-0.9871482,-0.01406444,0.4618877,0.6418743,0.2428637,-0.08001523,0.6382601,0.0850335,0.001839605,1.152134,-0.02263136,-0.01063749,-0.9625872,0.1332072,0.2018396,0.6849983,-0.9054605,0,0,0,0,-0.7071068,0,0,0,0,0,-0.7071068,0,0,0,0,0,-0.7071068,0,0,0,0,0,-0.7071068,0,0,0,0,0,-0.7071068,0
49.35842,59,8,0,0.1841582,0.811848,-0.7487043,-0.09986393,-0.9874281,-0.01646569,0.4618817,0.641897,0.2428986,-0.07997118,0.6383281,0.08512712,0.001560835,1.152496,-0.02183853,-0.01098829,-0.9628079,0.1314031,0.2015608,0.6912007,-0.9067702,0,0,0,0,-0.7071068,0,0,0,0,0,-0.7071068,0,0,0,0,0,-0.7071068,0,0,0,0,0,-0.7071068,0,0,0,0,0,-0.7071068,0
49.38045,59,8,0,0.184117,0.8213996,-0.7501582,-0.09659822,-0.9878074,-0.02059291,0.4618985,0.6419147,0.2429582,-0.07977439,0.6384763,0.08533897,0.00104269,1.153412,-0.02043871,-0.01135293,-0.9633101,0.1282247,0.2010427,0.7035778,-0.9093453,0,0,0,0,-0.7071068,0,0,0,0,0,-0.7071068,0,0,0,0,0,-0.7071068,0,0,0,0,0,-0.7071068,0,0,0,0,0,-0.7071068,0
49.39229,59,8,0,0.1841716,0.8261464,-0.750897,-0.09616284,-0.9878308,-0.02284734,0.4618593,0.6419805,0.2429205,-0.07967484,0.6385533,0.0855393,0.0007525861,1.15387,-0.01974061,-0.01156056,-0.9635904,0.1264326,0.2007526,0.709826,-0.9105797,0,0,0,0,-0.7071068,0,0,0,0,0,-0.7071068,0,0,0,0,0,-0.7071068,0,0,0,0,0,-0.7071068,0,0,0,0,0,-0.7071068,0
49.41392,59,8,0,0.1843859,0.8357605,-0.7523175,-0.09646083,-0.98765,-0.02847062,0.4618167,0.642024,0.2430231,-0.07943054,0.6385882,0.08577819,0.0001965305,1.154861,-0.01829683,-0.01130134,-0.9642475,0.1226953,0.2001965,0.7223511,-0.9128363,0,0,0,0,-0.7071068,0,0,0,0,0,-0.7071068,0,0,0,0,0,-0.7071068,0,0,0,0,0,-0.7071068,0,0,0,0,0,-0.7071068,0
49.42562,59,8,0,0.1842885,0.8406777,-0.7529937,-0.09590054,-0.9877098,-0.03154794,0.4617836,0.6420559,0.2430772,-0.0794115,0.6386129,0.08597157,-9.173622E-05,1.155396,-0.01757819,-0.0112557,-0.9645311,0.1208441,0.1999083,0.7287191,-0.9139144,0,0,0,0,-0.7071068,0,0,0,0,0,-0.7071068,0,0,0,0,0,-0.7071068,0,0,0,0,0,-0.7071068,0,0,0,0,0,-0.7071068,0
49.44714,59,8,0,0.1839497,0.8505028,-0.7542359,-0.0927906,-0.9880319,-0.03707169,0.4617327,0.6420306,0.2432233,-0.07932281,0.6384184,0.08635644,-0.0006024065,1.156466,-0.01593851,-0.01155806,-0.965091,0.1166334,0.1993976,0.741318,-0.9156794,0,0,0,0,-0.7071068,0,0,0,0,0,-0.7071068,0,0,0,0,0,-0.7071068,0,0,0,0,0,-0.7071068,0,0,0,0,0,-0.7071068,0
49.45906,59,8,0,0.1838145,0.8553432,-0.7548791,-0.09168666,-0.9881313,-0.03950391,0.4617026,0.6420594,0.2433001,-0.07914941,0.6383736,0.0865927,-0.001061212,1.156848,-0.01491011,-0.01176106,-0.9653866,0.1143954,0.1989388,0.7475325,-0.9163,0,0,0,0,-0.7071068,0,0,0,0,0,-0.7071068,0,0,0,0,0,-0.7071068,0,0,0,0,0,-0.7071068,0,0,0,0,0,-0.7071068,0
49.48082,59,8,0,0.1833961,0.8649217,-0.7558969,-0.08875953,-0.9883853,-0.04439893,0.461747,0.6420398,0.2433771,-0.07871304,0.6381993,0.08719144,-0.001612691,1.15795,-0.0132996,-0.01198665,-0.965927,0.109897,0.1983873,0.76029,-0.9178394,0,0,0,0,-0.7071068,0,0,0,0,0,-0.7071068,0,0,0,0,0,-0.7071068,0,0,0,0,0,-0.7071068,0,0,0,0,0,-0.7071068,0
49.49202,59,8,0,0.1831612,0.8696246,-0.7563664,-0.08747694,-0.9884967,-0.04637493,0.4617026,0.6420661,0.2434381,-0.07851265,0.6380488,0.08759029,-0.001883153,1.158499,-0.01244625,-0.0120127,-0.9661598,0.1077453,0.1981169,0.7668942,-0.9185464,0,0,0,0,-0.7071068,0,0,0,0,0,-0.7071068,0,0,0,0,0,-0.7071068,0,0,0,0,0,-0.7071068,0,0,0,0,0,-0.7071068,0
49.51372,59,8,0,0.1828175,0.8790987,-0.7572182,-0.08619028,-0.9884987,-0.05064581,0.4616825,0.6420947,0.2436276,-0.07822242,0.6376719,0.08798957,-0.00238409,1.159607,-0.01072588,-0.01218846,-0.9665761,0.1033757,0.1976159,0.7796023,-0.9196713,0,0,0,0,-0.7071068,0,0,0,0,0,-0.7071068,0,0,0,0,0,-0.7071068,0,0,0,0,0,-0.7071068,0,0,0,0,0,-0.7071068,0
49.52518,59,8,0,0.1825766,0.8838373,-0.7574481,-0.0856931,-0.9884205,-0.05352601,0.4616763,0.6420896,0.2437093,-0.07801416,0.6375411,0.08820977,-0.002641252,1.16017,-0.009858307,-0.01214981,-0.9667548,0.1010811,0.1973588,0.7859749,-0.9201583,0,0,0,0,-0.7071068,0,0,0,0,0,-0.7071068,0,0,0,0,0,-0.7071068,0,0,0,0,0,-0.7071068,0,0,0,0,0,-0.7071068,0
49.54735,59,8,0,0.1822945,0.893497,-0.7580906,-0.08463061,-0.9881712,-0.06015772,0.4617465,0.6419675,0.2436251,-0.07751924,0.6372908,0.08848384,-0.003316476,1.161088,-0.007650431,-0.01215518,-0.9670979,0.09656896,0.1966835,0.7987194,-0.9205636,0,0,0,0,-0.7071068,0,0,0,0,0,-0.7071068,0,0,0,0,0,-0.7071068,0,0,0,0,0,-0.7071068,0,0,0,0,0,-0.7071068,0
49.559,59,8,0,0.1820341,0.8981808,-0.7583307,-0.08326123,-0.9881128,-0.06358404,0.4617334,0.6419519,0.2436932,-0.07718148,0.6372131,0.08882625,-0.003576394,1.161713,-0.006820844,-0.01199922,-0.9672582,0.09443299,0.1964236,0.8054047,-0.9209986,0,0,0,0,-0.7071068,0,0,0,0,0,-0.7071068,0,0,0,0,0,-0.7071068,0,0,0,0,0,-0.7071068,0,0,0,0,0,-0.7071068,0
49.58036,59,8,0,0.1813144,0.9070086,-0.7587742,-0.08020464,-0.9881936,-0.06791185,0.46161,0.6419523,0.2438428,-0.07655922,0.6369933,0.08925335,-0.004257288,1.162621,-0.004826683,-0.0118387,-0.967501,0.09038855,0.1957427,0.818055,-0.9213125,0,0,0,0,-0.7071068,0,0,0,0,0,-0.7071068,0,0,0,0,0,-0.7071068,0,0,0,0,0,-0.7071068,0,0,0,0,0,-0.7071068,0
49.59177,59,8,0,0.1808108,0.910969,-0.758974,-0.07885543,-0.9882997,-0.06893538,0.4615851,0.6419965,0.2439577,-0.07629437,0.6368244,0.08965536,-0.004499704,1.163126,-0.003900045,-0.01165701,-0.9676083,0.08826487,0.1955003,0.8244567,-0.9214746,0,0,0,0,-0.7071068,0,0,0,0,0,-0.7071068,0,0,0,0,0,-0.7071068,0,0,0,0,0,-0.7071068,0,0,0,0,0,-0.7071068,0
49.61363,59,8,0,0.1799182,0.919072,-0.7593631,-0.0788303,-0.9881961,-0.07235827,0.4615475,0.6420094,0.2440896,-0.07583143,0.6364363,0.09055799,-0.005016071,1.164158,-0.002058737,-0.01176054,-0.9677939,0.08384003,0.1949839,0.8373882,-0.9216881,0,0,0,0,-0.7071068,0,0,0,0,0,-0.7071068,0,0,0,0,0,-0.7071068,0,0,0,0,0,-0.7071068,0,0,0,0,0,-0.7071068,0
49.62518,59,8,0,0.1794771,0.923252,-0.7595245,-0.07924359,-0.9880704,-0.074668,0.4615163,0.6420375,0.2442147,-0.07562967,0.6362177,0.09090261,-0.005308601,1.164678,-0.00114459,-0.0117848,-0.9678663,0.08175548,0.1946914,0.8438648,-0.9217314,0,0,0,0,-0.7071068,0,0,0,0,0,-0.7071068,0,0,0,0,0,-0.7071068,0,0,0,0,0,-0.7071068,0,0,0,0,0,-0.7071068,0
49.64699,59,8,0,0.1784288,0.9315312,-0.759751,-0.07865461,-0.9880929,-0.07877668,0.4614666,0.6421384,0.2444234,-0.07519455,0.636043,0.09144687,-0.0061203,1.165517,0.0009318553,-0.011701,-0.9680572,0.07756689,0.1938797,0.8566979,-0.9214399,0,0,0,0,-0.7071068,0,0,0,0,0,-0.7071068,0,0,0,0,0,-0.7071068,0,0,0,0,0,-0.7071068,0,0,0,0,0,-0.7071068,0
49.65857,59,8,0,0.1775572,0.9355123,-0.7601718,-0.07455697,-0.988657,-0.07862211,0.4614748,0.6421101,0.2444831,-0.07485013,0.6360853,0.09166041,-0.00672404,1.16583,0.002067813,-0.01155267,-0.9681555,0.07556675,0.193276,0.8629835,-0.9211221,0,0,0,0,-0.7071068,0,0,0,0,0,-0.7071068,0,0,0,0,0,-0.7071068,0,0,0,0,0,-0.7071068,0,0,0,0,0,-0.7071068,0
49.68034,59,8,0,0.1758956,0.9435513,-0.7608708,-0.06582262,-0.9896621,-0.07845969,0.4615279,0.6421273,0.2446251,-0.07443485,0.6363684,0.09203247,-0.007650878,1.166536,0.004062355,-0.01112485,-0.9683667,0.07172303,0.1923491,0.8757843,-0.9206402,0,0,0,0,-0.7071068,0,0,0,0,0,-0.7071068,0,0,0,0,0,-0.7071068,0,0,0,0,0,-0.7071068,0,0,0,0,0,-0.7071068,0
49.69168,59,8,0,0.1750753,0.9474063,-0.7609454,-0.06218372,-0.9899999,-0.07920892,0.4615999,0.6420281,0.2445517,-0.07432942,0.6364706,0.09200223,-0.007984161,1.166971,0.004917973,-0.01093084,-0.9684642,0.06974,0.1920158,0.8821436,-0.9204557,0,0,0,0,-0.7071068,0,0,0,0,0,-0.7071068,0,0,0,0,0,-0.7071068,0,0,0,0,0,-0.7071068,0,0,0,0,0,-0.7071068,0
49.71369,59,8,0,0.1738775,0.9557471,-0.7612087,-0.0599543,-0.9900203,-0.08334981,0.4616212,0.641979,0.2445988,-0.07389984,0.6365562,0.09220877,-0.008769825,1.167795,0.006624643,-0.01071752,-0.9686196,0.06590331,0.1912302,0.8950621,-0.9199768,0,0,0,0,-0.7071068,0,0,0,0,0,-0.7071068,0,0,0,0,0,-0.7071068,0,0,0,0,0,-0.7071068,0,0,0,0,0,-0.7071068,0
49.7253,59,8,0,0.1733526,0.9599285,-0.7612444,-0.0585361,-0.9899902,-0.085568,0.4616046,0.6419983,0.244628,-0.07379225,0.6365942,0.0924686,-0.01098906,1.166797,0.008927447,-0.01059755,-0.9686688,0.0639464,0.1890109,0.9000334,-0.91821,0,0,0,0,-0.7071068,0,0,0,0,0,-0.7071068,0,0,0,0,0,-0.7071068,0,0,0,0,0,-0.7071068,0,0,0,0,0,-0.7071068,0
49.74703,59,8,0,0.1725453,0.9680812,-0.761238,-0.0571282,-0.9897439,-0.08963399,0.4615585,0.6419799,0.2446588,-0.07354687,0.6367821,0.09266871,-0.0117658,1.167549,0.01061085,-0.0103199,-0.9688716,0.06015778,0.1882342,0.9129017,-0.9174725,0,0,0,0,-0.7071068,0,0,0,0,0,-0.7071068,0,0,0,0,0,-0.7071068,0,0,0,0,0,-0.7071068,0,0,0,0,0,-0.7071068,0
49.75904,59,8,0,0.1721554,0.9721779,-0.7612735,-0.05659962,-0.989632,-0.09134659,0.46154,0.641946,0.2446905,-0.07342678,0.6368448,0.09263803,-0.01213817,1.167911,0.01143754,-0.01017744,-0.9689771,0.0582185,0.1878618,0.9192451,-0.9170428,0,0,0,0,-0.7071068,0,0,0,0,0,-0.7071068,0,0,0,0,0,-0.7071068,0,0,0,0,0,-0.7071068,0,0,0,0,0,-0.7071068,0
49.78036,59,8,0,0.1711542,0.9803671,-0.7612795,-0.05263627,-0.9896707,-0.09428158,0.4616348,0.6420485,0.2446688,-0.07329278,0.6370386,0.09297981,-0.01280426,1.168634,0.01302547,-0.00986008,-0.9691352,0.05473148,0.1871957,0.932044,-0.9161158,0,0,0,0,-0.7071068,0,0,0,0,0,-0.7071068,0,0,0,0,0,-0.7071068,0,0,0,0,0,-0.7071068,0,0,0,0,0,-0.7071068,0
49.79189,59,8,0,0.1704774,0.9845484,-0.7613102,-0.04895596,-0.989821,-0.09571287,0.4616459,0.6420133,0.244682,-0.07329065,0.637104,0.09307583,-0.01315753,1.168993,0.01379908,-0.009579385,-0.9692169,0.05308003,0.1868425,0.9384443,-0.9156024,0,0,0,0,-0.7071068,0,0,0,0,0,-0.7071068,0,0,0,0,0,-0.7071068,0,0,0,0,0,-0.7071068,0,0,0,0,0,-0.7071068,0
49.81363,59,8,0,0.1693636,0.9929314,-0.7612733,-0.04573498,-0.9897816,-0.09886348,0.4616679,0.642019,0.2447263,-0.07328714,0.6371379,0.09312422,-0.01382335,1.16972,0.01527207,-0.009196645,-0.9693648,0.04945302,0.1861767,0.9512905,-0.9145101,0,0,0,0,-0.7071068,0,0,0,0,0,-0.7071068,0,0,0,0,0,-0.7071068,0,0,0,0,0,-0.7071068,0,0,0,0,0,-0.7071068,0
49.82516,59,8,0,0.1686728,0.9969239,-0.7608658,-0.04749648,-0.9895098,-0.101035,0.4616555,0.6419841,0.2446892,-0.07325974,0.6371841,0.09319423,-0.01414074,1.170142,0.01594697,-0.009099158,-0.9694181,0.04759952,0.1858593,0.9576946,-0.9139537,0,0,0,0,-0.7071068,0,0,0,0,0,-0.7071068,0,0,0,0,0,-0.7071068,0,0,0,0,0,-0.7071068,0,0,0,0,0,-0.7071068,0
49.847,59,8,0,0.1676763,1.005821,-0.7606407,-0.05121175,-0.9889085,-0.1060197,0.4616287,0.6419728,0.2446747,-0.07320861,0.6372834,0.09321474,-0.0146062,1.171022,0.01724292,-0.009061279,-0.9694967,0.04367916,0.1853938,0.9706729,-0.912757,0,0,0,0,-0.7071068,0,0,0,0,0,-0.7071068,0,0,0,0,0,-0.7071068,0,0,0,0,0,-0.7071068,0,0,0,0,0,-0.7071068,0
49.8585,59,8,0,0.1670116,1.010466,-0.760532,-0.05034171,-0.9888,-0.1084168,0.461623,0.6419619,0.2446608,-0.07319301,0.6373609,0.09315665,-0.01489137,1.171377,0.01783919,-0.008825509,-0.9695438,0.04199617,0.1851086,0.9770878,-0.9121399,0,0,0,0,-0.7071068,0,0,0,0,0,-0.7071068,0,0,0,0,0,-0.7071068,0,0,0,0,0,-0.7071068,0,0,0,0,0,-0.7071068,0
49.88042,59,8,0,0.1654869,1.02037,-0.7600685,-0.0434973,-0.9887033,-0.1140411,0.4617002,0.6419697,0.2445216,-0.07333675,0.6375278,0.09306915,-0.01553551,1.172039,0.01925554,-0.008126413,-0.9696362,0.03884836,0.1844645,0.9898067,-0.9105421,0,0,0,0,-0.7071068,0,0,0,0,0,-0.7071068,0,0,0,0,0,-0.7071068,0,0,0,0,0,-0.7071068,0,0,0,0,0,-0.7071068,0
49.89226,59,8,1,0.1649324,1.025277,-0.7598139,-0.04162873,-0.9884415,-0.1173768,0.4617099,0.6420264,0.2445062,-0.07319738,0.6375631,0.09309897,-0.01581424,1.172324,0.01988209,-0.007674862,-0.9696929,0.03760822,0.1841858,0.9962214,-0.9097517,0,0,0,0,-0.7071068,0,0,0,0,0,-0.7071068,0,0,0,0,0,-0.7071068,0,0,0,0,0,-0.7071068,0,0,0,0,0,-0.7071068,0
49.91365,59,8,1,0.1645306,1.034893,-0.7588505,-0.04319167,-0.9873978,-0.125188,0.4617096,0.6420839,0.2445208,-0.07306473,0.6374206,0.09319782,-0.01623786,1.172945,0.02101534,-0.00757177,-0.9697604,0.03502696,0.1837621,1.008818,-0.9081593,0,0,0,0,-0.7071068,0,0,0,0,0,-0.7071068,0,0,0,0,0,-0.7071068,0,0,0,0,0,-0.7071068,0,0,0,0,0,-0.7071068,0
49.92583,59,8,1,0.1642188,1.039336,-0.7583631,-0.0430948,-0.986988,-0.1281952,0.4617367,0.642082,0.2444752,-0.07296859,0.6374248,0.09338537,-0.01644227,1.173236,0.02158808,-0.007604952,-0.9697711,0.03359948,0.1835577,1.015205,-0.907282,0,0,0,0,-0.7071068,0,0,0,0,0,-0.7071068,0,0,0,0,0,-0.7071068,0,0,0,0,0,-0.7071068,0,0,0,0,0,-0.7071068,0
49.94693,59,8,1,0.1635418,1.048293,-0.7575332,-0.04193746,-0.9863172,-0.1329853,0.4617473,0.6421705,0.2445348,-0.07274599,0.6372446,0.09379525,-0.01707717,1.173752,0.02291236,-0.007767629,-0.9697942,0.03079129,0.1829228,1.027843,-0.9052098,0,0,0,0,-0.7071068,0,0,0,0,0,-0.7071068,0,0,0,0,0,-0.7071068,0,0,0,0,0,-0.7071068,0,0,0,0,0,-0.7071068,0
49.95978,59,8,1,0.1632737,1.052613,-0.7571651,-0.04333379,-0.9859166,-0.1351295,0.4617497,0.642177,0.2446011,-0.072564,0.6370922,0.09394548,-0.01734449,1.174073,0.0235363,-0.007675805,-0.969834,0.02938654,0.1826555,1.034113,-0.9041495,0,0,0,0,-0.7071068,0,0,0,0,0,-0.7071068,0,0,0,0,0,-0.7071068,0,0,0,0,0,-0.7071068,0,0,0,0,0,-0.7071068,0
49.98017,59,8,1,0.1625601,1.061661,-0.7562543,-0.04918743,-0.9848195,-0.1415309,0.461772,0.6421182,0.2445695,-0.0723044,0.6369389,0.09403154,-0.01791786,1.17463,0.02466393,-0.007677613,-0.9698855,0.02614229,0.1820821,1.046691,-0.9020001,0,0,0,0,-0.7071068,0,0,0,0,0,-0.7071068,0,0,0,0,0,-0.7071068,0,0,0,0,0,-0.7071068,0,0,0,0,0,-0.7071068,0
49.99166,59,8,1,0.1619607,1.066543,-0.7558562,-0.04866984,-0.9844784,-0.1449542,0.4617554,0.6420733,0.244592,-0.0722599,0.6369241,0.09410945,-0.0181789,1.174888,0.02521118,-0.007580377,-0.9698895,0.0244959,0.1818211,1.052947,-0.9008731,0,0,0,0,-0.7071068,0,0,0,0,0,-0.7071068,0,0,0,0,0,-0.7071068,0,0,0,0,0,-0.7071068,0,0,0,0,0,-0.7071068,0
50.01351,59,8,1,0.1600751,1.076331,-0.7549707,-0.03730645,-0.9845316,-0.1495003,0.4618206,0.6421146,0.2445986,-0.07203871,0.6369013,0.09420045,-0.01855983,1.17538,0.02642144,-0.007490196,-0.9699526,0.02183982,0.1814402,1.065562,-0.8983477,0,0,0,0,-0.7071068,0,0,0,0,0,-0.7071068,0,0,0,0,0,-0.7071068,0,0,0,0,0,-0.7071068,0,0,0,0,0,-0.7071068,0
50.02477,59,8,1,0.1592766,1.080956,-0.7544707,-0.0339207,-0.9843869,-0.151706,0.461832,0.6420773,0.2445594,-0.07194142,0.6369181,0.09423856,-0.01885361,1.175765,0.02697692,-0.007341217,-0.9699346,0.02059122,0.1811464,1.071856,-0.8970816,0,0,0,0,-0.7071068,0,0,0,0,0,-0.7071068,0,0,0,0,0,-0.7071068,0,0,0,0,0,-0.7071068,0,0,0,0,0,-0.7071068,0
50.04672,59,8,1,0.1584243,1.089936,-0.7532607,-0.03561265,-0.9835076,-0.1572067,0.4617613,0.6420534,0.2446856,-0.0716325,0.6366931,0.09448151,-0.0194359,1.176416,0.0280992,-0.007630666,-0.9699947,0.01869176,0.1805641,1.084437,-0.8943848,0,0,0,0,-0.7071068,0,0,0,0,0,-0.7071068,0,0,0,0,0,-0.7071068,0,0,0,0,0,-0.7071068,0,0,0,0,0,-0.7071068,0
50.05835,59,8,1,0.1581533,1.094341,-0.7524813,-0.03792031,-0.9828447,-0.1606041,0.461723,0.6420628,0.2447235,-0.07153787,0.636585,0.09462626,-0.01968036,1.176566,0.02861049,-0.006737172,-0.9700875,0.01695584,0.1803196,1.090567,-0.8930136,0,0,0,0,-0.7071068,0,0,0,0,0,-0.7071068,0,0,0,0,0,-0.7071068,0,0,0,0,0,-0.7071068,0,0,0,0,0,-0.7071068,0
50.0802,60,8,1,0.1574524,1.10346,-0.7509583,-0.03559344,-0.982035,-0.1657118,0.4617224,0.6420048,0.2447705,-0.07124996,0.636407,0.09495299,-0.02017425,1.177063,0.02975185,-0.006800267,-0.9702149,0.01378066,0.1798258,1.103058,-0.8900048,0,0,0,0,-0.7071068,0,0,0,0,0,-0.7071068,0,0,0,0,0,-0.7071068,0,0,0,0,0,-0.7071068,0,0,0,0,0,-0.7071068,0
50.09144,60,8,1,0.1569866,1.108059,-0.7503539,-0.03329709,-0.9817427,-0.167819,0.4616899,0.642049,0.244807,-0.07125224,0.6363278,0.09513439,-0.02043806,1.177351,0.03029965,-0.006994712,-0.9702487,0.01222155,0.1795619,1.109348,-0.8884505,0,0,0,0,-0.7071068,0,0,0,0,0,-0.7071068,0,0,0,0,0,-0.7071068,0,0,0,0,0,-0.7071068,0,0,0,0,0,-0.7071068,0
50.11349,60,8,1,0.1558085,1.117395,-0.7491041,-0.0321521,-0.9811584,-0.1718458,0.4617577,0.6421833,0.2448383,-0.07138957,0.6361778,0.09512213,-0.02098661,1.178016,0.03133997,-0.00717725,-0.9703146,0.008848813,0.1790134,1.121883,-0.8852774,0,0,0,0,-0.7071068,0,0,0,0,0,-0.7071068,0,0,0,0,0,-0.7071068,0,0,0,0,0,-0.7071068,0,0,0,0,0,-0.7071068,0
50.12484,60,8,1,0.1553123,1.122365,-0.7482994,-0.03315672,-0.9806939,-0.1746921,0.4617564,0.6421168,0.2448663,-0.0713465,0.6361147,0.09510917,-0.02124215,1.178522,0.03177126,-0.007407094,-0.9703047,0.007276252,0.1787578,1.128338,-0.8837057,0,0,0,0,-0.7071068,0,0,0,0,0,-0.7071068,0,0,0,0,0,-0.7071068,0,0,0,0,0,-0.7071068,0,0,0,0,0,-0.7071068,0
50.14685,60,8,1,0.1538823,1.132961,-0.7465742,-0.0327924,-0.9795847,-0.181772,0.4618265,0.6421728,0.2448809,-0.07139338,0.6361399,0.09499308,-0.0217939,1.179266,0.03266218,-0.007090504,-0.9703839,0.004351929,0.1782061,1.140989,-0.880388,0,0,0,0,-0.7071068,0,0,0,0,0,-0.7071068,0,0,0,0,0,-0.7071068,0,0,0,0,0,-0.7071068,0,0,0,0,0,-0.7071068,0
50.15803,60,8,1,0.1529536,1.138457,-0.7456067,-0.03019422,-0.9789577,-0.1861494,0.4618451,0.642161,0.244895,-0.07134956,0.6362322,0.09488288,-0.0220337,1.179583,0.03313584,-0.006629791,-0.9704698,0.003063868,0.1779663,1.147172,-0.8786474,0,0,0,0,-0.7071068,0,0,0,0,0,-0.7071068,0,0,0,0,0,-0.7071068,0,0,0,0,0,-0.7071068,0,0,0,0,0,-0.7071068,0
50.18015,60,8,1,0.1512823,1.14938,-0.7435823,-0.02677963,-0.9775667,-0.1946062,0.4619032,0.6420228,0.244937,-0.07097988,0.6363241,0.09496538,-0.02265161,1.180228,0.03416948,-0.005802957,-0.9706445,0.0006357427,0.1773484,1.159581,-0.8749303,0,0,0,0,-0.7071068,0,0,0,0,0,-0.7071068,0,0,0,0,0,-0.7071068,0,0,0,0,0,-0.7071068,0,0,0,0,0,-0.7071068,0
50.19201,60,8,1,0.1506463,1.154612,-0.7425888,-0.02679953,-0.9768748,-0.1983009,0.4618765,0.6419568,0.2450738,-0.07072227,0.6362937,0.0951461,-0.02296165,1.180545,0.03466275,-0.005799441,-0.9707323,-0.0008891495,0.1770384,1.165789,-0.8730209,0,0,0,0,-0.7071068,0,0,0,0,0,-0.7071068,0,0,0,0,0,-0.7071068,0,0,0,0,0,-0.7071068,0,0,0,0,0,-0.7071068,0
50.21351,60,8,1,0.1499104,1.164571,-0.7406557,-0.02995684,-0.975969,-0.2020718,0.4617598,0.6418948,0.2452726,-0.07035992,0.6360137,0.09550226,-0.02368762,1.181149,0.03565313,-0.005387141,-0.970839,-0.00461496,0.1763124,1.178253,-0.8690321,0,0,0,0,-0.7071068,0,0,0,0,0,-0.7071068,0,0,0,0,0,-0.7071068,0,0,0,0,0,-0.7071068,0,0,0,0,0,-0.7071068,0
50.22475,60,8,1,0.1491452,1.169557,-0.7395855,-0.02944277,-0.9755654,-0.2040791,0.4617698,0.6419574,0.2452724,-0.07035043,0.6359113,0.09557974,-0.02401678,1.181511,0.0361211,-0.005521492,-0.9709274,-0.006279453,0.1759832,1.184343,-0.8670449,0,0,0,0,-0.7071068,0,0,0,0,0,-0.7071068,0,0,0,0,0,-0.7071068,0,0,0,0,0,-0.7071068,0,0,0,0,0,-0.7071068,0
50.23602,60,8,1,0.1484192,1.174963,-0.7384215,-0.02759442,-0.975053,-0.2068535,0.461769,0.6419407,0.2452751,-0.07028666,0.6358721,0.09548879,-0.02442315,1.181825,0.03657527,-0.005425327,-0.9709706,-0.008146342,0.1755769,1.19056,-0.8649765,0,0,0,0,-0.7071068,0,0,0,0,0,-0.7071068,0,0,0,0,0,-0.7071068,0,0,0,0,0,-0.7071068,0,0,0,0,0,-0.7071068,0
50.258,60,8,1,0.1465145,1.186512,-0.7354973,-0.02402987,-0.9731635,-0.216602,0.4617746,0.6419011,0.2452409,-0.07015362,0.6360005,0.09555539,-0.02511561,1.182408,0.03758537,-0.004581654,-0.9712334,-0.01113114,0.1748844,1.202641,-0.8606776,0,0,0,0,-0.7071068,0,0,0,0,0,-0.7071068,0,0,0,0,0,-0.7071068,0,0,0,0,0,-0.7071068,0,0,0,0,0,-0.7071068,0
50.28032,60,8,1,0.1448172,1.197448,-0.7326422,-0.02642181,-0.971312,-0.2250457,0.4618131,0.6418777,0.2450535,-0.07027747,0.6362609,0.09542219,-0.02590859,1.18302,0.03868723,-0.003482983,-0.9715021,-0.01391619,0.1740914,1.214844,-0.8560663,0,0,0,0,-0.7071068,0,0,0,0,0,-0.7071068,0,0,0,0,0,-0.7071068,0,0,0,0,0,-0.7071068,0,0,0,0,0,-0.7071068,0
50.29154,60,8,1,0.1440531,1.202885,-0.7311831,-0.02906293,-0.9704747,-0.2287221,0.4617906,0.6418751,0.2449575,-0.07037359,0.6364042,0.09538163,-0.02626442,1.183306,0.03916727,-0.003332718,-0.9716147,-0.01554887,0.1737356,1.221014,-0.8537291,0,0,0,0,-0.7071068,0,0,0,0,0,-0.7071068,0,0,0,0,0,-0.7071068,0,0,0,0,0,-0.7071068,0,0,0,0,0,-0.7071068,0
50.31345,60,8,1,0.1423088,1.213861,-0.7281771,-0.02704604,-0.9688565,-0.2361101,0.4618149,0.6419156,0.2449292,-0.07045627,0.636412,0.09540167,-0.02711071,1.183848,0.04024496,-0.003218158,-0.971765,-0.01910489,0.1728893,1.232925,-0.8489171,0,0,0,0,-0.7071068,0,0,0,0,0,-0.7071068,0,0,0,0,0,-0.7071068,0,0,0,0,0,-0.7071068,0,0,0,0,0,-0.7071068,0
50.32813,60,8,1,0.1415668,1.219512,-0.7267335,-0.02477634,-0.9681391,-0.2392414,0.4618805,0.6419476,0.2449933,-0.0704321,0.6363395,0.09539719,-0.02750914,1.184084,0.04080123,-0.003234928,-0.971825,-0.0206498,0.1724909,1.238901,-0.8464017,0,0,0,0,-0.7071068,0,0,0,0,0,-0.7071068,0,0,0,0,0,-0.7071068,0,0,0,0,0,-0.7071068,0,0,0,0,0,-0.7071068,0
50.345,60,8,1,0.1400746,1.230258,-0.7229934,-0.0241812,-0.966647,-0.2453289,0.4618764,0.6419798,0.2450283,-0.07011628,0.6362458,0.09563453,-0.02826555,1.184673,0.04191951,-0.00332077,-0.9719756,-0.02331707,0.1717345,1.250828,-0.8412663,0,0,0,0,-0.7071068,0,0,0,0,0,-0.7071068,0,0,0,0,0,-0.7071068,0,0,0,0,0,-0.7071068,0,0,0,0,0,-0.7071068,0
50.36701,60,8,1,0.1385566,1.240938,-0.7192884,-0.02433363,-0.9647835,-0.2529881,0.4619131,0.6421181,0.2450764,-0.07006623,0.6359797,0.09616245,-0.02910165,1.185087,0.04302397,-0.002468322,-0.9720944,-0.02645684,0.1708983,1.261661,-0.8362954,0,0,0,0,-0.7071068,0,0,0,0,0,-0.7071068,0,0,0,0,0,-0.7071068,0,0,0,0,0,-0.7071068,0,0,0,0,0,-0.7071068,0
50.37824,60,8,1,0.1376841,1.246217,-0.7174907,-0.02264353,-0.9639022,-0.2565453,0.4619093,0.6421448,0.2450818,-0.07007264,0.6358861,0.09627145,-0.02954801,1.185304,0.04365859,-0.002060109,-0.9721597,-0.02781143,0.170452,1.267491,-0.8335075,0,0,0,0,-0.7071068,0,0,0,0,0,-0.7071068,0,0,0,0,0,-0.7071068,0,0,0,0,0,-0.7071068,0,0,0,0,0,-0.7071068,0
50.40053,60,8,1,0.1361576,1.256483,-0.7137623,-0.02059248,-0.9621618,-0.2631535,0.4619215,0.6420875,0.2450182,-0.06982452,0.6358151,0.09646607,-0.03046581,1.1857,0.04490684,-0.001629742,-0.9722569,-0.03051803,0.1695342,1.279159,-0.8277839,0,0,0,0,-0.7071068,0,0,0,0,0,-0.7071068,0,0,0,0,0,-0.7071068,0,0,0,0,0,-0.7071068,0,0,0,0,0,-0.7071068,0
50.42268,60,8,1,0.1344481,1.266319,-0.7099479,-0.02261687,-0.9605347,-0.2691894,0.4619056,0.6420441,0.2450492,-0.06952612,0.635752,0.09691997,-0.03139868,1.186192,0.04613199,-0.001019226,-0.9723339,-0.03349748,0.1686013,1.290793,-0.8219333,0,0,0,0,-0.7071068,0,0,0,0,0,-0.7071068,0,0,0,0,0,-0.7071068,0,0,0,0,0,-0.7071068,0,0,0,0,0,-0.7071068,0
50.44474,60,8,1,0.1325806,1.276423,-0.7055247,-0.02045859,-0.9586486,-0.2763183,0.4619305,0.641993,0.2451299,-0.06918962,0.6355698,0.09727375,-0.03232664,1.18663,0.04746333,4.454143E-05,-0.9724387,-0.03649488,0.1676734,1.302279,-0.8158145,0,0,0,0,-0.7071068,0,0,0,0,0,-0.7071068,0,0,0,0,0,-0.7071068,0,0,0,0,0,-0.7071068,0,0,0,0,0,-0.7071068,0
50.45608,60,8,1,0.1318252,1.281419,-0.7035108,-0.01883884,-0.9578333,-0.2791528,0.4619313,0.6419791,0.2451874,-0.06899376,0.6354387,0.09759158,-0.03281837,1.186858,0.04810636,0.0005859472,-0.9724796,-0.03787803,0.1671816,1.30805,-0.8126932,0,0,0,0,-0.7071068,0,0,0,0,0,-0.7071068,0,0,0,0,0,-0.7071068,0,0,0,0,0,-0.7071068,0,0,0,0,0,-0.7071068,0
50.47847,60,8,1,0.1304251,1.291287,-0.6994339,-0.02084856,-0.9565628,-0.2832208,0.4618705,0.6420375,0.2451242,-0.06855145,0.6352962,0.09815344,-0.03380936,1.187306,0.04944457,0.00139427,-0.972466,-0.0409666,0.1661906,1.319452,-0.8063025,0,0,0,0,-0.7071068,0,0,0,0,0,-0.7071068,0,0,0,0,0,-0.7071068,0,0,0,0,0,-0.7071068,0,0,0,0,0,-0.7071068,0
50.50019,60,8,1,0.128847,1.302012,-0.6952789,-0.02493067,-0.954967,-0.2886238,0.4619016,0.6419771,0.2451664,-0.06803967,0.6353168,0.09834312,-0.03471652,1.187896,0.05075884,0.002501333,-0.9723697,-0.04455297,0.1652835,1.331022,-0.7997157,0,0,0,0,-0.7071068,0,0,0,0,0,-0.7071068,0,0,0,0,0,-0.7071068,0,0,0,0,0,-0.7071068,0,0,0,0,0,-0.7071068,0
50.51132,60,8,1,0.1275595,1.308049,-0.6928216,-0.02332403,-0.9535221,-0.2938506,0.4619092,0.6418706,0.2452457,-0.06787976,0.6352191,0.09852452,-0.03515904,1.188206,0.05138519,0.003150549,-0.9722968,-0.04637729,0.164841,1.336656,-0.7964562,0,0,0,0,-0.7071068,0,0,0,0,0,-0.7071068,0,0,0,0,0,-0.7071068,0,0,0,0,0,-0.7071068,0,0,0,0,0,-0.7071068,0
50.52259,60,8,1,0.1260838,1.314367,-0.6901041,-0.02028377,-0.9518043,-0.2998162,0.4619133,0.6418861,0.2453097,-0.06787216,0.6351833,0.09857618,-0.0356173,1.188531,0.05205676,0.003845371,-0.972236,-0.04831288,0.1643827,1.342388,-0.7930585,0,0,0,0,-0.7071068,0,0,0,0,0,-0.7071068,0,0,0,0,0,-0.7071068,0,0,0,0,0,-0.7071068,0,0,0,0,0,-0.7071068,0
50.5339,60,8,1,0.124776,1.320494,-0.6873372,-0.01798145,-0.95015,-0.3053393,0.4619005,0.641862,0.2453407,-0.06798413,0.6351599,0.09848901,-0.03605299,1.188878,0.05262858,0.00449435,-0.9721592,-0.05029677,0.163947,1.348191,-0.7896821,0,0,0,0,-0.7071068,0,0,0,0,0,-0.7071068,0,0,0,0,0,-0.7071068,0,0,0,0,0,-0.7071068,0,0,0,0,0,-0.7071068,0
50.55583,61,8,1,0.1222391,1.332308,-0.6818307,-0.01753144,-0.9471821,-0.3151159,0.4619773,0.6419927,0.2453695,-0.06810634,0.6352354,0.09847659,-0.03698235,1.189614,0.05367838,0.005683137,-0.9720045,-0.05417765,0.1630177,1.359551,-0.7830141,0,0,0,0,-0.7071068,0,0,0,0,0,-0.7071068,0,0,0,0,0,-0.7071068,0,0,0,0,0,-0.7071068,0,0,0,0,0,-0.7071068,0
50.56723,61,8,1,0.120987,1.337996,-0.6791514,-0.01770949,-0.9457188,-0.3197419,0.4619736,0.6420305,0.2454298,-0.06820016,0.6352941,0.09853163,-0.03745438,1.189927,0.05418548,0.00618919,-0.9719337,-0.05591113,0.1625456,1.365195,-0.779608,0,0,0,0,-0.7071068,0,0,0,0,0,-0.7071068,0,0,0,0,0,-0.7071068,0,0,0,0,0,-0.7071068,0,0,0,0,0,-0.7071068,0
50.58906,61,8,1,0.1192733,1.348588,-0.6735147,-0.02065361,-0.9427893,-0.3281476,0.4619124,0.6420254,0.2455573,-0.06814134,0.6352696,0.09885943,-0.03836693,1.19057,0.0550696,0.006883329,-0.9719138,-0.05878851,0.1616331,1.376366,-0.7728401,0,0,0,0,-0.7071068,0,0,0,0,0,-0.7071068,0,0,0,0,0,-0.7071068,0,0,0,0,0,-0.7071068,0,0,0,0,0,-0.7071068,0
50.60026,61,8,1,0.1184334,1.353836,-0.6706958,-0.02199689,-0.9414909,-0.3317806,0.4619377,0.6420658,0.2455983,-0.06796877,0.635356,0.09892605,-0.03892254,1.190737,0.0556203,0.007754438,-0.9719452,-0.06034143,0.1610775,1.38176,-0.7692877,0,0,0,0,-0.7071068,0,0,0,0,0,-0.7071068,0,0,0,0,0,-0.7071068,0,0,0,0,0,-0.7071068,0,0,0,0,0,-0.7071068,0
50.61156,61,8,1,0.1175206,1.358908,-0.668115,-0.02280843,-0.9404648,-0.3346529,0.4619431,0.6419903,0.2456174,-0.06766058,0.6354076,0.09900247,-0.03943425,1.190941,0.0560868,0.008233583,-0.9719747,-0.06176773,0.1605657,1.387225,-0.7657458,0,0,0,0,-0.7071068,0,0,0,0,0,-0.7071068,0,0,0,0,0,-0.7071068,0,0,0,0,0,-0.7071068,0,0,0,0,0,-0.7071068,0
50.63362,61,8,1,0.1155518,1.368662,-0.663111,-0.02067521,-0.9393402,-0.3380692,0.4619129,0.641929,0.2455816,-0.06718581,0.6356971,0.09915426,-0.04046358,1.191389,0.05704326,0.009448608,-0.9720849,-0.06437556,0.1595364,1.398025,-0.7585745,0,0,0,0,-0.7071068,0,0,0,0,0,-0.7071068,0,0,0,0,0,-0.7071068,0,0,0,0,0,-0.7071068,0,0,0,0,0,-0.7071068,0
50.64507,61,8,1,0.1143788,1.373723,-0.6602903,-0.01971278,-0.9386152,-0.3402492,0.4619394,0.6419483,0.2456302,-0.06700736,0.6358423,0.09930044,-0.04096164,1.191633,0.05749939,0.01000535,-0.972137,-0.0660103,0.1590384,1.403448,-0.7549266,0,0,0,0,-0.7071068,0,0,0,0,0,-0.7071068,0,0,0,0,0,-0.7071068,0,0,0,0,0,-0.7071068,0,0,0,0,0,-0.7071068,0
50.66685,61,8,1,0.1119374,1.383459,-0.6544774,-0.01615024,-0.936571,-0.3464738,0.4618913,0.6420252,0.2455505,-0.06704319,0.6360245,0.09945786,-0.04201123,1.192101,0.0584227,0.01069719,-0.9722551,-0.06920321,0.1579888,1.414213,-0.7474895,0,0,0,0,-0.7071068,0,0,0,0,0,-0.7071068,0,0,0,0,0,-0.7071068,0,0,0,0,0,-0.7071068,0,0,0,0,0,-0.7071068,0
50.67834,61,8,1,0.110839,1.38833,-0.6515651,-0.013638,-0.935204,-0.350344,0.4618581,0.6420974,0.2455028,-0.06709164,0.6360681,0.09965857,-0.04260987,1.192321,0.05895681,0.01107652,-0.9723294,-0.07095736,0.1573901,1.419381,-0.743745,0,0,0,0,-0.7071068,0,0,0,0,0,-0.7071068,0,0,0,0,0,-0.7071068,0,0,0,0,0,-0.7071068,0,0,0,0,0,-0.7071068,0
50.7003,61,8,1,0.1090796,1.397841,-0.6456798,-0.00992164,-0.9330269,-0.3560154,0.4618297,0.6421069,0.2455339,-0.06708025,0.635959,0.1001773,-0.04374565,1.192812,0.05998684,0.01180922,-0.9724853,-0.07420327,0.1562544,1.430099,-0.7359082,0,0,0,0,-0.7071068,0,0,0,0,0,-0.7071068,0,0,0,0,0,-0.7071068,0,0,0,0,0,-0.7071068,0,0,0,0,0,-0.7071068,0
50.71159,61,8,1,0.1084169,1.402318,-0.6426743,-0.01170732,-0.9319309,-0.3588809,0.4618271,0.6421404,0.2454906,-0.06718396,0.635859,0.1001746,-0.04430622,1.19307,0.06052379,0.01217265,-0.972516,-0.07593057,0.1556938,1.435247,-0.7320334,0,0,0,0,-0.7071068,0,0,0,0,0,-0.7071068,0,0,0,0,0,-0.7071068,0,0,0,0,0,-0.7071068,0,0,0,0,0,-0.7071068,0
50.72292,61,8,1,0.1074769,1.407072,-0.6392735,-0.01213829,-0.9306507,-0.3622751,0.4619215,0.6420933,0.2453103,-0.06726772,0.6358296,0.1001901,-0.04485653,1.193322,0.06104601,0.01242679,-0.9725285,-0.07757061,0.1551435,1.440547,-0.7280083,0,0,0,0,-0.7071068,0,0,0,0,0,-0.7071068,0,0,0,0,0,-0.7071068,0,0,0,0,0,-0.7071068,0,0,0,0,0,-0.7071068,0
50.73412,61,8,1,0.1068098,1.411647,-0.6361523,-0.012219,-0.9294678,-0.365315,0.4619332,0.6421205,0.2452315,-0.06726006,0.6358371,0.100312,-0.04541858,1.193552,0.0615469,0.01261039,-0.9725257,-0.07937364,0.1545814,1.445815,-0.7239518,0,0,0,0,-0.7071068,0,0,0,0,0,-0.7071068,0,0,0,0,0,-0.7071068,0,0,0,0,0,-0.7071068,0,0,0,0,0,-0.7071068,0
50.74541,61,8,1,0.1061091,1.416292,-0.6331363,-0.009275869,-0.9283315,-0.368127,0.4619731,0.6420801,0.24521,-0.0670813,0.6358846,0.1002997,-0.04602358,1.193799,0.06212683,0.01285749,-0.9724894,-0.08096224,0.1539764,1.451014,-0.7198183,0,0,0,0,-0.7071068,0,0,0,0,0,-0.7071068,0,0,0,0,0,-0.7071068,0,0,0,0,0,-0.7071068,0,0,0,0,0,-0.7071068,0
50.75687,61,8,1,0.1052285,1.420783,-0.6300045,-0.004636154,-0.9272139,-0.3709124,0.4620139,0.6420772,0.2451132,-0.06696372,0.6359677,0.1002811,-0.04662338,1.194013,0.06272197,0.01321859,-0.9724773,-0.08264731,0.1533766,1.456193,-0.7156008,0,0,0,0,-0.7071068,0,0,0,0,0,-0.7071068,0,0,0,0,0,-0.7071068,0,0,0,0,0,-0.7071068,0,0,0,0,0,-0.7071068,0
50.76805,61,8,1,0.1042662,1.425177,-0.6268857,-0.0007696301,-0.9259652,-0.3740537,0.4620612,0.6420773,0.2450218,-0.06681155,0.6360382,0.1002811,-0.04723759,1.194199,0.06333607,0.01356854,-0.9724348,-0.08422083,0.1527624,1.46139,-0.7112697,0,0,0,0,-0.7071068,0,0,0,0,0,-0.7071068,0,0,0,0,0,-0.7071068,0,0,0,0,0,-0.7071068,0,0,0,0,0,-0.7071068,0
50.77924,61,8,1,0.1032587,1.429456,-0.6238268,0.003277451,-0.9248176,-0.3769102,0.4620816,0.6421061,0.2449426,-0.06695881,0.6360513,0.1003347,-0.04785727,1.194394,0.06394563,0.01414349,-0.9723985,-0.08565324,0.1521427,1.466445,-0.706995,0,0,0,0,-0.7071068,0,0,0,0,0,-0.7071068,0,0,0,0,0,-0.7071068,0,0,0,0,0,-0.7071068,0,0,0,0,0,-0.7071068,0
50.7909,61,8,1,0.1025306,1.433492,-0.6209164,0.005418986,-0.9239076,-0.3790358,0.4621245,0.6421392,0.2448708,-0.06687349,0.6360595,0.1004737,-0.04851098,1.194619,0.06460121,0.0146029,-0.9723721,-0.08709915,0.151489,1.4715,-0.7026377,0,0,0,0,-0.7071068,0,0,0,0,0,-0.7071068,0,0,0,0,0,-0.7071068,0,0,0,0,0,-0.7071068,0,0,0,0,0,-0.7071068,0
50.81303,61,8,1,0.1016887,1.441192,-0.6149052,0.003605291,-0.9219669,-0.3835782,0.4622519,0.6421982,0.2448073,-0.06652975,0.6359972,0.1007334,-0.04990299,1.195125,0.06590112,0.01551855,-0.9722686,-0.09032816,0.150097,1.481605,-0.6938017,0,0,0,0,-0.7071068,0,0,0,0,0,-0.7071068,0,0,0,0,0,-0.7071068,0,0,0,0,0,-0.7071068,0,0,0,0,0,-0.7071068,0
50.82441,61,8,1,0.1011508,1.445133,-0.6116048,0.0009437948,-0.9203967,-0.3874274,0.462254,0.6421913,0.2448476,-0.06638209,0.6359557,0.1009903,-0.05064845,1.195422,0.06656293,0.01597711,-0.972185,-0.0920987,0.1493516,1.486725,-0.6892602,0,0,0,0,-0.7071068,0,0,0,0,0,-0.7071068,0,0,0,0,0,-0.7071068,0,0,0,0,0,-0.7071068,0,0,0,0,0,-0.7071068,0
50.83559,61,8,1,0.1007387,1.448962,-0.6083835,-0.002006844,-0.9187714,-0.3913368,0.462247,0.642222,0.2448269,-0.06627133,0.6359066,0.1012674,-0.05139264,1.195679,0.06724925,0.01625844,-0.9721259,-0.09393124,0.1486074,1.491778,-0.6846531,0,0,0,0,-0.7071068,0,0,0,0,0,-0.7071068,0,0,0,0,0,-0.7071068,0,0,0,0,0,-0.7071068,0,0,0,0,0,-0.7071068,0
50.84674,61,8,1,0.09998389,1.452552,-0.6047068,-0.006125599,-0.9167551,-0.3960794,0.4622474,0.6422544,0.2448103,-0.06606856,0.6358927,0.1015963,-0.05217344,1.195892,0.06791364,0.01658578,-0.9720474,-0.09584309,0.1478266,1.496674,-0.6800973,0,0,0,0,-0.7071068,0,0,0,0,0,-0.7071068,0,0,0,0,0,-0.7071068,0,0,0,0,0,-0.7071068,0,0,0,0,0,-0.7071068,0
50.86868,61,8,1,0.09902413,1.460082,-0.5978459,-0.0138931,-0.9133627,-0.4035856,0.4622654,0.6423244,0.2448181,-0.06565097,0.6357653,0.1018925,-0.0537484,1.196097,0.06920782,0.01739772,-0.9719031,-0.09999668,0.1462516,1.506076,-0.670979,0,0,0,0,-0.7071068,0,0,0,0,0,-0.7071068,0,0,0,0,0,-0.7071068,0,0,0,0,0,-0.7071068,0,0,0,0,0,-0.7071068,0
50.87991,61,8,1,0.09833916,1.464021,-0.5943139,-0.01611368,-0.9117596,-0.4071691,0.4622851,0.6423718,0.2448076,-0.06551448,0.6357138,0.1020366,-0.05460799,1.19617,0.06977181,0.01761887,-0.9718297,-0.1018873,0.145392,1.510624,-0.666519,0,0,0,0,-0.7071068,0,0,0,0,0,-0.7071068,0,0,0,0,0,-0.7071068,0,0,0,0,0,-0.7071068,0,0,0,0,0,-0.7071068,0
50.8912,61,8,1,0.0972081,1.468116,-0.5908012,-0.01662956,-0.910429,-0.4102987,0.4622077,0.6422701,0.2449715,-0.06541882,0.6356158,0.1020757,-0.0554819,1.196199,0.07040687,0.01755508,-0.9717864,-0.1036187,0.1445181,1.515233,-0.6618339,0,0,0,0,-0.7071068,0,0,0,0,0,-0.7071068,0,0,0,0,0,-0.7071068,0,0,0,0,0,-0.7071068,0,0,0,0,0,-0.7071068,0
50.91317,61,8,1,0.0942014,1.476628,-0.583317,-0.008985698,-0.9077344,-0.4164881,0.4623739,0.6425,0.2448972,-0.06562702,0.6356019,0.1022176,-0.05732364,1.196403,0.07155794,0.01756577,-0.9717207,-0.1064792,0.1426764,1.524356,-0.6526069,0,0,0,0,-0.7071068,0,0,0,0,0,-0.7071068,0,0,0,0,0,-0.7071068,0,0,0,0,0,-0.7071068,0,0,0,0,0,-0.7071068,0
50.92455,61,8,1,0.09296948,1.480803,-0.5795565,-0.005658641,-0.9065123,-0.41909,0.4624342,0.642642,0.2449716,-0.0657675,0.6355528,0.1022843,-0.05827372,1.196585,0.07221016,0.01801839,-0.9716678,-0.1079526,0.1417263,1.52899,-0.6478296,0,0,0,0,-0.7071068,0,0,0,0,0,-0.7071068,0,0,0,0,0,-0.7071068,0,0,0,0,0,-0.7071068,0,0,0,0,0,-0.7071068,0
50.94662,61,8,1,0.0900274,1.489149,-0.5722294,0.001116186,-0.9046917,-0.4228312,0.4625604,0.6427426,0.2449016,-0.06600229,0.6355481,0.1022767,-0.06008183,1.196874,0.07351658,0.02011835,-0.9714875,-0.1113191,0.1399182,1.538024,-0.6382278,0,0,0,0,-0.7071068,0,0,0,0,0,-0.7071068,0,0,0,0,0,-0.7071068,0,0,0,0,0,-0.7071068,0,0,0,0,0,-0.7071068,0
50.95792,61,8,1,0.08838136,1.493542,-0.5682647,0.003057078,-0.9031351,-0.4261744,0.4626667,0.6427126,0.2448102,-0.06639171,0.6355217,0.101726,-0.0610284,1.19702,0.07417472,0.02153017,-0.971365,-0.1130318,0.1389716,1.542585,-0.6332834,0,0,0,0,-0.7071068,0,0,0,0,0,-0.7071068,0,0,0,0,0,-0.7071068,0,0,0,0,0,-0.7071068,0,0,0,0,0,-0.7071068,0
50.97983,61,8,1,0.08533425,1.502134,-0.5601186,0.004328802,-0.8991554,-0.434401,0.4627853,0.6426851,0.2446469,-0.06589332,0.6356982,0.1013429,-0.06299999,1.197316,0.07548403,0.02402371,-0.9711599,-0.1166043,0.137,1.551463,-0.6234426,0,0,0,0,-0.7071068,0,0,0,0,0,-0.7071068,0,0,0,0,0,-0.7071068,0,0,0,0,0,-0.7071068,0,0,0,0,0,-0.7071068,0
50.99118,61,8,1,0.08398349,1.506234,-0.5562782,0.001946464,-0.8977783,-0.4371894,0.46293,0.6426414,0.2445442,-0.06562116,0.636005,0.1013534,-0.06400846,1.197507,0.07611274,0.02477657,-0.9710265,-0.1187664,0.1359915,1.55584,-0.6185557,0,0,0,0,-0.7071068,0,0,0,0,0,-0.7071068,0,0,0,0,0,-0.7071068,0,0,0,0,0,-0.7071068,0,0,0,0,0,-0.7071068,0
51.01314,61,8,1,0.08094198,1.514272,-0.5486768,-0.004557654,-0.895174,-0.4426765,0.4630471,0.6426867,0.2441971,-0.06539164,0.6365002,0.1011155,-0.06609759,1.19792,0.07733132,0.02582751,-0.970672,-0.1234421,0.1339024,1.564628,-0.6086182,0,0,0,0,-0.7071068,0,0,0,0,0,-0.7071068,0,0,0,0,0,-0.7071068,0,0,0,0,0,-0.7071068,0,0,0,0,0,-0.7071068,0
51.02443,61,8,1,0.07927079,1.518343,-0.5447999,-0.006680071,-0.8938837,-0.4454117,0.4631278,0.6426713,0.2439531,-0.06531943,0.6367897,0.101035,-0.06716589,1.198115,0.07797267,0.02661397,-0.9705279,-0.1256101,0.1328341,1.568958,-0.6035708,0,0,0,0,-0.7071068,0,0,0,0,0,-0.7071068,0,0,0,0,0,-0.7071068,0,0,0,0,0,-0.7071068,0,0,0,0,0,-0.7071068,0
51.04662,61,8,1,0.07563836,1.52644,-0.5369408,-0.006637812,-0.8908535,-0.4517013,0.4631862,0.6427957,0.2434364,-0.06571648,0.6374515,0.1003973,-0.06937921,1.198377,0.07937974,0.02864756,-0.9704135,-0.129291,0.1306208,1.577388,-0.5932534,0,0,0,0,-0.7071068,0,0,0,0,0,-0.7071068,0,0,0,0,0,-0.7071068,0,0,0,0,0,-0.7071068,0,0,0,0,0,-0.7071068,0
51.06854,62,8,1,0.07196743,1.534748,-0.5287041,-0.003114566,-0.8868794,-0.4594178,0.4631573,0.642971,0.2428857,-0.0668737,0.6379928,0.09949824,-0.07162321,1.198617,0.0806808,0.03069685,-0.9704493,-0.1327967,0.1283768,1.585692,-0.5828772,0,0,0,0,-0.7071068,0,0,0,0,0,-0.7071068,0,0,0,0,0,-0.7071068,0,0,0,0,0,-0.7071068,0,0,0,0,0,-0.7071068,0
51.07967,62,8,1,0.07004363,1.5388,-0.5244475,-0.001607627,-0.8846502,-0.4637117,0.4630814,0.6430533,0.242733,-0.06750692,0.6381348,0.09928368,-0.072698,1.19885,0.08126347,0.03152287,-0.9704449,-0.1347024,0.127302,1.589809,-0.5778213,0,0,0,0,-0.7071068,0,0,0,0,0,-0.7071068,0,0,0,0,0,-0.7071068,0,0,0,0,0,-0.7071068,0,0,0,0,0,-0.7071068,0
51.091,62,8,1,0.06824226,1.542566,-0.5204673,-0.001605779,-0.8827608,-0.467482,0.4630224,0.6432021,0.2425747,-0.06809592,0.6381681,0.09927813,-0.07383817,1.199073,0.08190852,0.03200872,-0.9704066,-0.1368696,0.1261618,1.593968,-0.5725721,0,0,0,0,-0.7071068,0,0,0,0,0,-0.7071068,0,0,0,0,0,-0.7071068,0,0,0,0,0,-0.7071068,0,0,0,0,0,-0.7071068,0
51.11306,62,8,1,0.0647511,1.549868,-0.513011,0.0004763305,-0.8800068,-0.4727708,0.4629275,0.6433074,0.2424071,-0.06870367,0.6379016,0.09957178,-0.07602848,1.199469,0.08318516,0.03353836,-0.9702798,-0.141099,0.1239715,1.602137,-0.5619823,0,0,0,0,-0.7071068,0,0,0,0,0,-0.7071068,0,0,0,0,0,-0.7071068,0,0,0,0,0,-0.7071068,0,0,0,0,0,-0.7071068,0
51.12448,62,8,1,0.06302053,1.553398,-0.5093712,0.002335936,-0.8787079,-0.4751459,0.4628882,0.6434109,0.2422698,-0.06885304,0.6377893,0.09971632,-0.07702665,1.199605,0.0837995,0.03457725,-0.9702071,-0.1430775,0.1229734,1.60609,-0.5566855,0,0,0,0,-0.7071068,0,0,0,0,0,-0.7071068,0,0,0,0,0,-0.7071068,0,0,0,0,0,-0.7071068,0,0,0,0,0,-0.7071068,0
51.14632,62,8,1,0.06014318,1.559807,-0.5021091,0.004945934,-0.8760245,-0.4799199,0.4628469,0.6434165,0.2422357,-0.06877755,0.6374182,0.09987363,-0.07893545,1.19996,0.0849828,0.03657933,-0.9699867,-0.1470605,0.1210646,1.614004,-0.546006,0,0,0,0,-0.7071068,0,0,0,0,0,-0.7071068,0,0,0,0,0,-0.7071068,0,0,0,0,0,-0.7071068,0,0,0,0,0,-0.7071068,0
51.15773,62,8,1,0.05879254,1.562926,-0.4986078,0.005530953,-0.8745751,-0.4825508,0.462866,0.6434242,0.2422561,-0.06868054,0.6373131,0.09981206,-0.07987192,1.200147,0.08560459,0.03753541,-0.9698212,-0.1490864,0.1201281,1.617852,-0.5406727,0,0,0,0,-0.7071068,0,0,0,0,0,-0.7071068,0,0,0,0,0,-0.7071068,0,0,0,0,0,-0.7071068,0,0,0,0,0,-0.7071068,0
51.17996,62,8,1,0.05624063,1.56882,-0.4919856,0.00538297,-0.8723112,-0.4866523,0.4629379,0.6434665,0.2422181,-0.06835266,0.6371562,0.1000096,-0.08154149,1.200647,0.08676984,0.03922706,-0.9693953,-0.1534579,0.1184585,1.625687,-0.5298392,0,0,0,0,-0.7071068,0,0,0,0,0,-0.7071068,0,0,0,0,0,-0.7071068,0,0,0,0,0,-0.7071068,0,0,0,0,0,-0.7071068,0
51.20184,62,8,1,0.05330045,1.574535,-0.4855834,0.008158132,-0.8705636,-0.4897511,0.46302,0.6434389,0.2421913,-0.06819374,0.6370356,0.09995643,-0.0831455,1.201243,0.08795642,0.04052885,-0.9688533,-0.157914,0.1168545,1.633491,-0.5188402,0,0,0,0,-0.7071068,0,0,0,0,0,-0.7071068,0,0,0,0,0,-0.7071068,0,0,0,0,0,-0.7071068,0,0,0,0,0,-0.7071068,0
51.21306,62,8,1,0.05158908,1.577396,-0.4824505,0.01042721,-0.869382,-0.4920042,0.4630642,0.6434393,0.2421452,-0.0681369,0.6369846,0.09993616,-0.08388567,1.201547,0.08860952,0.04113774,-0.9686483,-0.1598756,0.1161143,1.637235,-0.513386,0,0,0,0,-0.7071068,0,0,0,0,0,-0.7071068,0,0,0,0,0,-0.7071068,0,0,0,0,0,-0.7071068,0,0,0,0,0,-0.7071068,0
51.22436,62,8,1,0.04995579,1.580382,-0.4789482,0.01260865,-0.8679696,-0.4945583,0.4631578,0.6433722,0.2421804,-0.06804325,0.6370137,0.09975289,-0.08460473,1.201739,0.08918836,0.04181509,-0.9683806,-0.1618409,0.1153953,1.640946,-0.507817,0,0,0,0,-0.7071068,0,0,0,0,0,-0.7071068,0,0,0,0,0,-0.7071068,0,0,0,0,0,-0.7071068,0,0,0,0,0,-0.7071068,0
51.24638,62,8,1,0.04708774,1.585905,-0.4722924,0.01731955,-0.8646809,-0.5001943,0.4632604,0.6433359,0.2421874,-0.06779398,0.6369749,0.09966533,-0.0858368,1.202119,0.09045012,0.04304431,-0.9678968,-0.1651053,0.1141632,1.648152,-0.4966322,0,0,0,0,-0.7071068,0,0,0,0,0,-0.7071068,0,0,0,0,0,-0.7071068,0,0,0,0,0,-0.7071068,0,0,0,0,0,-0.7071068,0
51.25756,62,8,1,0.04604847,1.588517,-0.4690103,0.01843324,-0.86312,-0.5027548,0.4632999,0.6433541,0.2422032,-0.06770808,0.6368963,0.09954153,-0.08642802,1.202272,0.09104288,0.04334758,-0.9676153,-0.1668666,0.113572,1.651698,-0.4909826,0,0,0,0,-0.7071068,0,0,0,0,0,-0.7071068,0,0,0,0,0,-0.7071068,0,0,0,0,0,-0.7071068,0,0,0,0,0,-0.7071068,0
51.27958,62,8,1,0.04390282,1.593379,-0.4627882,0.01857561,-0.8614028,-0.505436,0.4634366,0.6433392,0.2422861,-0.06743575,0.6368254,0.09943727,-0.08748411,1.202551,0.09226622,0.04395845,-0.9669592,-0.1705895,0.1125159,1.658609,-0.4796186,0,0,0,0,-0.7071068,0,0,0,0,0,-0.7071068,0,0,0,0,0,-0.7071068,0,0,0,0,0,-0.7071068,0,0,0,0,0,-0.7071068,0
51.29091,62,8,1,0.04272086,1.595829,-0.4596215,0.01859173,-0.8605388,-0.5068619,0.4635047,0.6432668,0.242265,-0.06733847,0.6367543,0.09934791,-0.08803609,1.202752,0.09281177,0.04438721,-0.9665684,-0.1725034,0.1119639,1.662011,-0.4740537,0,0,0,0,-0.7071068,0,0,0,0,0,-0.7071068,0,0,0,0,0,-0.7071068,0,0,0,0,0,-0.7071068,0,0,0,0,0,-0.7071068,0
51.31312,62,8,1,0.03974229,1.600859,-0.4526089,0.01743439,-0.8575662,-0.5120664,0.4634615,0.6432108,0.2422487,-0.06721888,0.6367539,0.099338,-0.08893748,1.203244,0.09393697,0.04572305,-0.9658377,-0.1759574,0.1110625,1.668888,-0.4626567,0,0,0,0,-0.7071068,0,0,0,0,0,-0.7071068,0,0,0,0,0,-0.7071068,0,0,0,0,0,-0.7071068,0,0,0,0,0,-0.7071068,0
51.3243,62,8,1,0.03827244,1.603473,-0.4491256,0.01659094,-0.855891,-0.5149797,0.4635082,0.6431774,0.2422841,-0.06709467,0.6368005,0.09932494,-0.08929706,1.203393,0.09436586,0.04701643,-0.9653243,-0.178089,0.1107029,1.672226,-0.4569594,0,0,0,0,-0.7071068,0,0,0,0,0,-0.7071068,0,0,0,0,0,-0.7071068,0,0,0,0,0,-0.7071068,0,0,0,0,0,-0.7071068,0
51.34635,62,8,1,0.03501588,1.609201,-0.4422242,0.01503199,-0.8530126,-0.5199116,0.4634788,0.6432277,0.2423087,-0.06694685,0.6366157,0.09952064,-0.09003029,1.203721,0.09519508,0.04801828,-0.9644822,-0.1818543,0.1099697,1.678658,-0.445778,0,0,0,0,-0.7071068,0,0,0,0,0,-0.7071068,0,0,0,0,0,-0.7071068,0,0,0,0,0,-0.7071068,0,0,0,0,0,-0.7071068,0
51.35751,62,8,1,0.03298504,1.612395,-0.4389328,0.01605776,-0.8522041,-0.5212317,0.463435,0.6432602,0.2423843,-0.06710993,0.6363758,0.09963429,-0.09035365,1.203831,0.09557737,0.04806012,-0.9641256,-0.1833645,0.1096464,1.681791,-0.4401305,0,0,0,0,-0.7071068,0,0,0,0,0,-0.7071068,0,0,0,0,0,-0.7071068,0,0,0,0,0,-0.7071068,0,0,0,0,0,-0.7071068,0
51.3797,62,8,1,0.02813036,1.618892,-0.4317525,0.022618,-0.8491563,-0.526024,0.4633763,0.6433038,0.2425589,-0.06749737,0.6360564,0.09963549,-0.09089164,1.203995,0.09634069,0.0483239,-0.9636738,-0.1853763,0.1091084,1.675923,-0.4497821,0,0,0,0,-0.7071068,0,0,0,0,0,-0.7071068,0,0,0,0,0,-0.7071068,0,0,0,0,0,-0.7071068,0,0,0,0,0,-0.7071068,0
51.39172,62,8,1,0.02556569,1.622137,-0.4280725,0.02612886,-0.8473098,-0.5289021,0.4633866,0.6433061,0.2426099,-0.06751511,0.6359113,0.09974813,-0.09112774,1.204118,0.0967232,0.04853619,-0.9634585,-0.1863368,0.1088723,1.672919,-0.4546567,0,0,0,0,-0.7071068,0,0,0,0,0,-0.7071068,0,0,0,0,0,-0.7071068,0,0,0,0,0,-0.7071068,0,0,0,0,0,-0.7071068,0
51.41322,62,8,1,0.02022296,1.628275,-0.4199941,0.03223059,-0.8423568,-0.5366505,0.4633792,0.6433167,0.2426586,-0.06746777,0.635923,0.09984749,-0.09141728,1.204645,0.09747817,0.04898588,-0.9630358,-0.1886179,0.1085827,1.667178,-0.4641642,0,0,0,0,-0.7071068,0,0,0,0,0,-0.7071068,0,0,0,0,0,-0.7071068,0,0,0,0,0,-0.7071068,0,0,0,0,0,-0.7071068,0
51.43516,62,8,1,0.01579195,1.633986,-0.4125703,0.03212407,-0.8391388,-0.5419492,0.4633837,0.6433043,0.2426105,-0.06744818,0.6361989,0.09957471,-0.09176417,1.205147,0.09809843,0.04867593,-0.9624884,-0.1920044,0.1082358,1.661141,-0.4738863,0,0,0,0,-0.7071068,0,0,0,0,0,-0.7071068,0,0,0,0,0,-0.7071068,0,0,0,0,0,-0.7071068,0,0,0,0,0,-0.7071068,0
51.45751,62,8,1,0.01190192,1.63934,-0.4056109,0.03456005,-0.8374287,-0.5444652,0.4632885,0.6431028,0.2425044,-0.06767869,0.6365362,0.09911932,-0.09197182,1.205383,0.09867128,0.04757015,-0.9620633,-0.1951358,0.1080282,1.65485,-0.4832925,0,0,0,0,-0.7071068,0,0,0,0,0,-0.7071068,0,0,0,0,0,-0.7071068,0,0,0,0,0,-0.7071068,0,0,0,0,0,-0.7071068,0
51.47958,62,8,1,0.008152784,1.644402,-0.3987609,0.03964803,-0.8350169,-0.547716,0.4632695,0.6430398,0.2424287,-0.06797932,0.6366627,0.09882039,-0.09226601,1.205449,0.09930301,0.04648887,-0.961863,-0.1973018,0.107734,1.648143,-0.492674,0,0,0,0,-0.7071068,0,0,0,0,0,-0.7071068,0,0,0,0,0,-0.7071068,0,0,0,0,0,-0.7071068,0,0,0,0,0,-0.7071068,0
51.49075,62,8,1,0.006765784,1.646712,-0.3953224,0.04030684,-0.8335386,-0.5498836,0.4632757,0.6430234,0.2423738,-0.06810741,0.6366875,0.09869668,-0.09245317,1.205546,0.09963071,0.0460708,-0.9617902,-0.198323,0.1075468,1.644772,-0.497348,0,0,0,0,-0.7071068,0,0,0,0,0,-0.7071068,0,0,0,0,0,-0.7071068,0,0,0,0,0,-0.7071068,0,0,0,0,0,-0.7071068,0
51.50197,62,8,1,0.005168379,1.64911,-0.391285,0.03939903,-0.8316631,-0.5527692,0.4632731,0.6430851,0.2423492,-0.06838822,0.6366122,0.09869757,-0.09261631,1.205714,0.09993685,0.04552298,-0.9617502,-0.199443,0.1073837,1.641438,-0.5020098,0,0,0,0,-0.7071068,0,0,0,0,0,-0.7071068,0,0,0,0,0,-0.7071068,0,0,0,0,0,-0.7071068,0,0,0,0,0,-0.7071068,0
51.52503,63,8,1,0.003576935,1.653035,-0.3846419,0.03650266,-0.8292104,-0.5564923,0.4631903,0.6431472,0.2423454,-0.0686142,0.6365227,0.09877472,-0.09307549,1.206074,0.1006473,0.04442455,-0.9614682,-0.20243,0.1069245,1.634719,-0.5110949,0,0,0,0,-0.7071068,0,0,0,0,0,-0.7071068,0,0,0,0,0,-0.7071068,0,0,0,0,0,-0.7071068,0,0,0,0,0,-0.7071068,0
51.54614,63,8,1,0.002589047,1.656746,-0.3783827,0.0348331,-0.8271838,-0.5594112,0.4632048,0.6432015,0.2422456,-0.06871039,0.6366459,0.0987392,-0.0935392,1.20617,0.1012894,0.04366461,-0.9613295,-0.2045485,0.1064608,1.627621,-0.5200899,0,0,0,0,-0.7071068,0,0,0,0,0,-0.7071068,0,0,0,0,0,-0.7071068,0,0,0,0,0,-0.7071068,0,0,0,0,0,-0.7071068,0
51.55744,63,8,1,0.002394498,1.658295,-0.3752452,0.034172,-0.8259027,-0.5612373,0.4632184,0.6432334,0.2422082,-0.068763,0.6366341,0.09886912,-0.0938044,1.206144,0.1016607,0.04357728,-0.9613734,-0.2049885,0.1061956,1.62393,-0.5245126,0,0,0,0,-0.7071068,0,0,0,0,0,-0.7071068,0,0,0,0,0,-0.7071068,0,0,0,0,0,-0.7071068,0,0,0,0,0,-0.7071068,0
51.57952,63,8,0,0.002313882,1.660986,-0.3689652,0.03070277,-0.8223537,-0.5665248,0.4631875,0.6431768,0.2422526,-0.06809032,0.6366912,0.09963316,-0.09429553,1.206022,0.1024451,0.04414792,-0.9615248,-0.2055465,0.1057045,1.616295,-0.5333189,0,0,0,0,-0.7071068,0,0,0,0,0,-0.7071068,0,0,0,0,0,-0.7071068,0,0,0,0,0,-0.7071068,0,0,0,0,0,-0.7071068,0
51.59109,63,8,0,0.002832324,1.661864,-0.3658848,0.0278005,-0.819436,-0.5709066,0.4632114,0.6431649,0.2422522,-0.06765005,0.6366543,0.1000996,-0.09452376,1.205931,0.1028992,0.04463201,-0.9616637,-0.2055596,0.1054762,1.61246,-0.5375307,0,0,0,0,-0.7071068,0,0,0,0,0,-0.7071068,0,0,0,0,0,-0.7071068,0,0,0,0,0,-0.7071068,0,0,0,0,0,-0.7071068,0
51.6129,63,8,0,0.003858477,1.663187,-0.3599005,0.02519265,-0.8135301,-0.5794096,0.4631905,0.643126,0.2423531,-0.06674691,0.6363646,0.1014797,-0.0946489,1.205676,0.104025,0.04541381,-0.9620013,-0.2051809,0.1053511,1.604532,-0.5457458,0,0,0,0,-0.7071068,0,0,0,0,0,-0.7071068,0,0,0,0,0,-0.7071068,0,0,0,0,0,-0.7071068,0,0,0,0,0,-0.7071068,0
51.62406,63,8,0,0.004524857,1.663385,-0.3574747,0.02575541,-0.8112904,-0.5823582,0.463205,0.6430795,0.2424323,-0.06622599,0.6361868,0.1023175,-0.09473829,1.205475,0.1045775,0.04556873,-0.9621191,-0.2050592,0.1052617,1.600415,-0.5498494,0,0,0,0,-0.7071068,0,0,0,0,0,-0.7071068,0,0,0,0,0,-0.7071068,0,0,0,0,0,-0.7071068,0,0,0,0,0,-0.7071068,0
51.64608,63,8,0,0.007388026,1.662468,-0.3552206,0.02978772,-0.8081144,-0.5858475,0.4629839,0.6431584,0.2426711,-0.06532674,0.6355375,0.1042344,-0.09455193,1.205162,0.1058299,0.04532854,-0.9623034,-0.2048624,0.1054481,1.592242,-0.5577239,0,0,0,0,-0.7071068,0,0,0,0,0,-0.7071068,0,0,0,0,0,-0.7071068,0,0,0,0,0,-0.7071068,0,0,0,0,0,-0.7071068,0
51.65753,63,8,0,0.009511025,1.660883,-0.3556419,0.03120825,-0.8077002,-0.5857813,0.4628153,0.6432137,0.2428009,-0.0649963,0.6351194,0.1053973,-0.09442381,1.205106,0.1064747,0.04481404,-0.9622828,-0.2051929,0.1055762,1.588209,-0.5615892,0,0,0,0,-0.7071068,0,0,0,0,0,-0.7071068,0,0,0,0,0,-0.7071068,0,0,0,0,0,-0.7071068,0,0,0,0,0,-0.7071068,0
51.67942,63,8,0,0.01425007,1.656734,-0.3595246,0.03252935,-0.8101593,-0.580968,0.462441,0.6434078,0.2431664,-0.06457366,0.6343613,0.1073063,-0.09396072,1.20522,0.1078305,0.04306156,-0.9619523,-0.2069326,0.1060393,1.580215,-0.5692183,0,0,0,0,-0.7071068,0,0,0,0,0,-0.7071068,0,0,0,0,0,-0.7071068,0,0,0,0,0,-0.7071068,0,0,0,0,0,-0.7071068,0
51.69067,63,8,0,0.01612762,1.654149,-0.3630722,0.03316239,-0.8125771,-0.5770905,0.4622816,0.6434499,0.2433308,-0.0646311,0.6340071,0.1076619,-0.0936636,1.205288,0.1084798,0.04188527,-0.9617175,-0.2078202,0.1063364,1.576184,-0.5730071,0,0,0,0,-0.7071068,0,0,0,0,0,-0.7071068,0,0,0,0,0,-0.7071068,0,0,0,0,0,-0.7071068,0,0,0,0,0,-0.7071068,0
51.71296,63,8,0,0.01795879,1.649222,-0.3702548,0.03708363,-0.8181788,-0.5684779,0.4620735,0.6435409,0.2436169,-0.06441148,0.6334084,0.1082849,-0.09274692,1.2053,0.1096362,0.04024196,-0.9614584,-0.208683,0.1072531,1.567845,-0.5806814,0,0,0,0,-0.7071068,0,0,0,0,0,-0.7071068,0,0,0,0,0,-0.7071068,0,0,0,0,0,-0.7071068,0,0,0,0,0,-0.7071068,0
51.72417,63,8,0,0.01850504,1.646029,-0.3753451,0.03933498,-0.8220884,-0.5627581,0.462008,0.6435468,0.2437894,-0.06432614,0.6330935,0.1083653,-0.09225877,1.205374,0.1101949,0.03979179,-0.9613099,-0.2089163,0.1077412,1.563674,-0.5845073,0,0,0,0,-0.7071068,0,0,0,0,0,-0.7071068,0,0,0,0,0,-0.7071068,0,0,0,0,0,-0.7071068,0,0,0,0,0,-0.7071068,0
51.74604,63,8,0,0.01909477,1.63887,-0.387051,0.03961179,-0.8291554,-0.5532736,0.4620197,0.6433866,0.2441746,-0.06389567,0.6328376,0.1080554,-0.0911232,1.205733,0.1111958,0.03916521,-0.9609162,-0.2095739,0.1088768,1.55551,-0.5921082,0,0,0,0,-0.7071068,0,0,0,0,0,-0.7071068,0,0,0,0,0,-0.7071068,0,0,0,0,0,-0.7071068,0,0,0,0,0,-0.7071068,0
51.75732,63,8,0,0.01952428,1.635305,-0.3928735,0.03967386,-0.8323503,-0.5488346,0.462102,0.6432229,0.2443117,-0.0631213,0.6329528,0.1081485,-0.09045584,1.205875,0.1116477,0.03887297,-0.9606662,-0.2099214,0.1095442,1.551457,-0.5957929,0,0,0,0,-0.7071068,0,0,0,0,0,-0.7071068,0,0,0,0,0,-0.7071068,0,0,0,0,0,-0.7071068,0,0,0,0,0,-0.7071068,0
51.77938,63,8,0,0.01978606,1.627668,-0.4054123,0.04228866,-0.8393571,-0.5385222,0.4623497,0.6431139,0.2445115,-0.06229674,0.6332117,0.1083627,-0.08900009,1.205965,0.1122534,0.03807694,-0.9602519,-0.2100775,0.1109999,1.542796,-0.6036201,0,0,0,0,-0.7071068,0,0,0,0,0,-0.7071068,0,0,0,0,0,-0.7071068,0,0,0,0,0,-0.7071068,0,0,0,0,0,-0.7071068,0
51.79089,63,8,0,0.0202865,1.623456,-0.4120014,0.04279566,-0.8430505,-0.532927,0.4624451,0.642923,0.2447432,-0.0616131,0.6334296,0.1086468,-0.08827294,1.205973,0.1124881,0.03755387,-0.960057,-0.2099279,0.1117271,1.538437,-0.6074959,0,0,0,0,-0.7071068,0,0,0,0,0,-0.7071068,0,0,0,0,0,-0.7071068,0,0,0,0,0,-0.7071068,0,0,0,0,0,-0.7071068,0
51.81288,63,8,0,0.02197677,1.614315,-0.4256093,0.0402177,-0.8503065,-0.5218819,0.4626174,0.6426691,0.2449994,-0.06019794,0.633821,0.1093558,-0.08654629,1.205967,0.1127067,0.03661535,-0.959711,-0.2095373,0.1134537,1.529517,-0.6154765,0,0,0,0,-0.7071068,0,0,0,0,0,-0.7071068,0,0,0,0,0,-0.7071068,0,0,0,0,0,-0.7071068,0,0,0,0,0,-0.7071068,0
51.83507,63,8,0,0.0241614,1.604717,-0.4388495,0.03520127,-0.8569415,-0.5116757,0.4626724,0.6423361,0.245255,-0.05921876,0.6342445,0.1099063,-0.08476634,1.205911,0.1127147,0.03583658,-0.9594598,-0.2088182,0.1152337,1.520395,-0.6235502,0,0,0,0,-0.7071068,0,0,0,0,0,-0.7071068,0,0,0,0,0,-0.7071068,0,0,0,0,0,-0.7071068,0,0,0,0,0,-0.7071068,0
51.85731,63,8,0,0.02646059,1.594356,-0.4529613,0.03137229,-0.8626492,-0.5025783,0.4626768,0.6423546,0.2452866,-0.05932061,0.6346905,0.1100208,-0.08304658,1.205797,0.1124594,0.03433517,-0.9593607,-0.2076777,0.1169534,1.511155,-0.6316895,0,0,0,0,-0.7071068,0,0,0,0,0,-0.7071068,0,0,0,0,0,-0.7071068,0,0,0,0,0,-0.7071068,0,0,0,0,0,-0.7071068,0
51.87933,63,8,0,0.02946574,1.583719,-0.4665547,0.02551973,-0.868298,-0.4933768,0.4627791,0.6424527,0.2451232,-0.06017447,0.6353191,0.109729,-0.08132087,1.205694,0.1120328,0.03206959,-0.9593357,-0.2065538,0.1186791,1.501805,-0.6398594,0,0,0,0,-0.7071068,0,0,0,0,0,-0.7071068,0,0,0,0,0,-0.7071068,0,0,0,0,0,-0.7071068,0,0,0,0,0,-0.7071068,0
51.89059,63,8,0,0.03099221,1.578146,-0.4730256,0.02281921,-0.8708325,-0.489076,0.4627786,0.64249,0.2448095,-0.0609678,0.6358626,0.1091458,-0.08050384,1.205646,0.1117659,0.03068715,-0.9593236,-0.2059526,0.1194962,1.497096,-0.643938,0,0,0,0,-0.7071068,0,0,0,0,0,-0.7071068,0,0,0,0,0,-0.7071068,0,0,0,0,0,-0.7071068,0,0,0,0,0,-0.7071068,0
51.90182,63,8,0,0.03253955,1.572479,-0.4796292,0.02062674,-0.8734007,-0.4846119,0.462888,0.6424892,0.2447009,-0.0616499,0.6362582,0.1086148,-0.07967231,1.205569,0.1113817,0.02921876,-0.95941,-0.2050145,0.1203277,1.492246,-0.6481637,0,0,0,0,-0.7071068,0,0,0,0,0,-0.7071068,0,0,0,0,0,-0.7071068,0,0,0,0,0,-0.7071068,0,0,0,0,0,-0.7071068,0
51.92398,63,8,0,0.03564364,1.560622,-0.4924372,0.0185557,-0.8783222,-0.4756333,0.4630322,0.6426307,0.2440997,-0.06312055,0.6373246,0.1070998,-0.07810698,1.205382,0.1105149,0.02592792,-0.9595774,-0.2030659,0.121893,1.482546,-0.6565062,0,0,0,0,-0.7071068,0,0,0,0,0,-0.7071068,0,0,0,0,0,-0.7071068,0,0,0,0,0,-0.7071068,0,0,0,0,0,-0.7071068,0
51.94618,63,8,0,0.03889639,1.548408,-0.5052918,0.01571013,-0.8841322,-0.4647725,0.462977,0.642751,0.2435635,-0.06440338,0.6381909,0.1060055,-0.07676344,1.205197,0.1093544,0.02267415,-0.9598382,-0.2008393,0.1232366,1.472778,-0.6649591,0,0,0,0,-0.7071068,0,0,0,0,0,-0.7071068,0,0,0,0,0,-0.7071068,0,0,0,0,0,-0.7071068,0,0,0,0,0,-0.7071068,0
51.96825,63,8,0,0.041879,1.536019,-0.518034,0.01328744,-0.8900677,-0.4533876,0.4630139,0.6428387,0.2430182,-0.06553888,0.6388297,0.1050018,-0.07558619,1.204993,0.1079512,0.02032731,-0.9601282,-0.1983416,0.1244138,1.462831,-0.6735428,0,0,0,0,-0.7071068,0,0,0,0,0,-0.7071068,0,0,0,0,0,-0.7071068,0,0,0,0,0,-0.7071068,0,0,0,0,0,-0.7071068,0
51.97942,63,8,0,0.04332716,1.529939,-0.5243924,0.01157388,-0.8928652,-0.4479263,0.4629724,0.6429359,0.2428434,-0.06581756,0.6390451,0.1045837,-0.07503254,1.204916,0.1070889,0.01936136,-0.9602755,-0.1970616,0.1249675,1.457864,-0.6779215,0,0,0,0,-0.7071068,0,0,0,0,0,-0.7071068,0,0,0,0,0,-0.7071068,0,0,0,0,0,-0.7071068,0,0,0,0,0,-0.7071068,0
51.99076,63,8,0,0.04485673,1.523838,-0.5303943,0.009164274,-0.8955324,-0.4426376,0.4629958,0.6429569,0.2426388,-0.06620313,0.639218,0.104102,-0.07458918,1.204796,0.1062723,0.01851042,-0.9604262,-0.1957026,0.1254108,1.452779,-0.6822503,0,0,0,0,-0.7071068,0,0,0,0,0,-0.7071068,0,0,0,0,0,-0.7071068,0,0,0,0,0,-0.7071068,0,0,0,0,0,-0.7071068,0
52.01262,63,8,1,0.04803617,1.511737,-0.542353,0.004366517,-0.9003696,-0.4328046,0.4629752,0.643012,0.2423343,-0.06687573,0.6391438,0.1032814,-0.0738023,1.204441,0.1045163,0.0174123,-0.9608825,-0.1922768,0.1261977,1.442477,-0.6908709,0,0,0,0,-0.7071068,0,0,0,0,0,-0.7071068,0,0,0,0,0,-0.7071068,0,0,0,0,0,-0.7071068,0,0,0,0,0,-0.7071068,0
52.02394,63,8,1,0.04954607,1.505658,-0.5480135,0.002025783,-0.9026877,-0.4279851,0.4629063,0.6431268,0.2422172,-0.06726129,0.6390947,0.1029935,-0.07345552,1.204281,0.103653,0.01697073,-0.9611014,-0.1905583,0.1265445,1.437354,-0.6950749,0,0,0,0,-0.7071068,0,0,0,0,0,-0.7071068,0,0,0,0,0,-0.7071068,0,0,0,0,0,-0.7071068,0,0,0,0,0,-0.7071068,0
52.04596,63,8,1,0.05266888,1.493532,-0.5591026,-0.004007787,-0.9069632,-0.4189131,0.4628117,0.643225,0.2421961,-0.06811675,0.6386946,0.1026663,-0.07285291,1.203969,0.1018093,0.01581888,-0.9615675,-0.1869246,0.1271471,1.426867,-0.7035966,0,0,0,0,-0.7071068,0,0,0,0,0,-0.7071068,0,0,0,0,0,-0.7071068,0,0,0,0,0,-0.7071068,0,0,0,0,0,-0.7071068,0
52.05731,63,8,1,0.0541969,1.487611,-0.5645664,-0.006343082,-0.9089469,-0.4145934,0.4628153,0.6432563,0.24214,-0.06839528,0.6385798,0.1024238,-0.07256818,1.203807,0.1008523,0.01530389,-0.9617866,-0.1851858,0.1274318,1.421669,-0.7077757,0,0,0,0,-0.7071068,0,0,0,0,0,-0.7071068,0,0,0,0,0,-0.7071068,0,0,0,0,0,-0.7071068,0,0,0,0,0,-0.7071068,0
52.07952,63,8,1,0.05716068,1.475901,-0.5745527,-0.009774879,-0.912099,-0.4076138,0.4627889,0.6432074,0.2421237,-0.06875652,0.6382953,0.1019771,-0.07199335,1.203544,0.09894067,0.01458891,-0.9621868,-0.181721,0.1280067,1.411169,-0.7160721,0,0,0,0,-0.7071068,0,0,0,0,0,-0.7071068,0,0,0,0,0,-0.7071068,0,0,0,0,0,-0.7071068,0,0,0,0,0,-0.7071068,0
52.09093,63,8,1,0.05865056,1.470079,-0.5792928,-0.01140778,-0.9137526,-0.403852,0.462802,0.6431543,0.242144,-0.06873338,0.638108,0.1017186,-0.07178697,1.203422,0.0980121,0.01417762,-0.9623323,-0.180106,0.128213,1.405749,-0.7202194,0,0,0,0,-0.7071068,0,0,0,0,0,-0.7071068,0,0,0,0,0,-0.7071068,0,0,0,0,0,-0.7071068,0,0,0,0,0,-0.7071068,0
52.11264,63,8,1,0.06194956,1.458305,-0.5886286,-0.01520769,-0.917026,-0.3960681,0.4627933,0.6430681,0.2423216,-0.0687826,0.6374401,0.1010743,-0.07128935,1.203256,0.09601896,0.01322962,-0.9626067,-0.1771418,0.1287107,1.395272,-0.7283128,0,0,0,0,-0.7071068,0,0,0,0,0,-0.7071068,0,0,0,0,0,-0.7071068,0,0,0,0,0,-0.7071068,0,0,0,0,0,-0.7071068,0
52.12378,63,8,1,0.06389625,1.452297,-0.593384,-0.01845016,-0.9186342,-0.3920301,0.4628785,0.6430748,0.2424239,-0.06892002,0.6370772,0.1007642,-0.07109171,1.203217,0.09501438,0.01250423,-0.962732,-0.1757306,0.1289083,1.389992,-0.7323372,0,0,0,0,-0.7071068,0,0,0,0,0,-0.7071068,0,0,0,0,0,-0.7071068,0,0,0,0,0,-0.7071068,0,0,0,0,0,-0.7071068,0
52.13506,63,8,1,0.06582148,1.446319,-0.5978391,-0.02191769,-0.9202516,-0.3878993,0.4628331,0.6429111,0.2426037,-0.06905255,0.6367284,0.1005292,-0.07085541,1.20314,0.09394531,0.01169934,-0.9628388,-0.1743048,0.1291446,1.38464,-0.7363915,0,0,0,0,-0.7071068,0,0,0,0,0,-0.7071068,0,0,0,0,0,-0.7071068,0,0,0,0,0,-0.7071068,0,0,0,0,0,-0.7071068,0
52.1572,63,8,1,0.06951935,1.434569,-0.6065596,-0.02811225,-0.9237119,-0.379033,0.4628618,0.6428548,0.2428691,-0.06905068,0.6360667,0.1000224,-0.07037281,1.203202,0.09177098,0.00982096,-0.9630259,-0.1713331,0.1296272,1.374115,-0.7443947,0,0,0,0,-0.7071068,0,0,0,0,0,-0.7071068,0,0,0,0,0,-0.7071068,0,0,0,0,0,-0.7071068,0,0,0,0,0,-0.7071068,0
52.17925,63,8,1,0.07251603,1.423576,-0.6146017,-0.03082733,-0.926973,-0.3707941,0.4628313,0.6428084,0.2430525,-0.06911593,0.6355905,0.09917102,-0.06990654,1.203154,0.08960104,0.007539265,-0.9631214,-0.168146,0.1300935,1.363416,-0.7522163,0,0,0,0,-0.7071068,0,0,0,0,0,-0.7071068,0,0,0,0,0,-0.7071068,0,0,0,0,0,-0.7071068,0,0,0,0,0,-0.7071068,0
52.19091,63,8,1,0.07373995,1.418435,-0.6180678,-0.02872072,-0.92821,-0.3678086,0.462868,0.6427575,0.2430933,-0.06910975,0.6354854,0.09867145,-0.06964694,1.203025,0.08847938,0.006395176,-0.9631973,-0.1659494,0.1303531,1.357911,-0.756111,0,0,0,0,-0.7071068,0,0,0,0,0,-0.7071068,0,0,0,0,0,-0.7071068,0,0,0,0,0,-0.7071068,0,0,0,0,0,-0.7071068,0
52.21262,63,8,1,0.07649273,1.408237,-0.6250368,-0.02400541,-0.9305258,-0.3620024,0.4629026,0.6425971,0.2430039,-0.069111,0.6355881,0.09763473,-0.06904385,1.202581,0.08616102,0.004360527,-0.963467,-0.1610026,0.1309561,1.346678,-0.7638369,0,0,0,0,-0.7071068,0,0,0,0,0,-0.7071068,0,0,0,0,0,-0.7071068,0,0,0,0,0,-0.7071068,0,0,0,0,0,-0.7071068,0
52.22407,63,8,1,0.07827551,1.402945,-0.6285523,-0.02348433,-0.9318243,-0.358533,0.4629478,0.6425207,0.2429138,-0.06926586,0.6357459,0.09705611,-0.06872578,1.202392,0.08502757,0.00337784,-0.9636027,-0.1584095,0.1312742,1.341011,-0.7676366,0,0,0,0,-0.7071068,0,0,0,0,0,-0.7071068,0,0,0,0,0,-0.7071068,0,0,0,0,0,-0.7071068,0,0,0,0,0,-0.7071068,0
52.24587,63,8,1,0.08186097,1.392569,-0.6346782,-0.02534996,-0.9343324,-0.3512313,0.4631031,0.6424072,0.2427346,-0.07002912,0.6361921,0.09545142,-0.06810541,1.20196,0.08270963,0.001388378,-0.9637513,-0.1533643,0.1318946,1.329654,-0.7751154,0,0,0,0,-0.7071068,0,0,0,0,0,-0.7071068,0,0,0,0,0,-0.7071068,0,0,0,0,0,-0.7071068,0,0,0,0,0,-0.7071068,0
52.25717,63,8,1,0.083574,1.387449,-0.6378365,-0.02590102,-0.9355467,-0.3476771,0.4630996,0.6424603,0.2425879,-0.07048976,0.6365145,0.09471941,-0.06772169,1.201746,0.08144701,0.0005627573,-0.9638332,-0.1506555,0.1322783,1.323975,-0.7788829,0,0,0,0,-0.7071068,0,0,0,0,0,-0.7071068,0,0,0,0,0,-0.7071068,0,0,0,0,0,-0.7071068,0,0,0,0,0,-0.7071068,0
52.27985,63,8,1,0.08676774,1.377349,-0.6438995,-0.02595721,-0.9376452,-0.3413388,0.4631512,0.6423819,0.2422877,-0.07147873,0.6371912,0.09330987,-0.06699906,1.201183,0.07915716,-0.0005739853,-0.9640813,-0.1449844,0.1330009,1.312308,-0.7861059,0,0,0,0,-0.7071068,0,0,0,0,0,-0.7071068,0,0,0,0,0,-0.7071068,0,0,0,0,0,-0.7071068,0,0,0,0,0,-0.7071068,0
52.3017,63,8,1,0.08926649,1.367466,-0.6496707,-0.02469432,-0.9399375,-0.3347499,0.4631813,0.6424485,0.241968,-0.07254156,0.6379554,0.09232298,-0.06629278,1.200586,0.07692703,-0.00141453,-0.9643985,-0.1393411,0.1337072,1.300549,-0.7930881,0,0,0,0,-0.7071068,0,0,0,0,0,-0.7071068,0,0,0,0,0,-0.7071068,0,0,0,0,0,-0.7071068,0,0,0,0,0,-0.7071068,0
52.31287,63,8,1,0.09035594,1.362536,-0.652526,-0.02435678,-0.9411327,-0.3313457,0.4631883,0.6424365,0.2417925,-0.07308288,0.6382805,0.09167688,-0.06599414,1.200269,0.07582553,-0.00174883,-0.9645977,-0.1364761,0.1340059,1.294585,-0.7965165,0,0,0,0,-0.7071068,0,0,0,0,0,-0.7071068,0,0,0,0,0,-0.7071068,0,0,0,0,0,-0.7071068,0,0,0,0,0,-0.7071068,0
52.32401,63,8,1,0.0914473,1.357539,-0.6554883,-0.02416523,-0.9423828,-0.3277501,0.4632514,0.6423807,0.2416275,-0.07365205,0.6385882,0.09106836,-0.06564149,1.199955,0.07474506,-0.002071902,-0.964783,-0.1337116,0.1343585,1.288637,-0.799867,0,0,0,0,-0.7071068,0,0,0,0,0,-0.7071068,0,0,0,0,0,-0.7071068,0,0,0,0,0,-0.7071068,0,0,0,0,0,-0.7071068,0
52.34589,63,8,1,0.09332127,1.347719,-0.6610971,-0.02414218,-0.9447221,-0.3208805,0.4631723,0.6424831,0.2413512,-0.07454774,0.6391011,0.09027541,-0.06504605,1.199377,0.07257064,-0.002795659,-0.9651778,-0.1283779,0.1349539,1.276953,-0.8063679,0,0,0,0,-0.7071068,0,0,0,0,0,-0.7071068,0,0,0,0,0,-0.7071068,0,0,0,0,0,-0.7071068,0,0,0,0,0,-0.7071068,0
52.35709,64,8,1,0.09434016,1.342768,-0.6638241,-0.02435656,-0.9457543,-0.3177262,0.463141,0.6424898,0.2412893,-0.07496956,0.6391461,0.0899718,-0.06471922,1.199082,0.07154759,-0.002900634,-0.9654267,-0.1258389,0.1352808,1.270989,-0.8095245,0,0,0,0,-0.7071068,0,0,0,0,0,-0.7071068,0,0,0,0,0,-0.7071068,0,0,0,0,0,-0.7071068,0,0,0,0,0,-0.7071068,0
52.37934,64,8,1,0.09617193,1.332858,-0.6692398,-0.02555154,-0.9476639,-0.3117386,0.4631502,0.6425247,0.2411929,-0.07558658,0.6393694,0.08938106,-0.06414402,1.19853,0.06957476,-0.002738327,-0.9659882,-0.1208975,0.135856,1.259117,-0.8156086,0,0,0,0,-0.7071068,0,0,0,0,0,-0.7071068,0,0,0,0,0,-0.7071068,0,0,0,0,0,-0.7071068,0,0,0,0,0,-0.7071068,0
52.40139,64,8,1,0.09794922,1.322865,-0.6744671,-0.02907887,-0.9492804,-0.3063175,0.4631595,0.6425465,0.2412569,-0.07564322,0.6395033,0.08936948,-0.06369859,1.198004,0.06771151,-0.002114374,-0.9666989,-0.1165404,0.1363014,1.247071,-0.8214537,0,0,0,0,-0.7071068,0,0,0,0,0,-0.7071068,0,0,0,0,0,-0.7071068,0,0,0,0,0,-0.7071068,0,0,0,0,0,-0.7071068,0
52.41267,64,8,1,0.09870608,1.31789,-0.6771083,-0.03043699,-0.9502385,-0.3032341,0.463172,0.6424943,0.2412698,-0.07559211,0.6395167,0.08912595,-0.06357697,1.197768,0.06677509,-0.0015314,-0.9671866,-0.1146542,0.136423,1.24117,-0.8242753,0,0,0,0,-0.7071068,0,0,0,0,0,-0.7071068,0,0,0,0,0,-0.7071068,0,0,0,0,0,-0.7071068,0,0,0,0,0,-0.7071068,0
52.43477,64,8,1,0.09991188,1.308233,-0.6824175,-0.027987,-0.9524264,-0.2966006,0.4631919,0.642419,0.2413113,-0.07559188,0.6394676,0.08869156,-0.06387609,1.197301,0.06490187,0.001996655,-0.9686127,-0.1110862,0.1361239,1.229157,-0.8298417,0,0,0,0,-0.7071068,0,0,0,0,0,-0.7071068,0,0,0,0,0,-0.7071068,0,0,0,0,0,-0.7071068,0,0,0,0,0,-0.7071068,0
52.45709,64,8,1,0.1011258,1.298315,-0.6878787,-0.02732103,-0.9545752,-0.2897437,0.4631563,0.6423333,0.2413988,-0.0754721,0.6392696,0.08845066,-0.06488865,1.196915,0.06294648,0.0090499,-0.9707978,-0.1075818,0.1351114,1.217264,-0.8352822,0,0,0,0,-0.7071068,0,0,0,0,0,-0.7071068,0,0,0,0,0,-0.7071068,0,0,0,0,0,-0.7071068,0,0,0,0,0,-0.7071068,0
52.47924,64,8,1,0.1024808,1.288379,-0.69308,-0.03010291,-0.9562311,-0.2838068,0.4630162,0.6423788,0.2416041,-0.07523935,0.6390049,0.08906513,-0.06677471,1.196713,0.06115883,0.01805247,-0.9736338,-0.1044117,0.1332253,1.205416,-0.8404018,0,0,0,0,-0.7071068,0,0,0,0,0,-0.7071068,0,0,0,0,0,-0.7071068,0,0,0,0,0,-0.7071068,0,0,0,0,0,-0.7071068,0
52.49049,64,8,1,0.103025,1.283444,-0.6957636,-0.03145946,-0.9569664,-0.2810547,0.4629492,0.6424358,0.2417196,-0.0751512,0.6387664,0.08983622,-0.06781715,1.196632,0.06036081,0.02190111,-0.975055,-0.1033404,0.1321829,1.199437,-0.8428123,0,0,0,0,-0.7071068,0,0,0,0,0,-0.7071068,0,0,0,0,0,-0.7071068,0,0,0,0,0,-0.7071068,0,0,0,0,0,-0.7071068,0
52.51256,64,8,1,0.1038391,1.273704,-0.7006858,-0.03358579,-0.9580451,-0.2771283,0.4628973,0.6423833,0.2419657,-0.07474161,0.6382378,0.09110268,-0.06971139,1.196413,0.05886204,0.02729673,-0.9771629,-0.1027256,0.1302886,1.187524,-0.8473629,0,0,0,0,-0.7071068,0,0,0,0,0,-0.7071068,0,0,0,0,0,-0.7071068,0,0,0,0,0,-0.7071068,0,0,0,0,0,-0.7071068,0
52.53466,64,8,1,0.1048097,1.263675,-0.7057608,-0.04006688,-0.9590067,-0.2735348,0.4628551,0.6422937,0.2422882,-0.07406281,0.6375605,0.09197931,-0.07114956,1.196266,0.05769495,0.03116843,-0.9785239,-0.1019838,0.1288504,1.175645,-0.8513988,0,0,0,0,-0.7071068,0,0,0,0,0,-0.7071068,0,0,0,0,0,-0.7071068,0,0,0,0,0,-0.7071068,0,0,0,0,0,-0.7071068,0
52.54585,64,8,1,0.1052542,1.258601,-0.7082964,-0.04360542,-0.9596201,-0.2711699,0.4628606,0.6423194,0.242424,-0.07374897,0.6372869,0.092497,-0.07177334,1.196152,0.05717605,0.03234806,-0.9790827,-0.1012546,0.1282267,1.169693,-0.8532737,0,0,0,0,-0.7071068,0,0,0,0,0,-0.7071068,0,0,0,0,0,-0.7071068,0,0,0,0,0,-0.7071068,0,0,0,0,0,-0.7071068,0
52.56804,64,8,1,0.1059553,1.24788,-0.7133172,-0.04991585,-0.9614967,-0.2641855,0.4629005,0.6422839,0.2427938,-0.07305615,0.6367301,0.09313738,-0.07272791,1.195653,0.05619119,0.03579757,-0.9800121,-0.09886068,0.1272721,1.1574,-0.8568541,0,0,0,0,-0.7071068,0,0,0,0,0,-0.7071068,0,0,0,0,0,-0.7071068,0,0,0,0,0,-0.7071068,0,0,0,0,0,-0.7071068,0
52.57923,64,8,1,0.106238,1.242485,-0.7158063,-0.05091831,-0.9627901,-0.2595561,0.4629811,0.642265,0.2428411,-0.07278862,0.6366953,0.09325861,-0.07313064,1.195354,0.05579446,0.03765444,-0.9804372,-0.09735713,0.1268694,1.151137,-0.8584907,0,0,0,0,-0.7071068,0,0,0,0,0,-0.7071068,0,0,0,0,0,-0.7071068,0,0,0,0,0,-0.7071068,0,0,0,0,0,-0.7071068,0
52.60142,64,8,1,0.107385,1.231919,-0.7203718,-0.04901836,-0.9651418,-0.2512559,0.4630928,0.6421807,0.2427768,-0.07239562,0.6368037,0.0930706,-0.07381681,1.194768,0.05506332,0.04078967,-0.9811963,-0.09441822,0.1261832,1.138672,-0.8615471,0,0,0,0,-0.7071068,0,0,0,0,0,-0.7071068,0,0,0,0,0,-0.7071068,0,0,0,0,0,-0.7071068,0,0,0,0,0,-0.7071068,0
52.62381,64,8,1,0.1094895,1.22154,-0.7240503,-0.04504587,-0.9666926,-0.2454905,0.4631713,0.6420425,0.242519,-0.07212511,0.6372634,0.09276474,-0.0740729,1.194202,0.0542471,0.04335466,-0.981696,-0.09126592,0.1259271,1.126203,-0.8645023,0,0,0,0,-0.7071068,0,0,0,0,0,-0.7071068,0,0,0,0,0,-0.7071068,0,0,0,0,0,-0.7071068,0,0,0,0,0,-0.7071068,0
52.64569,64,8,1,0.1121306,1.210647,-0.7274764,-0.04634849,-0.9678474,-0.239968,0.4631905,0.6420605,0.2422815,-0.07220402,0.6377041,0.0926842,-0.07423462,1.193666,0.05346265,0.04521359,-0.9819229,-0.0884841,0.1257654,1.113749,-0.8672383,0,0,0,0,-0.7071068,0,0,0,0,0,-0.7071068,0,0,0,0,0,-0.7071068,0,0,0,0,0,-0.7071068,0,0,0,0,0,-0.7071068,0
52.65794,64,8,1,0.1135712,1.205031,-0.729157,-0.04844431,-0.9684525,-0.2367587,0.4631766,0.6421106,0.2422365,-0.07229713,0.6377899,0.09275693,-0.07427064,1.193418,0.05316407,0.04588868,-0.9820297,-0.08708284,0.1257294,1.107576,-0.8684368,0,0,0,0,-0.7071068,0,0,0,0,0,-0.7071068,0,0,0,0,0,-0.7071068,0,0,0,0,0,-0.7071068,0,0,0,0,0,-0.7071068,0
52.67903,64,8,1,0.1162385,1.19369,-0.7322608,-0.05103509,-0.9696568,-0.2307012,0.4630491,0.6422881,0.2422059,-0.07273572,0.6377141,0.0931189,-0.0740248,1.192732,0.05246785,0.04720775,-0.9822558,-0.0835499,0.1259752,1.094877,-0.870815,0,0,0,0,-0.7071068,0,0,0,0,0,-0.7071068,0,0,0,0,0,-0.7071068,0,0,0,0,0,-0.7071068,0,0,0,0,0,-0.7071068,0
52.69027,64,8,1,0.1174755,1.187882,-0.7337204,-0.05125666,-0.9702924,-0.2277051,0.4629197,0.6423876,0.2422872,-0.07297814,0.6374748,0.09353893,-0.07382258,1.192373,0.05213849,0.04772054,-0.9823566,-0.0817802,0.1261774,1.08855,-0.8719093,0,0,0,0,-0.7071068,0,0,0,0,0,-0.7071068,0,0,0,0,0,-0.7071068,0,0,0,0,0,-0.7071068,0,0,0,0,0,-0.7071068,0
52.70378,64,8,1,0.1185753,1.182008,-0.7352007,-0.05141835,-0.9709063,-0.2247491,0.4627974,0.6424435,0.2422861,-0.07317941,0.637339,0.09367995,-0.07361013,1.192049,0.05180717,0.04799172,-0.9824401,-0.08007209,0.1263899,1.082153,-0.8729711,0,0,0,0,-0.7071068,0,0,0,0,0,-0.7071068,0,0,0,0,0,-0.7071068,0,0,0,0,0,-0.7071068,0,0,0,0,0,-0.7071068,0
52.72277,64,8,1,0.1212755,1.170094,-0.73802,-0.05562896,-0.9721191,-0.2179886,0.4625809,0.6425704,0.2423321,-0.07383009,0.6372448,0.09394986,-0.0729979,1.191561,0.05110401,0.04776064,-0.9825472,-0.07717122,0.1270021,1.069704,-0.8749717,0,0,0,0,-0.7071068,0,0,0,0,0,-0.7071068,0,0,0,0,0,-0.7071068,0,0,0,0,0,-0.7071068,0,0,0,0,0,-0.7071068,0
52.74475,64,8,1,0.1237239,1.157686,-0.7410212,-0.06043462,-0.9737875,-0.2089723,0.4624453,0.6425818,0.2424252,-0.07424829,0.6373631,0.09384277,-0.07230272,1.191236,0.05029227,0.04706219,-0.9825639,-0.07470001,0.1276973,1.057814,-0.8768611,0,0,0,0,-0.7071068,0,0,0,0,0,-0.7071068,0,0,0,0,0,-0.7071068,0,0,0,0,0,-0.7071068,0,0,0,0,0,-0.7071068,0
52.75621,64,8,1,0.124711,1.151678,-0.7424832,-0.060027,-0.9746428,-0.2049644,0.4624172,0.6425681,0.2424973,-0.07433119,0.6374686,0.09363065,-0.07178739,1.19109,0.04988039,0.04667238,-0.9825581,-0.0734864,0.1282126,1.051677,-0.8777629,0,0,0,0,-0.7071068,0,0,0,0,0,-0.7071068,0,0,0,0,0,-0.7071068,0,0,0,0,0,-0.7071068,0,0,0,0,0,-0.7071068,0
52.7784,64,8,1,0.1270165,1.139989,-0.7449227,-0.06177905,-0.9758725,-0.1980713,0.4622685,0.6426427,0.2427607,-0.07412796,0.6373971,0.09372775,-0.07067741,1.190729,0.04908033,0.04590342,-0.9824985,-0.07084281,0.1293226,1.039179,-0.8794134,0,0,0,0,-0.7071068,0,0,0,0,0,-0.7071068,0,0,0,0,0,-0.7071068,0,0,0,0,0,-0.7071068,0,0,0,0,0,-0.7071068,0
52.80045,64,8,1,0.1293507,1.128536,-0.7471061,-0.0645637,-0.9767838,-0.192111,0.4622302,0.642575,0.243084,-0.07385795,0.6371632,0.09376252,-0.06947982,1.19031,0.04819833,0.04565052,-0.9823671,-0.06799187,0.1305202,1.026676,-0.8809534,0,0,0,0,-0.7071068,0,0,0,0,0,-0.7071068,0,0,0,0,0,-0.7071068,0,0,0,0,0,-0.7071068,0,0,0,0,0,-0.7071068,0
52.82273,64,8,1,0.1314729,1.117262,-0.7493632,-0.06584457,-0.9777217,-0.1862381,0.4622786,0.642478,0.2433562,-0.0731498,0.6369692,0.09394766,-0.06816182,1.189783,0.04736652,0.04586872,-0.982293,-0.0642245,0.1318382,1.014113,-0.8822539,0,0,0,0,-0.7071068,0,0,0,0,0,-0.7071068,0,0,0,0,0,-0.7071068,0,0,0,0,0,-0.7071068,0,0,0,0,0,-0.7071068,0
52.84508,65,8,1,0.1334225,1.105907,-0.7514182,-0.06659754,-0.9789132,-0.1790932,0.4624011,0.6423702,0.2435336,-0.07264699,0.6368924,0.09398173,-0.06679216,1.189066,0.04644251,0.04684933,-0.9822099,-0.06000998,0.1332078,1.001337,-0.8834609,0,0,0,0,-0.7071068,0,0,0,0,0,-0.7071068,0,0,0,0,0,-0.7071068,0,0,0,0,0,-0.7071068,0,0,0,0,0,-0.7071068,0
52.867,65,8,1,0.1347969,1.094362,-0.753599,-0.06540551,-0.9804162,-0.1709183,0.4624906,0.642294,0.2436057,-0.07253399,0.6371629,0.09395865,-0.06551987,1.188331,0.04542487,0.04881093,-0.9821657,-0.05540061,0.1344801,0.9884616,-0.8845751,0,0,0,0,-0.7071068,0,0,0,0,0,-0.7071068,0,0,0,0,0,-0.7071068,0,0,0,0,0,-0.7071068,0,0,0,0,0,-0.7071068,0
52.87847,65,8,1,0.1355128,1.088484,-0.7546536,-0.0658271,-0.9810396,-0.1668755,0.4625533,0.6422036,0.2435918,-0.07242612,0.6373155,0.09396384,-0.06487535,1.187938,0.04489676,0.05019749,-0.9821117,-0.05326679,0.1351247,0.9820561,-0.8850811,0,0,0,0,-0.7071068,0,0,0,0,0,-0.7071068,0,0,0,0,0,-0.7071068,0,0,0,0,0,-0.7071068,0,0,0,0,0,-0.7071068,0
52.90043,65,8,1,0.1368339,1.07699,-0.7564522,-0.07022293,-0.9819798,-0.1589875,0.4626022,0.6421629,0.243517,-0.07225604,0.6376172,0.09400581,-0.06371884,1.187195,0.04367898,0.05250132,-0.9821098,-0.04838881,0.1362812,0.969187,-0.8861131,0,0,0,0,-0.7071068,0,0,0,0,0,-0.7071068,0,0,0,0,0,-0.7071068,0,0,0,0,0,-0.7071068,0,0,0,0,0,-0.7071068,0
52.92253,65,8,1,0.1378031,1.066058,-0.7581788,-0.07391906,-0.9828061,-0.1524217,0.462502,0.6421436,0.2435226,-0.07214919,0.6376101,0.09435258,-0.06262213,1.186477,0.04233483,0.05400689,-0.9822496,-0.04357111,0.1373779,0.9563586,-0.8870835,0,0,0,0,-0.7071068,0,0,0,0,0,-0.7071068,0,0,0,0,0,-0.7071068,0,0,0,0,0,-0.7071068,0,0,0,0,0,-0.7071068,0
52.94485,65,8,1,0.1386452,1.05588,-0.7593151,-0.07650205,-0.9832461,-0.148619,0.4624981,0.6421262,0.2435647,-0.0722052,0.6374343,0.09474826,-0.06157798,1.185622,0.04100497,0.05456926,-0.9823991,-0.03892786,0.138422,0.9435052,-0.8878571,0,0,0,0,-0.7071068,0,0,0,0,0,-0.7071068,0,0,0,0,0,-0.7071068,0,0,0,0,0,-0.7071068,0,0,0,0,0,-0.7071068,0
52.9669,65,8,1,0.1398572,1.04578,-0.7604901,-0.07938813,-0.9834965,-0.1452163,0.4625123,0.6421486,0.2434658,-0.072432,0.6373513,0.09490089,-0.06055932,1.184695,0.03967445,0.05504913,-0.9824549,-0.03410821,0.1394407,0.9304585,-0.8884376,0,0,0,0,-0.7071068,0,0,0,0,0,-0.7071068,0,0,0,0,0,-0.7071068,0,0,0,0,0,-0.7071068,0,0,0,0,0,-0.7071068,0
52.97814,65,8,1,0.1405798,1.040697,-0.7610737,-0.08098216,-0.9837405,-0.142607,0.4625193,0.6421396,0.2434205,-0.07250547,0.6373764,0.09485735,-0.06006874,1.184268,0.03901089,0.05555131,-0.9824603,-0.03170392,0.1399313,0.9240686,-0.8886626,0,0,0,0,-0.7071068,0,0,0,0,0,-0.7071068,0,0,0,0,0,-0.7071068,0,0,0,0,0,-0.7071068,0,0,0,0,0,-0.7071068,0
52.98925,65,8,1,0.1411065,1.035573,-0.7614526,-0.08242068,-0.9840339,-0.139636,0.4625459,0.6421416,0.24332,-0.07264276,0.6374838,0.09468853,-0.05956401,1.183888,0.0382712,0.0556795,-0.9824935,-0.02936126,0.140436,0.9175941,-0.8889065,0,0,0,0,-0.7071068,0,0,0,0,0,-0.7071068,0,0,0,0,0,-0.7071068,0,0,0,0,0,-0.7071068,0,0,0,0,0,-0.7071068,0
53.01138,65,8,1,0.1422237,1.025463,-0.7621638,-0.08416561,-0.9847054,-0.1334633,0.4624746,0.6422342,0.2433213,-0.07269163,0.6376113,0.09449203,-0.05855035,1.183102,0.03687291,0.05590108,-0.9825078,-0.02490585,0.1414497,0.9048159,-0.8891885,0,0,0,0,-0.7071068,0,0,0,0,0,-0.7071068,0,0,0,0,0,-0.7071068,0,0,0,0,0,-0.7071068,0,0,0,0,0,-0.7071068,0
53.02263,65,8,1,0.1426461,1.020506,-0.7627608,-0.08537737,-0.9850281,-0.1301318,0.4624331,0.6422294,0.2432625,-0.07272351,0.6376685,0.09434961,-0.05805335,1.182656,0.03611174,0.05617674,-0.982421,-0.02328904,0.1419466,0.8983523,-0.8893191,0,0,0,0,-0.7071068,0,0,0,0,0,-0.7071068,0,0,0,0,0,-0.7071068,0,0,0,0,0,-0.7071068,0,0,0,0,0,-0.7071068,0
53.04485,65,8,1,0.1439345,1.010932,-0.7631196,-0.0856139,-0.9855979,-0.1246873,0.4624702,0.6422838,0.2431328,-0.0727751,0.6378027,0.09403005,-0.05704111,1.182007,0.03472859,0.05501172,-0.9823156,-0.01875198,0.1429589,0.8856798,-0.8893005,0,0,0,0,-0.7071068,0,0,0,0,0,-0.7071068,0,0,0,0,0,-0.7071068,0,0,0,0,0,-0.7071068,0,0,0,0,0,-0.7071068,0
53.06688,65,8,1,0.1451765,1.001619,-0.7634803,-0.08372499,-0.986217,-0.1199507,0.4624901,0.6422906,0.2429954,-0.07278974,0.6379153,0.09379578,-0.05592191,1.181201,0.03331416,0.05408035,-0.9821649,-0.01434564,0.1440781,0.8728455,-0.889123,0,0,0,0,-0.7071068,0,0,0,0,0,-0.7071068,0,0,0,0,0,-0.7071068,0,0,0,0,0,-0.7071068,0,0,0,0,0,-0.7071068,0
53.07819,65,8,1,0.1460656,0.9968836,-0.7636553,-0.08455751,-0.9864202,-0.117188,0.4624896,0.6422677,0.2429957,-0.07286005,0.6379614,0.09369013,-0.05538769,1.180864,0.03260298,0.05356949,-0.9820759,-0.01223334,0.1446123,0.8665981,-0.8889819,0,0,0,0,-0.7071068,0,0,0,0,0,-0.7071068,0,0,0,0,0,-0.7071068,0,0,0,0,0,-0.7071068,0,0,0,0,0,-0.7071068,0
53.08942,65,8,1,0.1468159,0.9921439,-0.7636789,-0.08672063,-0.9865019,-0.1143948,0.4624752,0.6422848,0.2429791,-0.07302971,0.6380044,0.09358326,-0.05489928,1.180598,0.03191057,0.05289457,-0.981946,-0.01042058,0.1451007,0.8602467,-0.8887486,0,0,0,0,-0.7071068,0,0,0,0,0,-0.7071068,0,0,0,0,0,-0.7071068,0,0,0,0,0,-0.7071068,0,0,0,0,0,-0.7071068,0
53.10065,65,8,1,0.147637,0.9873224,-0.7637302,-0.08831663,-0.9866235,-0.1113132,0.462479,0.6422831,0.2429048,-0.07320515,0.6380821,0.09341212,-0.05442928,1.18035,0.03114988,0.05211079,-0.9817812,-0.00860369,0.1455707,0.8539677,-0.8885432,0,0,0,0,-0.7071068,0,0,0,0,0,-0.7071068,0,0,0,0,0,-0.7071068,0,0,0,0,0,-0.7071068,0,0,0,0,0,-0.7071068,0
53.11198,65,8,1,0.1482819,0.9826854,-0.7637826,-0.08896039,-0.9868225,-0.1082711,0.462466,0.6422578,0.2428246,-0.07333571,0.6381583,0.09327021,-0.05399122,1.180027,0.03032826,0.05120086,-0.9815736,-0.00685896,0.1460088,0.8476133,-0.8883501,0,0,0,0,-0.7071068,0,0,0,0,0,-0.7071068,0,0,0,0,0,-0.7071068,0,0,0,0,0,-0.7071068,0,0,0,0,0,-0.7071068,0
53.12312,65,8,1,0.148921,0.9781699,-0.7637712,-0.08885003,-0.9870191,-0.1056275,0.4624489,0.6422648,0.2428059,-0.07352502,0.6382164,0.0930639,-0.05363889,1.179728,0.02943803,0.0499315,-0.9813093,-0.004886944,0.1463611,0.8412443,-0.8881701,0,0,0,0,-0.7071068,0,0,0,0,0,-0.7071068,0,0,0,0,0,-0.7071068,0,0,0,0,0,-0.7071068,0,0,0,0,0,-0.7071068,0
53.13433,65,8,1,0.1495555,0.9736118,-0.763683,-0.08865235,-0.9871863,-0.1032325,0.4624332,0.6422728,0.2428134,-0.07359472,0.6382549,0.09299661,-0.05333556,1.179379,0.02852806,0.04875658,-0.9809951,-0.002711069,0.1466644,0.8349332,-0.8879805,0,0,0,0,-0.7071068,0,0,0,0,0,-0.7071068,0,0,0,0,0,-0.7071068,0,0,0,0,0,-0.7071068,0,0,0,0,0,-0.7071068,0
53.14555,65,8,1,0.1498494,0.9692541,-0.7636293,-0.08894148,-0.9872388,-0.1018706,0.4624669,0.6423007,0.2429111,-0.07348146,0.6383313,0.09313591,-0.05314303,1.178932,0.0276027,0.04801486,-0.9806033,-0.0001164861,0.146857,0.8284941,-0.8877523,0,0,0,0,-0.7071068,0,0,0,0,0,-0.7071068,0,0,0,0,0,-0.7071068,0,0,0,0,0,-0.7071068,0,0,0,0,0,-0.7071068,0
53.15681,65,8,1,0.1501875,0.9647635,-0.7636164,-0.09077521,-0.9871922,-0.100196,0.4624121,0.6422567,0.2430103,-0.07329326,0.6382886,0.09344559,-0.05306381,1.178362,0.02661237,0.04840259,-0.9801941,0.003372947,0.1469362,0.8219365,-0.8875414,0,0,0,0,-0.7071068,0,0,0,0,0,-0.7071068,0,0,0,0,0,-0.7071068,0,0,0,0,0,-0.7071068,0,0,0,0,0,-0.7071068,0
53.1789,65,8,1,0.1511417,0.9556848,-0.7637929,-0.09410463,-0.9872886,-0.09557456,0.4622871,0.6421977,0.2432092,-0.07284887,0.6380435,0.09413816,-0.05312896,1.17704,0.02474998,0.05279627,-0.9795396,0.01116654,0.146871,0.8087677,-0.8868827,0,0,0,0,-0.7071068,0,0,0,0,0,-0.7071068,0,0,0,0,0,-0.7071068,0,0,0,0,0,-0.7071068,0,0,0,0,0,-0.7071068,0
53.1906,65,8,1,0.1514257,0.9511666,-0.7638651,-0.09556638,-0.987417,-0.09308863,0.4622375,0.6421374,0.2433048,-0.07258718,0.6379338,0.09427451,-0.05331573,1.176359,0.02383208,0.05588746,-0.9792893,0.01523815,0.1466843,0.8021935,-0.8864747,0,0,0,0,-0.7071068,0,0,0,0,0,-0.7071068,0,0,0,0,0,-0.7071068,0,0,0,0,0,-0.7071068,0,0,0,0,0,-0.7071068,0
53.21259,65,8,1,0.1516184,0.9421785,-0.7637862,-0.09507804,-0.9880416,-0.08835863,0.4622486,0.6421111,0.2434207,-0.07231793,0.6378351,0.09455484,-0.05404717,1.175022,0.02201109,0.06282961,-0.9789587,0.02290553,0.1459528,0.7889208,-0.8854626,0,0,0,0,-0.7071068,0,0,0,0,0,-0.7071068,0,0,0,0,0,-0.7071068,0,0,0,0,0,-0.7071068,0,0,0,0,0,-0.7071068,0
53.23449,65,8,1,0.1521156,0.9330566,-0.7635273,-0.0942745,-0.9884919,-0.08460008,0.4622102,0.6422383,0.243355,-0.07257035,0.637982,0.09479184,-0.05496723,1.173836,0.02000838,0.06798834,-0.9786829,0.0298398,0.1450328,0.7760646,-0.8845025,0,0,0,0,-0.7071068,0,0,0,0,0,-0.7071068,0,0,0,0,0,-0.7071068,0,0,0,0,0,-0.7071068,0,0,0,0,0,-0.7071068,0
53.25674,65,8,1,0.1527574,0.9236143,-0.7633303,-0.0982471,-0.9883349,-0.08039518,0.462205,0.6423391,0.243299,-0.07311027,0.6380676,0.09471774,-0.0559643,1.172725,0.0179589,0.07226703,-0.9783046,0.03628151,0.1440357,0.763413,-0.8834321,0,0,0,0,-0.7071068,0,0,0,0,0,-0.7071068,0,0,0,0,0,-0.7071068,0,0,0,0,0,-0.7071068,0,0,0,0,0,-0.7071068,0
53.27882,65,8,1,0.15364,0.9136807,-0.7626158,-0.1012042,-0.9882619,-0.07576842,0.4621414,0.6424106,0.2431538,-0.07377849,0.63818,0.09463645,-0.05710905,1.171675,0.01609255,0.07610391,-0.977983,0.04218075,0.142891,0.7507202,-0.8819575,0,0,0,0,-0.7071068,0,0,0,0,0,-0.7071068,0,0,0,0,0,-0.7071068,0,0,0,0,0,-0.7071068,0,0,0,0,0,-0.7071068,0
53.28999,65,8,1,0.154025,0.9084201,-0.7622043,-0.1015873,-0.9884349,-0.07223223,0.462173,0.6423631,0.2431043,-0.07380742,0.6382962,0.09437183,-0.05767664,1.171088,0.01515989,0.07829917,-0.9778409,0.04513949,0.1423234,0.7443798,-0.8811667,0,0,0,0,-0.7071068,0,0,0,0,0,-0.7071068,0,0,0,0,0,-0.7071068,0,0,0,0,0,-0.7071068,0,0,0,0,0,-0.7071068,0
53.31221,65,8,1,0.1548827,0.8981898,-0.7615052,-0.1012545,-0.9887993,-0.06534033,0.462343,0.6423175,0.2429149,-0.07383379,0.6386141,0.09388604,-0.05875064,1.169826,0.01346525,0.08284136,-0.9775363,0.05090884,0.1412494,0.7315791,-0.8792583,0,0,0,0,-0.7071068,0,0,0,0,0,-0.7071068,0,0,0,0,0,-0.7071068,0,0,0,0,0,-0.7071068,0,0,0,0,0,-0.7071068,0
53.32386,66,8,1,0.1552363,0.8930804,-0.7610582,-0.1014914,-0.9889449,-0.06220068,0.4624304,0.6422703,0.2428248,-0.07390555,0.6388025,0.09362208,-0.05927558,1.169288,0.01264694,0.08501845,-0.9773666,0.05370972,0.1407244,0.7252561,-0.878196,0,0,0,0,-0.7071068,0,0,0,0,0,-0.7071068,0,0,0,0,0,-0.7071068,0,0,0,0,0,-0.7071068,0,0,0,0,0,-0.7071068,0
53.34552,66,8,1,0.1556263,0.8831818,-0.7601691,-0.1009361,-0.9892996,-0.05654255,0.4625119,0.6423547,0.2426238,-0.07430962,0.6394154,0.09296443,-0.06042757,1.168425,0.01106734,0.08859876,-0.9771713,0.0581225,0.1395724,0.7129645,-0.8759128,0,0,0,0,-0.7071068,0,0,0,0,0,-0.7071068,0,0,0,0,0,-0.7071068,0,0,0,0,0,-0.7071068,0,0,0,0,0,-0.7071068,0
53.36772,66,8,1,0.1561638,0.8732476,-0.7591635,-0.1023677,-0.9893153,-0.05128293,0.4625776,0.6422638,0.2423041,-0.07473418,0.6400865,0.09168658,-0.06152128,1.16757,0.00929141,0.09182528,-0.9770147,0.06189663,0.1384787,0.7007152,-0.8736401,0,0,0,0,-0.7071068,0,0,0,0,0,-0.7071068,0,0,0,0,0,-0.7071068,0,0,0,0,0,-0.7071068,0,0,0,0,0,-0.7071068,0
53.37901,66,8,1,0.1563877,0.8683801,-0.7586817,-0.1030252,-0.9893188,-0.0487263,0.4625864,0.6421711,0.2421446,-0.07496598,0.6404223,0.09130152,-0.06209278,1.16713,0.008398119,0.09350077,-0.9769584,0.06363181,0.1379072,0.6945915,-0.8724387,0,0,0,0,-0.7071068,0,0,0,0,0,-0.7071068,0,0,0,0,0,-0.7071068,0,0,0,0,0,-0.7071068,0,0,0,0,0,-0.7071068,0
53.40094,66,8,1,0.1567691,0.8585225,-0.7577058,-0.1050259,-0.989211,-0.04359645,0.4625726,0.6421524,0.2418991,-0.07567157,0.6409362,0.09046376,-0.06327537,1.166297,0.006674543,0.09673698,-0.9768438,0.06748155,0.1367246,0.6824391,-0.8698408,0,0,0,0,-0.7071068,0,0,0,0,0,-0.7071068,0,0,0,0,0,-0.7071068,0,0,0,0,0,-0.7071068,0,0,0,0,0,-0.7071068,0
53.41215,66,8,1,0.1567546,0.8536451,-0.7571937,-0.1048764,-0.9893049,-0.0409247,0.4625076,0.6421863,0.2418106,-0.07622841,0.6410879,0.09001425,-0.06390489,1.165793,0.005941965,0.09870434,-0.9767461,0.06961966,0.1360951,0.6763874,-0.8683814,0,0,0,0,-0.7071068,0,0,0,0,0,-0.7071068,0,0,0,0,0,-0.7071068,0,0,0,0,0,-0.7071068,0,0,0,0,0,-0.7071068,0
53.42327,66,8,1,0.1566876,0.8487473,-0.7566475,-0.1047416,-0.9893925,-0.03814682,0.4625137,0.64224,0.2417609,-0.07672468,0.6411891,0.08966528,-0.06449863,1.16521,0.005222633,0.1009275,-0.9767056,0.07177784,0.1355014,0.67015,-0.866816,0,0,0,0,-0.7071068,0,0,0,0,0,-0.7071068,0,0,0,0,0,-0.7071068,0,0,0,0,0,-0.7071068,0,0,0,0,0,-0.7071068,0
53.44549,66,8,1,0.1567485,0.8390834,-0.755577,-0.1071172,-0.9891994,-0.03192656,0.4624226,0.6423751,0.2417303,-0.07762511,0.6412875,0.08935022,-0.06573149,1.164206,0.003736489,0.1048003,-0.9766931,0.07609815,0.1342685,0.6580157,-0.8636528,0,0,0,0,-0.7071068,0,0,0,0,0,-0.7071068,0,0,0,0,0,-0.7071068,0,0,0,0,0,-0.7071068,0,0,0,0,0,-0.7071068,0
53.45701,66,8,1,0.1567733,0.8341855,-0.7550675,-0.1075937,-0.9892128,-0.02904373,0.4623592,0.6424723,0.2416999,-0.07796364,0.6413986,0.0891702,-0.06633561,1.163821,0.002993934,0.1062205,-0.9767553,0.07804589,0.1336644,0.6520439,-0.8619853,0,0,0,0,-0.7071068,0,0,0,0,0,-0.7071068,0,0,0,0,0,-0.7071068,0,0,0,0,0,-0.7071068,0,0,0,0,0,-0.7071068,0
53.47874,66,8,1,0.1562561,0.8249953,-0.7540497,-0.1065669,-0.9894965,-0.0233865,0.4622974,0.6424867,0.241543,-0.07877731,0.6415197,0.08849245,-0.06756879,1.163016,0.00151471,0.1081763,-0.9769665,0.08099515,0.1324312,0.6402571,-0.8585746,0,0,0,0,-0.7071068,0,0,0,0,0,-0.7071068,0,0,0,0,0,-0.7071068,0,0,0,0,0,-0.7071068,0,0,0,0,0,-0.7071068,0
53.48999,66,8,1,0.1559729,0.8204657,-0.7535156,-0.1062929,-0.9895868,-0.02042781,0.4622975,0.6425036,0.24148,-0.07902626,0.641651,0.08823913,-0.06825087,1.162645,0.0007655025,0.1091481,-0.9770398,0.08247741,0.1317491,0.6343668,-0.8567891,0,0,0,0,-0.7071068,0,0,0,0,0,-0.7071068,0,0,0,0,0,-0.7071068,0,0,0,0,0,-0.7071068,0,0,0,0,0,-0.7071068,0
53.51205,66,8,1,0.1555828,0.8115284,-0.752406,-0.1084369,-0.9894282,-0.01511534,0.4623658,0.6424855,0.2413275,-0.07924481,0.6418641,0.08744444,-0.06936807,1.161981,-0.0006192625,0.111089,-0.9771824,0.085204,0.1306319,0.6227829,-0.8530044,0,0,0,0,-0.7071068,0,0,0,0,0,-0.7071068,0,0,0,0,0,-0.7071068,0,0,0,0,0,-0.7071068,0,0,0,0,0,-0.7071068,0
53.52331,66,8,0,0.1554271,0.8072335,-0.7517704,-0.1098695,-0.9892628,-0.0128631,0.4623968,0.6424279,0.241263,-0.07937711,0.6419045,0.08713219,-0.06987286,1.161744,-0.001282968,0.1120244,-0.9772413,0.08641219,0.1301271,0.6171097,-0.8510164,0,0,0,0,-0.7071068,0,0,0,0,0,-0.7071068,0,0,0,0,0,-0.7071068,0,0,0,0,0,-0.7071068,0,0,0,0,0,-0.7071068,0
53.53459,66,8,0,0.1552525,0.8029631,-0.7511896,-0.1105126,-0.98918,-0.01048236,0.4624174,0.6424437,0.2412479,-0.07944908,0.6418537,0.08702531,-0.07039499,1.161472,-0.001934372,0.1129476,-0.9772828,0.08765748,0.129605,0.6113523,-0.8489397,0,0,0,0,-0.7071068,0,0,0,0,0,-0.7071068,0,0,0,0,0,-0.7071068,0,0,0,0,0,-0.7071068,0,0,0,0,0,-0.7071068,0
53.55661,66,8,0,0.1549022,0.7945004,-0.7498274,-0.1097503,-0.9892651,-0.005347908,0.4625081,0.6424739,0.2412013,-0.07968542,0.6416035,0.08684087,-0.07127305,1.160936,-0.003138036,0.1143041,-0.9773709,0.08954519,0.128727,0.6000626,-0.8446367,0,0,0,0,-0.7071068,0,0,0,0,0,-0.7071068,0,0,0,0,0,-0.7071068,0,0,0,0,0,-0.7071068,0,0,0,0,0,-0.7071068,0
53.57868,66,8,0,0.1547416,0.786158,-0.748364,-0.1107812,-0.9890144,6.207824E-05,0.4626653,0.6424975,0.2412537,-0.07979079,0.6413327,0.08664197,-0.07194606,1.160444,-0.004223689,0.1152207,-0.9773625,0.09146378,0.1280539,0.5889454,-0.8400726,0,0,0,0,-0.7071068,0,0,0,0,0,-0.7071068,0,0,0,0,0,-0.7071068,0,0,0,0,0,-0.7071068,0,0,0,0,0,-0.7071068,0
53.58997,66,8,0,0.1547209,0.7820605,-0.7475956,-0.1119631,-0.9887782,0.002458107,0.4627388,0.6425118,0.2411629,-0.07979923,0.6413114,0.08648975,-0.07227292,1.160224,-0.004726849,0.1156791,-0.9773209,0.09239914,0.1277271,0.5834424,-0.8376875,0,0,0,0,-0.7071068,0,0,0,0,0,-0.7071068,0,0,0,0,0,-0.7071068,0,0,0,0,0,-0.7071068,0,0,0,0,0,-0.7071068,0
53.61224,66,8,0,0.1546551,0.7742649,-0.7463005,-0.1137664,-0.9884181,0.006248351,0.46278,0.6424774,0.2410024,-0.07980707,0.6412312,0.08608153,-0.07284194,1.159822,-0.005652882,0.1166724,-0.9771843,0.09428152,0.1271581,0.5724814,-0.832681,0,0,0,0,-0.7071068,0,0,0,0,0,-0.7071068,0,0,0,0,0,-0.7071068,0,0,0,0,0,-0.7071068,0,0,0,0,0,-0.7071068,0
53.6343,66,8,0,0.1541994,0.7667887,-0.744876,-0.1132998,-0.9884039,0.01082664,0.4628424,0.6425084,0.2407368,-0.07986001,0.6413026,0.08559342,-0.07312007,1.159352,-0.006368682,0.1177797,-0.9769182,0.09634812,0.1268799,0.5615205,-0.8272861,0,0,0,0,-0.7071068,0,0,0,0,0,-0.7071068,0,0,0,0,0,-0.7071068,0,0,0,0,0,-0.7071068,0,0,0,0,0,-0.7071068,0
53.65648,66,8,0,0.1536756,0.7591623,-0.7435182,-0.1149221,-0.98809,0.01565306,0.4628351,0.642508,0.2405737,-0.08015289,0.6412022,0.08527694,-0.07320533,1.159054,-0.007111423,0.1180167,-0.9767217,0.0980833,0.1267947,0.5509349,-0.8218211,0,0,0,0,-0.7071068,0,0,0,0,0,-0.7071068,0,0,0,0,0,-0.7071068,0,0,0,0,0,-0.7071068,0,0,0,0,0,-0.7071068,0
53.6787,66,8,0,0.1533128,0.7519637,-0.7420583,-0.1168428,-0.9876812,0.01976315,0.4628179,0.6425937,0.2405034,-0.08057493,0.6411005,0.08496268,-0.07319186,1.158854,-0.007707916,0.1176486,-0.9765712,0.09926417,0.1268081,0.5404577,-0.8159971,0,0,0,0,-0.7071068,0,0,0,0,0,-0.7071068,0,0,0,0,0,-0.7071068,0,0,0,0,0,-0.7071068,0,0,0,0,0,-0.7071068,0
53.68993,66,8,0,0.1530968,0.7484703,-0.7413176,-0.1178374,-0.9874595,0.02155848,0.4627923,0.6425849,0.2405239,-0.08066051,0.6410874,0.08486441,-0.07313459,1.158721,-0.007999703,0.1173167,-0.9764897,0.1000426,0.1268654,0.5352323,-0.8130245,0,0,0,0,-0.7071068,0,0,0,0,0,-0.7071068,0,0,0,0,0,-0.7071068,0,0,0,0,0,-0.7071068,0,0,0,0,0,-0.7071068,0
53.71201,66,8,0,0.1524375,0.7418597,-0.7398122,-0.119297,-0.9871988,0.02420237,0.4626874,0.6426407,0.2405191,-0.08095778,0.6410503,0.08473999,-0.07277296,1.158333,-0.008524202,0.1165532,-0.9762682,0.10177,0.127227,0.5247353,-0.8069017,0,0,0,0,-0.7071068,0,0,0,0,0,-0.7071068,0,0,0,0,0,-0.7071068,0,0,0,0,0,-0.7071068,0,0,0,0,0,-0.7071068,0
53.72319,66,8,0,0.1519285,0.7385947,-0.7391236,-0.1196167,-0.9871693,0.02555119,0.4626947,0.6426016,0.240546,-0.08095004,0.6409719,0.08470853,-0.07253378,1.158215,-0.008827999,0.1160201,-0.9761294,0.1027687,0.1274662,0.5196171,-0.8038335,0,0,0,0,-0.7071068,0,0,0,0,0,-0.7071068,0,0,0,0,0,-0.7071068,0,0,0,0,0,-0.7071068,0,0,0,0,0,-0.7071068,0
53.74553,66,8,0,0.1509373,0.7320255,-0.7375818,-0.1199648,-0.9870872,0.02867359,0.4626924,0.6425871,0.2407659,-0.0807016,0.6408359,0.08505867,-0.07189776,1.157707,-0.009204082,0.1147036,-0.9758109,0.104677,0.1281022,0.5091962,-0.7973559,0,0,0,0,-0.7071068,0,0,0,0,0,-0.7071068,0,0,0,0,0,-0.7071068,0,0,0,0,0,-0.7071068,0,0,0,0,0,-0.7071068,0
53.76758,66,8,0,0.1497943,0.7252749,-0.7359884,-0.119834,-0.9870452,0.03205919,0.4625469,0.6425459,0.2408911,-0.08049129,0.6407214,0.0852661,-0.07106517,1.157248,-0.009574264,0.1134158,-0.9753723,0.1072343,0.1289348,0.4988184,-0.7906389,0,0,0,0,-0.7071068,0,0,0,0,0,-0.7071068,0,0,0,0,0,-0.7071068,0,0,0,0,0,-0.7071068,0,0,0,0,0,-0.7071068,0
53.78979,66,8,0,0.1485328,0.7182486,-0.7340832,-0.119695,-0.9869926,0.03569694,0.4624582,0.6425729,0.2411508,-0.08016133,0.640489,0.08592843,-0.07009376,1.156717,-0.009832595,0.112088,-0.9748391,0.1100762,0.1299062,0.4886148,-0.7837562,0,0,0,0,-0.7071068,0,0,0,0,0,-0.7071068,0,0,0,0,0,-0.7071068,0,0,0,0,0,-0.7071068,0,0,0,0,0,-0.7071068,0
53.81191,66,8,0,0.1474883,0.7106123,-0.7318669,-0.1198502,-0.9867488,0.04032862,0.4624338,0.6425755,0.2414121,-0.07980149,0.6402032,0.08638424,-0.06895798,1.156108,-0.0101435,0.1101683,-0.9743506,0.1129613,0.131042,0.4784207,-0.7767592,0,0,0,0,-0.7071068,0,0,0,0,0,-0.7071068,0,0,0,0,0,-0.7071068,0,0,0,0,0,-0.7071068,0,0,0,0,0,-0.7071068,0
53.82323,66,8,0,0.147019,0.7064495,-0.7304607,-0.1210478,-0.9863838,0.04249105,0.4624024,0.6425948,0.2414638,-0.07960428,0.6401308,0.08669278,-0.06840739,1.155754,-0.01027212,0.1093614,-0.9740601,0.114476,0.1315926,0.4732935,-0.7731602,0,0,0,0,-0.7071068,0,0,0,0,0,-0.7071068,0,0,0,0,0,-0.7071068,0,0,0,0,0,-0.7071068,0,0,0,0,0,-0.7071068,0
53.84536,66,8,0,0.1461386,0.6980771,-0.727608,-0.1258497,-0.9853041,0.0464757,0.4623689,0.6426092,0.2414521,-0.07956711,0.6400861,0.08724494,-0.06716841,1.155067,-0.01049414,0.1075481,-0.9735349,0.1175493,0.1328316,0.4631673,-0.7658324,0,0,0,0,-0.7071068,0,0,0,0,0,-0.7071068,0,0,0,0,0,-0.7071068,0,0,0,0,0,-0.7071068,0,0,0,0,0,-0.7071068,0
53.85647,66,8,0,0.1456198,0.6940153,-0.7263272,-0.127306,-0.9848979,0.04863742,0.462331,0.6425862,0.2415579,-0.07948712,0.6400758,0.08747689,-0.06661503,1.154737,-0.01056566,0.1066684,-0.973248,0.1190535,0.133385,0.458106,-0.7620288,0,0,0,0,-0.7071068,0,0,0,0,0,-0.7071068,0,0,0,0,0,-0.7071068,0,0,0,0,0,-0.7071068,0,0,0,0,0,-0.7071068,0
53.87856,66,8,0,0.144096,0.6852787,-0.7232912,-0.1274238,-0.9844778,0.05431745,0.4622343,0.6425861,0.2415596,-0.07955222,0.6399491,0.08763102,-0.06537333,1.154141,-0.01083723,0.1046815,-0.9727755,0.121787,0.1346267,0.4482746,-0.7545532,0,0,0,0,-0.7071068,0,0,0,0,0,-0.7071068,0,0,0,0,0,-0.7071068,0,0,0,0,0,-0.7071068,0,0,0,0,0,-0.7071068,0
53.89,66,8,0,0.1431158,0.6806825,-0.7218221,-0.1273038,-0.9843362,0.05770774,0.4622373,0.6425773,0.2415482,-0.07947925,0.6399943,0.0877242,-0.06472912,1.153798,-0.01104544,0.1035132,-0.9725419,0.1230417,0.1352709,0.4433649,-0.7508402,0,0,0,0,-0.7071068,0,0,0,0,0,-0.7071068,0,0,0,0,0,-0.7071068,0,0,0,0,0,-0.7071068,0,0,0,0,0,-0.7071068,0
53.91188,66,8,0,0.1410356,0.6714374,-0.7188364,-0.1296594,-0.9837996,0.06438892,0.462399,0.6426681,0.2414959,-0.0792267,0.6402066,0.08799539,-0.06363384,1.153215,-0.01145387,0.1012794,-0.9721066,0.1251677,0.1363662,0.4336765,-0.7432441,0,0,0,0,-0.7071068,0,0,0,0,0,-0.7071068,0,0,0,0,0,-0.7071068,0,0,0,0,0,-0.7071068,0,0,0,0,0,-0.7071068,0
53.92308,66,8,0,0.1400202,0.6668124,-0.7173045,-0.1311941,-0.9834195,0.06757034,0.4624083,0.6426755,0.2414728,-0.07919545,0.6403096,0.08810575,-0.06317259,1.153059,-0.01177705,0.1006371,-0.9719402,0.1254662,0.1368274,0.4290512,-0.7395445,0,0,0,0,-0.7071068,0,0,0,0,0,-0.7071068,0,0,0,0,0,-0.7071068,0,0,0,0,0,-0.7071068,0,0,0,0,0,-0.7071068,0
53.93419,66,8,0,0.139231,0.6622781,-0.7157515,-0.1325959,-0.9830012,0.07060659,0.4623919,0.6426523,0.241515,-0.0790916,0.6403716,0.08822162,-0.06274063,1.153006,-0.01210162,0.1006531,-0.9717512,0.1255093,0.1372594,0.4245015,-0.7357595,0,0,0,0,-0.7071068,0,0,0,0,0,-0.7071068,0,0,0,0,0,-0.7071068,0,0,0,0,0,-0.7071068,0,0,0,0,0,-0.7071068,0
53.95645,66,8,0,0.1377135,0.6532873,-0.7126799,-0.1355167,-0.9820692,0.07574236,0.4622646,0.6427126,0.2415286,-0.07899838,0.6403865,0.08855736,-0.06196562,1.152996,-0.01273897,0.1036032,-0.9710146,0.1258734,0.1380344,0.4156605,-0.7281333,0,0,0,0,-0.7071068,0,0,0,0,0,-0.7071068,0,0,0,0,0,-0.7071068,0,0,0,0,0,-0.7071068,0,0,0,0,0,-0.7071068,0
53.97866,66,8,0,0.1362805,0.6439869,-0.7094396,-0.1406184,-0.98083,0.08058573,0.462194,0.6427504,0.2416094,-0.07892644,0.6403986,0.08901774,-0.06140666,1.152671,-0.01313092,0.1080173,-0.9701364,0.127773,0.1385933,0.4066395,-0.7201314,0,0,0,0,-0.7071068,0,0,0,0,0,-0.7071068,0,0,0,0,0,-0.7071068,0,0,0,0,0,-0.7071068,0,0,0,0,0,-0.7071068,0
54.00071,66,8,0,0.1346085,0.6351632,-0.7063156,-0.1434822,-0.9800973,0.08565447,0.4622407,0.642805,0.2416752,-0.07919052,0.6404157,0.08884566,-0.06121053,1.152213,-0.01345903,0.1110528,-0.9695162,0.1301606,0.1387895,0.3976003,-0.7119156,0,0,0,0,-0.7071068,0,0,0,0,0,-0.7071068,0,0,0,0,0,-0.7071068,0,0,0,0,0,-0.7071068,0,0,0,0,0,-0.7071068,0
54.01209,66,8,0,0.1336797,0.6308339,-0.7047692,-0.1421173,-0.9801629,0.08859825,0.4623554,0.6426477,0.2415774,-0.07926581,0.6404743,0.08871502,-0.06117314,1.151982,-0.01369245,0.1113856,-0.9693466,0.1313128,0.1388269,0.3931935,-0.7078943,0,0,0,0,-0.7071068,0,0,0,0,0,-0.7071068,0,0,0,0,0,-0.7071068,0,0,0,0,0,-0.7071068,0,0,0,0,0,-0.7071068,0
54.03408,66,8,0,0.1321187,0.6220707,-0.7014909,-0.1421851,-0.9796867,0.09473675,0.462478,0.6426607,0.2414286,-0.07963195,0.6407074,0.08823077,-0.06131532,1.151479,-0.01434552,0.1106964,-0.9692138,0.1334372,0.1386847,0.3842677,-0.6997625,0,0,0,0,-0.7071068,0,0,0,0,0,-0.7071068,0,0,0,0,0,-0.7071068,0,0,0,0,0,-0.7071068,0,0,0,0,0,-0.7071068,0
54.05632,66,8,0,0.1311794,0.6134708,-0.6977299,-0.1465145,-0.9784675,0.09989999,0.4625957,0.6426669,0.2413,-0.07969694,0.6410847,0.08795632,-0.06145477,1.150742,-0.01493168,0.1099377,-0.9691749,0.1358077,0.1385452,0.3753427,-0.6915394,0,0,0,0,-0.7071068,0,0,0,0,0,-0.7071068,0,0,0,0,0,-0.7071068,0,0,0,0,0,-0.7071068,0,0,0,0,0,-0.7071068,0
54.06758,66,8,0,0.1310292,0.6093351,-0.6955884,-0.1483833,-0.9779081,0.1018007,0.4626559,0.6426176,0.2411722,-0.07964346,0.6414993,0.08769825,-0.06153535,1.150375,-0.01521093,0.1094396,-0.9691892,0.1373672,0.1384647,0.3708957,-0.6873255,0,0,0,0,-0.7071068,0,0,0,0,0,-0.7071068,0,0,0,0,0,-0.7071068,0,0,0,0,0,-0.7071068,0,0,0,0,0,-0.7071068,0
54.08973,66,8,0,0.1310778,0.6009221,-0.6911474,-0.147607,-0.9773754,0.1066153,0.4627136,0.6424845,0.2410763,-0.07938141,0.6421042,0.08725849,-0.06166029,1.149566,-0.01581604,0.108781,-0.9691198,0.1404225,0.1383397,0.3620439,-0.6788633,0,0,0,0,-0.7071068,0,0,0,0,0,-0.7071068,0,0,0,0,0,-0.7071068,0,0,0,0,0,-0.7071068,0,0,0,0,0,-0.7071068,0
54.11194,66,8,0,0.1313924,0.5924262,-0.6861084,-0.1474965,-0.9765962,0.1122735,0.4627251,0.6424865,0.2409619,-0.07933185,0.6424791,0.08707539,-0.06176104,1.148683,-0.01650726,0.1077625,-0.9688782,0.1438965,0.138239,0.3532927,-0.6704021,0,0,0,0,-0.7071068,0,0,0,0,0,-0.7071068,0,0,0,0,0,-0.7071068,0,0,0,0,0,-0.7071068,0,0,0,0,0,-0.7071068,0
54.13407,66,8,0,0.1321007,0.5835725,-0.6806176,-0.1459962,-0.9757283,0.119194,0.4625836,0.6427321,0.2407865,-0.07989813,0.6424866,0.0872447,-0.06161832,1.147809,-0.01725144,0.1062184,-0.9684588,0.1477612,0.1383817,0.3446951,-0.661876,0,0,0,0,-0.7071068,0,0,0,0,0,-0.7071068,0,0,0,0,0,-0.7071068,0,0,0,0,0,-0.7071068,0,0,0,0,0,-0.7071068,0
54.14519,66,8,0,0.133049,0.5787892,-0.6777223,-0.1452225,-0.9748417,0.1240546,0.4624604,0.6428269,0.2407461,-0.0802789,0.6424033,0.08737998,-0.06159733,1.147292,-0.01758271,0.1053197,-0.9681899,0.1498568,0.1384027,0.340352,-0.6575049,0,0,0,0,-0.7071068,0,0,0,0,0,-0.7071068,0,0,0,0,0,-0.7071068,0,0,0,0,0,-0.7071068,0,0,0,0,0,-0.7071068,0
54.15632,66,8,0,0.1336408,0.5742341,-0.674892,-0.1447576,-0.9741642,0.1279057,0.462443,0.6429124,0.240542,-0.08058098,0.642406,0.08728263,-0.06155296,1.146758,-0.01790528,0.1046577,-0.9679273,0.1517838,0.138447,0.3360363,-0.6531054,0,0,0,0,-0.7071068,0,0,0,0,0,-0.7071068,0,0,0,0,0,-0.7071068,0,0,0,0,0,-0.7071068,0,0,0,0,0,-0.7071068,0
54.16766,66,8,0,0.1346134,0.5696756,-0.6718312,-0.1458032,-0.9732386,0.1313086,0.4623469,0.6429561,0.2404852,-0.08088772,0.6423522,0.08712406,-0.06147537,1.146217,-0.01824564,0.1043171,-0.9675552,0.1539947,0.1385246,0.3317441,-0.648686,0,0,0,0,-0.7071068,0,0,0,0,0,-0.7071068,0,0,0,0,0,-0.7071068,0,0,0,0,0,-0.7071068,0,0,0,0,0,-0.7071068,0
54.18972,66,8,0,0.1361181,0.5611053,-0.6663046,-0.1464757,-0.9721444,0.1363255,0.4622014,0.6430103,0.2404686,-0.08121287,0.642225,0.08703653,-0.06131679,1.145108,-0.01888209,0.1042387,-0.9666969,0.1583855,0.1386832,0.3232822,-0.6397674,0,0,0,0,-0.7071068,0,0,0,0,0,-0.7071068,0,0,0,0,0,-0.7071068,0,0,0,0,0,-0.7071068,0,0,0,0,0,-0.7071068,0
54.21188,66,8,0,0.137107,0.5530049,-0.660492,-0.144174,-0.9720006,0.1400979,0.4622048,0.643062,0.2405203,-0.0813744,0.64201,0.08701611,-0.06126047,1.144104,-0.01957342,0.1046944,-0.9658265,0.1625459,0.1387395,0.3150416,-0.6307456,0,0,0,0,-0.7071068,0,0,0,0,0,-0.7071068,0,0,0,0,0,-0.7071068,0,0,0,0,0,-0.7071068,0,0,0,0,0,-0.7071068,0
54.22302,66,8,0,0.1376928,0.548792,-0.6572438,-0.1425809,-0.9720055,0.1422818,0.4621876,0.6431068,0.240563,-0.0814386,0.6419128,0.08705914,-0.06119473,1.143618,-0.01990579,0.1055715,-0.9654613,0.1639586,0.1388053,0.3109867,-0.6261705,0,0,0,0,-0.7071068,0,0,0,0,0,-0.7071068,0,0,0,0,0,-0.7071068,0,0,0,0,0,-0.7071068,0,0,0,0,0,-0.7071068,0
54.24532,66,8,0,0.1393834,0.5394716,-0.6501535,-0.1399503,-0.9712989,0.1489636,0.4621446,0.6431521,0.2406734,-0.08130722,0.6416907,0.08728741,-0.06112215,1.142964,-0.02063967,0.1059006,-0.964698,0.1676005,0.1388779,0.3033501,-0.6170629,0,0,0,0,-0.7071068,0,0,0,0,0,-0.7071068,0,0,0,0,0,-0.7071068,0,0,0,0,0,-0.7071068,0,0,0,0,0,-0.7071068,0
54.26748,66,8,0,0.1416804,0.5295544,-0.6424521,-0.1392893,-0.9696776,0.1573623,0.462132,0.6431454,0.2406054,-0.08107372,0.6413072,0.08752152,-0.06102145,1.142343,-0.02135771,0.1056418,-0.9641097,0.1704495,0.1389786,0.2958883,-0.6078168,0,0,0,0,-0.7071068,0,0,0,0,0,-0.7071068,0,0,0,0,0,-0.7071068,0,0,0,0,0,-0.7071068,0,0,0,0,0,-0.7071068,0
54.28957,66,8,0,0.1445097,0.5195755,-0.6341015,-0.1389124,-0.9676458,0.1659691,0.4621989,0.6431795,0.2406243,-0.08102478,0.6411502,0.08729449,-0.06092206,1.141755,-0.022064,0.1050926,-0.9636322,0.17279,0.1390779,0.2886031,-0.5984355,0,0,0,0,-0.7071068,0,0,0,0,0,-0.7071068,0,0,0,0,0,-0.7071068,0,0,0,0,0,-0.7071068,0,0,0,0,0,-0.7071068,0
54.31182,66,8,0,0.1475063,0.5098431,-0.6254657,-0.1387234,-0.9656987,0.1729018,0.4623937,0.6430534,0.2405221,-0.08100063,0.6412663,0.0866792,-0.06082585,1.141233,-0.02266058,0.1048248,-0.9631427,0.1753381,0.1391742,0.2815991,-0.5889337,0,0,0,0,-0.7071068,0,0,0,0,0,-0.7071068,0,0,0,0,0,-0.7071068,0,0,0,0,0,-0.7071068,0,0,0,0,0,-0.7071068,0
54.33393,66,8,0,0.1505714,0.5001789,-0.6166664,-0.1385324,-0.9638523,0.1791186,0.4624783,0.6430502,0.2404329,-0.08114929,0.6414993,0.08616161,-0.06071022,1.14065,-0.02324573,0.1050791,-0.9626248,0.1778504,0.1392898,0.2746018,-0.5791769,0,0,0,0,-0.7071068,0,0,0,0,0,-0.7071068,0,0,0,0,0,-0.7071068,0,0,0,0,0,-0.7071068,0,0,0,0,0,-0.7071068,0
54.34518,66,8,0,0.1519073,0.4954282,-0.612284,-0.1371112,-0.9631496,0.1825123,0.4624971,0.643113,0.2404836,-0.08123244,0.6415852,0.08598848,-0.06063356,1.140346,-0.02350072,0.1051767,-0.9624469,0.1789273,0.1393664,0.2711954,-0.5742968,0,0,0,0,-0.7071068,0,0,0,0,0,-0.7071068,0,0,0,0,0,-0.7071068,0,0,0,0,0,-0.7071068,0,0,0,0,0,-0.7071068,0
54.36736,66,9,0,0.1542303,0.4857737,-0.60338,-0.1337129,-0.9619036,0.1902141,0.4625297,0.6430949,0.240442,-0.08135783,0.641735,0.08566675,-0.06049611,1.139768,-0.02403842,0.1052499,-0.9619814,0.1815114,0.1395039,0.2644656,-0.5643793,0,0,0,0,-0.7071068,0,0,0,0,0,-0.7071068,0,0,0,0,0,-0.7071068,0,0,0,0,0,-0.7071068,0,0,0,0,0,-0.7071068,0
54.38947,66,9,0,0.1561204,0.4760703,-0.5940786,-0.1307648,-0.9604299,0.199228,0.4624551,0.6430928,0.2403679,-0.08134875,0.6418878,0.08571607,-0.06031044,1.139165,-0.02453021,0.1052606,-0.9615517,0.184017,0.1396896,0.2668995,-0.5700791,0,0,0,0,-0.7071068,0,0,0,0,0,-0.7071068,0,0,0,0,0,-0.7071068,0,0,0,0,0,-0.7071068,0,0,0,0,0,-0.7071068,0
54.40062,66,9,0,0.1570962,0.4711745,-0.5893794,-0.1298027,-0.9595973,0.2034112,0.4623614,0.6429864,0.2403865,-0.08132678,0.6418631,0.08575846,-0.06017536,1.138857,-0.02475803,0.105246,-0.961359,0.1851333,0.1398246,0.2696686,-0.5754904,0,0,0,0,-0.7071068,0,0,0,0,0,-0.7071068,0,0,0,0,0,-0.7071068,0,0,0,0,0,-0.7071068,0,0,0,0,0,-0.7071068,0
54.41187,66,9,0,0.1579734,0.4662966,-0.5845364,-0.1295818,-0.9586055,0.2073419,0.4623652,0.642965,0.2403953,-0.08136315,0.6418104,0.08573388,-0.0600667,1.138601,-0.02509142,0.1050045,-0.9611731,0.1863669,0.1399333,0.2725502,-0.5810186,0,0,0,0,-0.7071068,0,0,0,0,0,-0.7071068,0,0,0,0,0,-0.7071068,0,0,0,0,0,-0.7071068,0,0,0,0,0,-0.7071068,0
54.43398,66,9,1,0.1602094,0.4567244,-0.5744807,-0.1322197,-0.9558247,0.2142882,0.4622505,0.6429657,0.2404799,-0.08149301,0.641784,0.08561096,-0.05977123,1.138085,-0.02546708,0.1044085,-0.9607909,0.1885176,0.1402288,0.2784156,-0.591683,0,0,0,0,-0.7071068,0,0,0,0,0,-0.7071068,0,0,0,0,0,-0.7071068,0,0,0,0,0,-0.7071068,0,0,0,0,0,-0.7071068,0
54.44511,66,9,1,0.1614202,0.452047,-0.5693371,-0.134031,-0.9541881,0.2175734,0.4622379,0.6429989,0.2405646,-0.08163082,0.6417182,0.08564989,-0.05958106,1.137833,-0.02559653,0.1041073,-0.9605798,0.1895748,0.1404189,0.2814098,-0.5969145,0,0,0,0,-0.7071068,0,0,0,0,0,-0.7071068,0,0,0,0,0,-0.7071068,0,0,0,0,0,-0.7071068,0,0,0,0,0,-0.7071068,0
54.45639,66,9,1,0.1625468,0.4472822,-0.5644067,-0.1342415,-0.9529632,0.2211894,0.4622791,0.6429949,0.2404588,-0.08169884,0.6417776,0.08561652,-0.05937419,1.137562,-0.02567019,0.1042604,-0.9603647,0.1904285,0.1406258,0.284429,-0.6020711,0,0,0,0,-0.7071068,0,0,0,0,0,-0.7071068,0,0,0,0,0,-0.7071068,0,0,0,0,0,-0.7071068,0,0,0,0,0,-0.7071068,0
54.47835,66,9,1,0.1640107,0.4384445,-0.5548515,-0.1324976,-0.9508663,0.2289715,0.4622321,0.6430762,0.24048,-0.08198266,0.6419167,0.08560385,-0.05891371,1.137152,-0.02577715,0.1040379,-0.9599476,0.192238,0.1410863,0.2906828,-0.6122144,0,0,0,0,-0.7071068,0,0,0,0,0,-0.7071068,0,0,0,0,0,-0.7071068,0,0,0,0,0,-0.7071068,0,0,0,0,0,-0.7071068,0
54.48953,66,9,1,0.1644402,0.4342364,-0.5502797,-0.1313753,-0.9500704,0.2324501,0.4622196,0.6431097,0.2404965,-0.08197264,0.6420006,0.08559794,-0.0586598,1.136971,-0.02579464,0.1041395,-0.9597303,0.1930412,0.1413402,0.2939056,-0.6172317,0,0,0,0,-0.7071068,0,0,0,0,0,-0.7071068,0,0,0,0,0,-0.7071068,0,0,0,0,0,-0.7071068,0,0,0,0,0,-0.7071068,0
54.51165,66,9,1,0.1653565,0.4258797,-0.541351,-0.1332846,-0.9477615,0.2384326,0.4621535,0.6429766,0.2405826,-0.0816222,0.6420802,0.0857546,-0.05811192,1.136756,-0.02576701,0.1040862,-0.9593587,0.1944301,0.1418881,0.3005982,-0.6271013,0,0,0,0,-0.7071068,0,0,0,0,0,-0.7071068,0,0,0,0,0,-0.7071068,0,0,0,0,0,-0.7071068,0,0,0,0,0,-0.7071068,0
54.52284,66,9,1,0.1657749,0.4218979,-0.5373171,-0.1377034,-0.9455244,0.2417561,0.4621007,0.642898,0.2406102,-0.08137059,0.6419722,0.08587894,-0.05782722,1.136685,-0.02573851,0.1038881,-0.9592519,0.1946648,0.1421728,0.3040493,-0.6319974,0,0,0,0,-0.7071068,0,0,0,0,0,-0.7071068,0,0,0,0,0,-0.7071068,0,0,0,0,0,-0.7071068,0,0,0,0,0,-0.7071068,0
54.54512,66,9,1,0.1662062,0.4146714,-0.5299643,-0.1413904,-0.9425814,0.2480957,0.4620167,0.6428257,0.2407988,-0.08112542,0.6418767,0.08578013,-0.05725802,1.136662,-0.02573593,0.103144,-0.9590291,0.1950553,0.142742,0.3111814,-0.6417546,0,0,0,0,-0.7071068,0,0,0,0,0,-0.7071068,0,0,0,0,0,-0.7071068,0,0,0,0,0,-0.7071068,0,0,0,0,0,-0.7071068,0
54.56721,66,9,1,0.1655818,0.4094529,-0.524819,-0.1412686,-0.9416034,0.2531762,0.4620028,0.6427412,0.240936,-0.08090512,0.6418495,0.08578182,-0.05665158,1.136657,-0.02568071,0.1028883,-0.9587255,0.1956329,0.1433484,0.3184926,-0.6513621,0,0,0,0,-0.7071068,0,0,0,0,0,-0.7071068,0,0,0,0,0,-0.7071068,0,0,0,0,0,-0.7071068,0,0,0,0,0,-0.7071068,0
54.58958,66,9,1,0.165023,0.4055295,-0.5212457,-0.1418438,-0.9409636,0.2567663,0.4621314,0.6429063,0.2410152,-0.08080316,0.6419675,0.08559665,-0.05597612,1.13676,-0.02545839,0.102859,-0.9584446,0.1961183,0.1440239,0.3259866,-0.6605932,0,0,0,0,-0.7071068,0,0,0,0,0,-0.7071068,0,0,0,0,0,-0.7071068,0,0,0,0,0,-0.7071068,0,0,0,0,0,-0.7071068,0
54.61157,66,9,0,0.1646158,0.403816,-0.5195859,-0.1426384,-0.9408084,0.2578163,0.462155,0.6427567,0.2410725,-0.08093055,0.642143,0.08530468,-0.05519567,1.136976,-0.02536691,0.1024161,-0.958329,0.1960623,0.1448043,0.3338017,-0.6699185,0,0,0,0,-0.7071068,0,0,0,0,0,-0.7071068,0,0,0,0,0,-0.7071068,0,0,0,0,0,-0.7071068,0,0,0,0,0,-0.7071068,0
54.62299,66,9,0,0.164556,0.4031501,-0.5190832,-0.1427645,-0.9407644,0.2580941,0.4621414,0.6427293,0.2411805,-0.08087539,0.6422014,0.08518431,-0.0548439,1.137053,-0.02523547,0.1019856,-0.9582994,0.1959459,0.1451561,0.3377404,-0.6744589,0,0,0,0,-0.7071068,0,0,0,0,0,-0.7071068,0,0,0,0,0,-0.7071068,0,0,0,0,0,-0.7071068,0,0,0,0,0,-0.7071068,0
54.64515,66,9,0,0.1645051,0.404228,-0.520339,-0.1433599,-0.9409683,0.2569671,0.4621362,0.6426746,0.2413612,-0.0808111,0.6422465,0.08518864,-0.05404891,1.137184,-0.02496488,0.1011681,-0.958193,0.1959165,0.1459511,0.3456879,-0.683426,0,0,0,0,-0.7071068,0,0,0,0,0,-0.7071068,0,0,0,0,0,-0.7071068,0,0,0,0,0,-0.7071068,0,0,0,0,0,-0.7071068,0
54.66729,66,9,0,0.1649398,0.4070721,-0.5234323,-0.1463142,-0.9411675,0.2534432,0.4620678,0.6426388,0.2415452,-0.0806284,0.6423151,0.08537818,-0.05329558,1.137376,-0.02459926,0.1006211,-0.9580848,0.1960246,0.1467044,0.353839,-0.6921751,0,0,0,0,-0.7071068,0,0,0,0,0,-0.7071068,0,0,0,0,0,-0.7071068,0,0,0,0,0,-0.7071068,0,0,0,0,0,-0.7071068,0
54.68951,66,9,0,0.1652193,0.4119442,-0.5284231,-0.14652,-0.9424584,0.2483577,0.4620393,0.6428027,0.2415689,-0.08055455,0.6423958,0.0856786,-0.05248497,1.137591,-0.02415096,0.09966774,-0.9581029,0.195815,0.147515,0.3621388,-0.7007012,0,0,0,0,-0.7071068,0,0,0,0,0,-0.7071068,0,0,0,0,0,-0.7071068,0,0,0,0,0,-0.7071068,0,0,0,0,0,-0.7071068,0
54.71191,66,9,0,0.1652952,0.4177368,-0.5345526,-0.1459073,-0.9441091,0.2435123,0.4620332,0.6427572,0.2416393,-0.08034236,0.642561,0.08592566,-0.05180889,1.137797,-0.02357618,0.09867075,-0.958174,0.1951261,0.1481911,0.3705776,-0.7089849,0,0,0,0,-0.7071068,0,0,0,0,0,-0.7071068,0,0,0,0,0,-0.7071068,0,0,0,0,0,-0.7071068,0,0,0,0,0,-0.7071068,0
54.73375,66,9,0,0.1647574,0.4259447,-0.5429835,-0.1462224,-0.946447,0.236423,0.4619893,0.6428484,0.2417214,-0.08040915,0.6424631,0.08637188,-0.0511221,1.138048,-0.02285793,0.09752122,-0.9582629,0.1943005,0.1488779,0.3792831,-0.7170839,0,0,0,0,-0.7071068,0,0,0,0,0,-0.7071068,0,0,0,0,0,-0.7071068,0,0,0,0,0,-0.7071068,0,0,0,0,0,-0.7071068,0
54.7449,66,9,0,0.1646918,0.4305701,-0.5476747,-0.1461789,-0.9477336,0.2324223,0.4620627,0.6427493,0.2416898,-0.08031681,0.6424657,0.08632684,-0.05079748,1.138207,-0.02248273,0.09690748,-0.9583074,0.1937776,0.1492025,0.38358,-0.720925,0,0,0,0,-0.7071068,0,0,0,0,0,-0.7071068,0,0,0,0,0,-0.7071068,0,0,0,0,0,-0.7071068,0,0,0,0,0,-0.7071068,0
54.75651,66,9,0,0.1643378,0.4355501,-0.5525706,-0.1454917,-0.9492112,0.2282807,0.4620662,0.642804,0.2416693,-0.08019398,0.6424515,0.08663948,-0.05041575,1.13843,-0.02213308,0.09616476,-0.958376,0.193206,0.1495843,0.3880865,-0.7248734,0,0,0,0,-0.7071068,0,0,0,0,0,-0.7071068,0,0,0,0,0,-0.7071068,0,0,0,0,0,-0.7071068,0,0,0,0,0,-0.7071068,0
54.77812,66,9,0,0.1636312,0.4460821,-0.5627922,-0.1435805,-0.9521131,0.2198789,0.4619836,0.6428701,0.2416427,-0.07992552,0.6423901,0.08740276,-0.04984686,1.138762,-0.02115744,0.09527729,-0.9585274,0.1918593,0.1501531,0.397087,-0.7323955,0,0,0,0,-0.7071068,0,0,0,0,0,-0.7071068,0,0,0,0,0,-0.7071068,0,0,0,0,0,-0.7071068,0,0,0,0,0,-0.7071068,0
54.78939,66,9,0,0.1633796,0.4520329,-0.5682999,-0.1433134,-0.9534734,0.2149073,0.4619571,0.6428927,0.2416322,-0.07999152,0.6422163,0.08753423,-0.04950348,1.139057,-0.02071381,0.09506708,-0.9586155,0.1911322,0.1504965,0.4016723,-0.736061,0,0,0,0,-0.7071068,0,0,0,0,0,-0.7071068,0,0,0,0,0,-0.7071068,0,0,0,0,0,-0.7071068,0,0,0,0,0,-0.7071068,0
54.8005,66,9,0,0.1630768,0.4578121,-0.5736707,-0.1434383,-0.954751,0.2099028,0.4619265,0.642911,0.2416663,-0.0799525,0.6420547,0.08774208,-0.04925969,1.139323,-0.02022519,0.09478863,-0.9587443,0.1901945,0.1507403,0.4063999,-0.7397807,0,0,0,0,-0.7071068,0,0,0,0,0,-0.7071068,0,0,0,0,0,-0.7071068,0,0,0,0,0,-0.7071068,0,0,0,0,0,-0.7071068,0
54.82278,66,9,0,0.1620937,0.4707292,-0.5850266,-0.1432003,-0.9575472,0.1990175,0.4618939,0.6430799,0.2416507,-0.07982516,0.6416435,0.08844992,-0.04882527,1.139971,-0.0192816,0.09436085,-0.9591231,0.187858,0.1511747,0.4159061,-0.7469978,0,0,0,0,-0.7071068,0,0,0,0,0,-0.7071068,0,0,0,0,0,-0.7071068,0,0,0,0,0,-0.7071068,0,0,0,0,0,-0.7071068,0
54.84493,66,9,0,0.1609717,0.4843384,-0.5967312,-0.1420979,-0.9604201,0.1883722,0.4618404,0.643196,0.2416192,-0.07955079,0.6413701,0.08921672,-0.04856986,1.140687,-0.01829562,0.09381826,-0.9596423,0.1850682,0.1514301,0.4256187,-0.7540473,0,0,0,0,-0.7071068,0,0,0,0,0,-0.7071068,0,0,0,0,0,-0.7071068,0,0,0,0,0,-0.7071068,0,0,0,0,0,-0.7071068,0
54.86714,66,9,0,0.1595634,0.4991399,-0.608717,-0.1419981,-0.9633385,0.1768617,0.4618349,0.6432384,0.2415951,-0.07902651,0.6408479,0.08989967,-0.04831573,1.141466,-0.01715385,0.09325509,-0.9602308,0.1819678,0.1516843,0.4355859,-0.7608585,0,0,0,0,-0.7071068,0,0,0,0,0,-0.7071068,0,0,0,0,0,-0.7071068,0,0,0,0,0,-0.7071068,0,0,0,0,0,-0.7071068,0
54.87853,66,9,1,0.1587752,0.5063583,-0.6144312,-0.1415506,-0.964799,0.1712538,0.4617869,0.6432668,0.2416832,-0.07867576,0.6405168,0.09040596,-0.04819415,1.141856,-0.01658847,0.09303221,-0.9605641,0.1803822,0.1518058,0.4406021,-0.7642041,0,0,0,0,-0.7071068,0,0,0,0,0,-0.7071068,0,0,0,0,0,-0.7071068,0,0,0,0,0,-0.7071068,0,0,0,0,0,-0.7071068,0
54.90049,66,9,1,0.1570398,0.5210103,-0.6255715,-0.1400446,-0.9676374,0.1604858,0.4617807,0.6432662,0.2418199,-0.07810998,0.6399019,0.09128,-0.04826298,1.142492,-0.01522053,0.09251657,-0.9612906,0.1771534,0.151737,0.4505419,-0.7705182,0,0,0,0,-0.7071068,0,0,0,0,0,-0.7071068,0,0,0,0,0,-0.7071068,0,0,0,0,0,-0.7071068,0,0,0,0,0,-0.7071068,0
54.91167,66,9,1,0.1562255,0.5282661,-0.6307617,-0.1390716,-0.9688356,0.1556812,0.4615807,0.6435416,0.2419361,-0.07796767,0.6396377,0.09184185,-0.0482115,1.142962,-0.01467054,0.09223113,-0.9616747,0.1754718,0.1517885,0.4557476,-0.7737865,0,0,0,0,-0.7071068,0,0,0,0,0,-0.7071068,0,0,0,0,0,-0.7071068,0,0,0,0,0,-0.7071068,0,0,0,0,0,-0.7071068,0
54.93373,66,9,1,0.1511154,0.5385939,-0.6392282,-0.1388804,-0.970522,0.1467167,0.4614643,0.6436442,0.2421575,-0.07739621,0.6389711,0.09286594,-0.04822379,1.143746,-0.01337013,0.09173212,-0.9625661,0.1716037,0.1517762,0.4660089,-0.7799474,0,0,0,0,-0.7071068,0,0,0,0,0,-0.7071068,0,0,0,0,0,-0.7071068,0,0,0,0,0,-0.7071068,0,0,0,0,0,-0.7071068,0
54.95597,66,9,1,0.149556,0.552628,-0.6487039,-0.1374118,-0.9723399,0.1378686,0.4616763,0.6435438,0.2422746,-0.07693307,0.6385906,0.09357588,-0.0481621,1.144583,-0.01209059,0.09108654,-0.9633961,0.1676181,0.1518379,0.4764288,-0.7859749,0,0,0,0,-0.7071068,0,0,0,0,0,-0.7071068,0,0,0,0,0,-0.7071068,0,0,0,0,0,-0.7071068,0,0,0,0,0,-0.7071068,0
54.96712,66,9,1,0.1487836,0.5595862,-0.6531273,-0.1359935,-0.9733346,0.1334446,0.4616832,0.6435859,0.2422838,-0.07664725,0.6384194,0.09379107,-0.04800148,1.145103,-0.01153792,0.09070635,-0.9637744,0.1657067,0.1519985,0.4818273,-0.7890537,0,0,0,0,-0.7071068,0,0,0,0,0,-0.7071068,0,0,0,0,0,-0.7071068,0,0,0,0,0,-0.7071068,0,0,0,0,0,-0.7071068,0
54.98927,66,9,1,0.1471101,0.573797,-0.6619967,-0.1345947,-0.9751676,0.1244975,0.4617279,0.6436417,0.2423534,-0.07623236,0.6380635,0.09460628,-0.04776588,1.146054,-0.0101514,0.08983549,-0.9644884,0.1619775,0.1522341,0.4925579,-0.7947702,0,0,0,0,-0.7071068,0,0,0,0,0,-0.7071068,0,0,0,0,0,-0.7071068,0,0,0,0,0,-0.7071068,0,0,0,0,0,-0.7071068,0
55.01168,66,9,1,0.1452008,0.5875368,-0.6702483,-0.1352969,-0.9768757,0.1147365,0.4617505,0.6435565,0.2424485,-0.07583296,0.6377368,0.0950116,-0.04731242,1.147036,-0.008797187,0.08916131,-0.9651153,0.1581621,0.1526876,0.5034167,-0.8003591,0,0,0,0,-0.7071068,0,0,0,0,0,-0.7071068,0,0,0,0,0,-0.7071068,0,0,0,0,0,-0.7071068,0,0,0,0,0,-0.7071068,0
55.03376,66,9,1,0.1432516,0.6008875,-0.678129,-0.1314438,-0.9790504,0.107081,0.4617626,0.6435132,0.2425402,-0.07539713,0.6377298,0.09554577,-0.04674922,1.148076,-0.007278111,0.08813633,-0.9657752,0.1534273,0.1532508,0.5145079,-0.805675,0,0,0,0,-0.7071068,0,0,0,0,0,-0.7071068,0,0,0,0,0,-0.7071068,0,0,0,0,0,-0.7071068,0,0,0,0,0,-0.7071068,0
55.04492,66,9,1,0.1423425,0.6073706,-0.681516,-0.1292957,-0.9799867,0.1035392,0.4616822,0.6434159,0.2426756,-0.07530904,0.6377343,0.09567833,-0.04630807,1.148737,-0.006660819,0.08757766,-0.9660857,0.1505551,0.1536919,0.5201907,-0.8083876,0,0,0,0,-0.7071068,0,0,0,0,0,-0.7071068,0,0,0,0,0,-0.7071068,0,0,0,0,0,-0.7071068,0,0,0,0,0,-0.7071068,0
55.06706,66,9,1,0.141036,0.6198575,-0.6874319,-0.1266344,-0.9813501,0.09632305,0.4617577,0.6434377,0.2427652,-0.07504434,0.6377609,0.09588515,-0.04550383,1.150109,-0.005143706,0.08639538,-0.9667296,0.1441231,0.1544962,0.5317032,-0.8134266,0,0,0,0,-0.7071068,0,0,0,0,0,-0.7071068,0,0,0,0,0,-0.7071068,0,0,0,0,0,-0.7071068,0,0,0,0,0,-0.7071068,0
55.07828,66,9,1,0.1407077,0.6257392,-0.6901038,-0.128063,-0.9814492,0.09292241,0.4617516,0.6434067,0.2427871,-0.07513988,0.6377625,0.09582926,-0.04477663,1.150995,-0.004552782,0.08586742,-0.9669554,0.1406309,0.1552234,0.5377039,-0.8160592,0,0,0,0,-0.7071068,0,0,0,0,0,-0.7071068,0,0,0,0,0,-0.7071068,0,0,0,0,0,-0.7071068,0,0,0,0,0,-0.7071068,0
55.10043,66,9,1,0.1403156,0.6375226,-0.6954883,-0.1325673,-0.9813377,0.08746332,0.4617994,0.6434052,0.2426924,-0.07561212,0.6378601,0.09541839,-0.04303307,1.152811,-0.003236648,0.08381257,-0.9672929,0.1335427,0.1569669,0.5498543,-0.8210886,0,0,0,0,-0.7071068,0,0,0,0,0,-0.7071068,0,0,0,0,0,-0.7071068,0,0,0,0,0,-0.7071068,0,0,0,0,0,-0.7071068,0
55.12265,66,9,1,0.1394739,0.6498618,-0.700564,-0.1317901,-0.9823059,0.08389638,0.461934,0.6433122,0.2425062,-0.07580116,0.638433,0.09459048,-0.04323233,1.153004,-0.0001251511,0.07875722,-0.967262,0.1273764,0.1567677,0.5604114,-0.8241217,0,0,0,0,-0.7071068,0,0,0,0,0,-0.7071068,0,0,0,0,0,-0.7071068,0,0,0,0,0,-0.7071068,0,0,0,0,0,-0.7071068,0
55.14477,67,9,1,0.1394542,0.6629796,-0.7059451,-0.1253152,-0.9841643,0.07850578,0.462034,0.6432676,0.2422689,-0.07556552,0.6392808,0.09369615,-0.04115902,1.15431,0.00163329,0.07025614,-0.9670106,0.122411,0.158841,0.5721779,-0.8283483,0,0,0,0,-0.7071068,0,0,0,0,0,-0.7071068,0,0,0,0,0,-0.7071068,0,0,0,0,0,-0.7071068,0,0,0,0,0,-0.7071068,0
55.15608,67,9,1,0.1397789,0.6697068,-0.7085059,-0.1223287,-0.9849772,0.0745811,0.4622079,0.6433241,0.242213,-0.07550276,0.6396011,0.09330077,-0.04008855,1.154842,0.002554961,0.06576453,-0.9668674,0.1198885,0.1599115,0.5780107,-0.8303784,0,0,0,0,-0.7071068,0,0,0,0,0,-0.7071068,0,0,0,0,0,-0.7071068,0,0,0,0,0,-0.7071068,0,0,0,0,0,-0.7071068,0
55.1784,67,9,1,0.1418993,0.6839982,-0.7132462,-0.1167347,-0.9862663,0.06388034,0.4622447,0.6432785,0.2421225,-0.07567599,0.6398934,0.09266265,-0.03790471,1.155869,0.004322961,0.05688601,-0.9665223,0.1147901,0.1620953,0.5897123,-0.8343924,0,0,0,0,-0.7071068,0,0,0,0,0,-0.7071068,0,0,0,0,0,-0.7071068,0,0,0,0,0,-0.7071068,0,0,0,0,0,-0.7071068,0
55.20032,67,9,1,0.1439124,0.6978666,-0.7176901,-0.1116829,-0.9872503,0.05571679,0.4622039,0.6433256,0.2420629,-0.07603722,0.6400287,0.0923271,-0.035672,1.15695,0.005919572,0.04982974,-0.9661683,0.1096193,0.164328,0.6015278,-0.8383966,0,0,0,0,-0.7071068,0,0,0,0,0,-0.7071068,0,0,0,0,0,-0.7071068,0,0,0,0,0,-0.7071068,0,0,0,0,0,-0.7071068,0
55.22305,67,9,1,0.1452266,0.7115153,-0.721484,-0.1081139,-0.9879739,0.04963072,0.4621319,0.6434103,0.2421494,-0.07601648,0.6399181,0.09216764,-0.03350622,1.157771,0.00754118,0.04361345,-0.9658911,0.1048267,0.1664938,0.6130848,-0.8421667,0,0,0,0,-0.7071068,0,0,0,0,0,-0.7071068,0,0,0,0,0,-0.7071068,0,0,0,0,0,-0.7071068,0,0,0,0,0,-0.7071068,0
55.24479,67,9,1,0.1462768,0.7251532,-0.7254501,-0.1047899,-0.9887627,0.04146014,0.4619738,0.6434747,0.2422629,-0.0758969,0.6397613,0.09233247,-0.03156589,1.158484,0.008975856,0.03712161,-0.9657159,0.1008145,0.1684341,0.6247565,-0.8460246,0,0,0,0,-0.7071068,0,0,0,0,0,-0.7071068,0,0,0,0,0,-0.7071068,0,0,0,0,0,-0.7071068,0,0,0,0,0,-0.7071068,0
55.26726,67,9,1,0.1474362,0.7389528,-0.7292555,-0.1025509,-0.9894292,0.03295009,0.4618844,0.6436056,0.2424606,-0.07599468,0.639536,0.09259624,-0.02986605,1.159042,0.01038122,0.03042629,-0.965798,0.09704075,0.1701339,0.6362461,-0.8496911,0,0,0,0,-0.7071068,0,0,0,0,0,-0.7071068,0,0,0,0,0,-0.7071068,0,0,0,0,0,-0.7071068,0,0,0,0,0,-0.7071068,0
55.28918,67,9,1,0.1484262,0.7525352,-0.7328895,-0.1019699,-0.9898217,0.02524038,0.4617217,0.6437098,0.242667,-0.0759997,0.6390297,0.09310872,-0.02844894,1.159542,0.01164286,0.02408355,-0.9661299,0.09330952,0.1715511,0.6477788,-0.8533424,0,0,0,0,-0.7071068,0,0,0,0,0,-0.7071068,0,0,0,0,0,-0.7071068,0,0,0,0,0,-0.7071068,0,0,0,0,0,-0.7071068,0
55.30078,67,9,1,0.1488562,0.7592448,-0.7346421,-0.1018416,-0.9899779,0.02182597,0.4616784,0.6437067,0.2427846,-0.07577369,0.6387281,0.0933713,-0.02786284,1.159777,0.0122035,0.02135149,-0.9663506,0.09157206,0.1721372,0.6535586,-0.8551736,0,0,0,0,-0.7071068,0,0,0,0,0,-0.7071068,0,0,0,0,0,-0.7071068,0,0,0,0,0,-0.7071068,0,0,0,0,0,-0.7071068,0
55.32254,67,9,1,0.1494873,0.7731235,-0.7376428,-0.0986646,-0.9906443,0.01490915,0.4615326,0.6437616,0.2430855,-0.07514267,0.6380098,0.09425594,-0.02700166,1.160115,0.01362334,0.01628706,-0.9670173,0.08798976,0.1729983,0.6650453,-0.858411,0,0,0,0,-0.7071068,0,0,0,0,0,-0.7071068,0,0,0,0,0,-0.7071068,0,0,0,0,0,-0.7071068,0,0,0,0,0,-0.7071068,0
55.34501,67,9,1,0.150287,0.7868655,-0.7405711,-0.09687731,-0.9910624,0.006608807,0.4613703,0.6437736,0.2435344,-0.07444963,0.6371116,0.09526825,-0.02623826,1.160623,0.01487657,0.01206966,-0.9678612,0.08431304,0.1737617,0.6767858,-0.8616468,0,0,0,0,-0.7071068,0,0,0,0,0,-0.7071068,0,0,0,0,0,-0.7071068,0,0,0,0,0,-0.7071068,0,0,0,0,0,-0.7071068,0
55.36693,67,9,1,0.1512439,0.8003887,-0.7430721,-0.09729308,-0.9911036,-0.002139989,0.4612621,0.6438349,0.2439832,-0.07360021,0.6360664,0.09639568,-0.02557363,1.161158,0.01593437,0.007784426,-0.9688951,0.08020142,0.1744264,0.6886916,-0.8649294,0,0,0,0,-0.7071068,0,0,0,0,0,-0.7071068,0,0,0,0,0,-0.7071068,0,0,0,0,0,-0.7071068,0,0,0,0,0,-0.7071068,0
55.38926,67,9,1,0.1520136,0.8136704,-0.7453781,-0.09510595,-0.991333,-0.009922206,0.4612736,0.6437501,0.2443717,-0.07265951,0.6353016,0.09752534,-0.02515311,1.161789,0.01700329,0.003240157,-0.969937,0.07570285,0.1748469,0.7005415,-0.8679456,0,0,0,0,-0.7071068,0,0,0,0,0,-0.7071068,0,0,0,0,0,-0.7071068,0,0,0,0,0,-0.7071068,0,0,0,0,0,-0.7071068,0
55.41146,67,9,1,0.1525813,0.826588,-0.7474604,-0.09199543,-0.991599,-0.01634787,0.4612848,0.6436384,0.2445886,-0.07169478,0.634766,0.09838271,-0.02477509,1.162424,0.01817787,-0.0007256679,-0.9709517,0.07100956,0.1752249,0.7126475,-0.870748,0,0,0,0,-0.7071068,0,0,0,0,0,-0.7071068,0,0,0,0,0,-0.7071068,0,0,0,0,0,-0.7071068,0,0,0,0,0,-0.7071068,0
55.43355,67,9,1,0.1530565,0.839569,-0.7490211,-0.09000085,-0.9917446,-0.0233509,0.4614237,0.6435452,0.2447535,-0.07089743,0.634447,0.09899376,-0.02444559,1.163198,0.0194072,-0.004149532,-0.9719357,0.06574792,0.1755544,0.7249629,-0.8733203,0,0,0,0,-0.7071068,0,0,0,0,0,-0.7071068,0,0,0,0,0,-0.7071068,0,0,0,0,0,-0.7071068,0,0,0,0,0,-0.7071068,0
55.44475,67,9,1,0.1532708,0.8458174,-0.7498527,-0.08885668,-0.9918295,-0.02683643,0.4614519,0.6435192,0.2447929,-0.07078563,0.6342687,0.09913434,-0.02429357,1.163616,0.02005857,-0.005735792,-0.9724163,0.06313147,0.1757064,0.7310969,-0.874478,0,0,0,0,-0.7071068,0,0,0,0,0,-0.7071068,0,0,0,0,0,-0.7071068,0,0,0,0,0,-0.7071068,0,0,0,0,0,-0.7071068,0
55.46688,67,9,1,0.1536583,0.8584789,-0.7512904,-0.08778488,-0.9917599,-0.03406631,0.461559,0.6433923,0.2448171,-0.07080232,0.6342335,0.09912737,-0.02404346,1.164497,0.02135989,-0.008775597,-0.973352,0.05752321,0.1759565,0.7435559,-0.8766943,0,0,0,0,-0.7071068,0,0,0,0,0,-0.7071068,0,0,0,0,0,-0.7071068,0,0,0,0,0,-0.7071068,0,0,0,0,0,-0.7071068,0
55.47837,67,9,1,0.1538625,0.8647554,-0.7519635,-0.08792202,-0.9916164,-0.03799303,0.461638,0.6432644,0.2447452,-0.07073546,0.6343774,0.09902788,-0.02393804,1.164956,0.02205621,-0.01034812,-0.9737408,0.05452822,0.176062,0.749814,-0.8776864,0,0,0,0,-0.7071068,0,0,0,0,0,-0.7071068,0,0,0,0,0,-0.7071068,0,0,0,0,0,-0.7071068,0,0,0,0,0,-0.7071068,0
55.50022,67,9,1,0.1539449,0.8769794,-0.7531015,-0.08497958,-0.9916791,-0.04545763,0.4617433,0.6431257,0.2447188,-0.07024546,0.6347476,0.09899192,-0.02382278,1.165912,0.02356498,-0.01343872,-0.9743406,0.04894105,0.1761772,0.7625849,-0.8794676,0,0,0,0,-0.7071068,0,0,0,0,0,-0.7071068,0,0,0,0,0,-0.7071068,0,0,0,0,0,-0.7071068,0,0,0,0,0,-0.7071068,0
55.51141,67,9,1,0.1538339,0.8829619,-0.7536107,-0.0821132,-0.991858,-0.04873059,0.4617654,0.6430429,0.2447333,-0.07002663,0.6349095,0.09902803,-0.02375791,1.166408,0.02435057,-0.01495633,-0.9746018,0.04614258,0.1762421,0.7687627,-0.8801932,0,0,0,0,-0.7071068,0,0,0,0,0,-0.7071068,0,0,0,0,0,-0.7071068,0,0,0,0,0,-0.7071068,0,0,0,0,0,-0.7071068,0
55.53351,67,9,1,0.1534602,0.8940008,-0.7545184,-0.07837364,-0.9920403,-0.05333494,0.461778,0.6430918,0.2447992,-0.06987593,0.6351243,0.09938212,-0.02363809,1.167418,0.02587153,-0.01697905,-0.974933,0.04043283,0.1763619,0.7814946,-0.8816458,0,0,0,0,-0.7071068,0,0,0,0,0,-0.7071068,0,0,0,0,0,-0.7071068,0,0,0,0,0,-0.7071068,0,0,0,0,0,-0.7071068,0
55.54473,67,9,1,0.1533348,0.899339,-0.7549235,-0.0786623,-0.9918926,-0.05566281,0.4617282,0.6431063,0.2448535,-0.06985215,0.6351969,0.0995717,-0.02361171,1.167906,0.02663454,-0.01774351,-0.9750978,0.03740115,0.1763883,0.7878386,-0.882296,0,0,0,0,-0.7071068,0,0,0,0,0,-0.7071068,0,0,0,0,0,-0.7071068,0,0,0,0,0,-0.7071068,0,0,0,0,0,-0.7071068,0
55.55595,68,9,1,0.153186,0.904713,-0.7552856,-0.07937963,-0.991694,-0.05833003,0.4616938,0.6430955,0.2448607,-0.06978896,0.6352814,0.09964008,-0.02357115,1.168488,0.02740548,-0.01842516,-0.9752218,0.03444145,0.1764289,0.7943668,-0.8829115,0,0,0,0,-0.7071068,0,0,0,0,0,-0.7071068,0,0,0,0,0,-0.7071068,0,0,0,0,0,-0.7071068,0,0,0,0,0,-0.7071068,0
55.56712,68,9,1,0.1533302,0.91009,-0.7553545,-0.07983796,-0.9914629,-0.06105023,0.4616514,0.6430534,0.2448868,-0.06979201,0.6353607,0.09954413,-0.02355066,1.169003,0.02817522,-0.01913343,-0.9753144,0.03153893,0.1764493,0.8008414,-0.883482,0,0,0,0,-0.7071068,0,0,0,0,0,-0.7071068,0,0,0,0,0,-0.7071068,0,0,0,0,0,-0.7071068,0,0,0,0,0,-0.7071068,0
55.58914,68,9,1,0.1529474,0.9207554,-0.756009,-0.07995949,-0.9911556,-0.06577883,0.4615895,0.6429845,0.2449435,-0.06997201,0.6355567,0.09926888,-0.023555,1.169976,0.02970676,-0.02036938,-0.9753678,0.0259828,0.176445,0.8135203,-0.8844409,0,0,0,0,-0.7071068,0,0,0,0,0,-0.7071068,0,0,0,0,0,-0.7071068,0,0,0,0,0,-0.7071068,0,0,0,0,0,-0.7071068,0
55.61142,68,9,1,0.151983,0.9318783,-0.7569605,-0.07907422,-0.9909837,-0.07161194,0.4616531,0.6429962,0.2449805,-0.07022393,0.6359291,0.09898853,-0.0235831,1.170965,0.03125673,-0.02125348,-0.9753918,0.02100373,0.1764169,0.8263639,-0.8852226,0,0,0,0,-0.7071068,0,0,0,0,0,-0.7071068,0,0,0,0,0,-0.7071068,0,0,0,0,0,-0.7071068,0,0,0,0,0,-0.7071068,0
55.63354,68,9,1,0.1510506,0.9431195,-0.7579314,-0.07882386,-0.990667,-0.07783216,0.4616431,0.6429287,0.2450202,-0.07052855,0.636152,0.09877247,-0.02360582,1.172005,0.03267157,-0.02167179,-0.9753816,0.01591011,0.1763942,0.8393127,-0.8859589,0,0,0,0,-0.7071068,0,0,0,0,0,-0.7071068,0,0,0,0,0,-0.7071068,0,0,0,0,0,-0.7071068,0,0,0,0,0,-0.7071068,0
55.64481,68,9,1,0.1504816,0.9489154,-0.7582775,-0.07918401,-0.990453,-0.08112566,0.4616452,0.6428765,0.2450493,-0.07068741,0.6361758,0.09854354,-0.0235991,1.172507,0.03338719,-0.02190506,-0.975346,0.01319186,0.1764009,0.8458127,-0.8862546,0,0,0,0,-0.7071068,0,0,0,0,0,-0.7071068,0,0,0,0,0,-0.7071068,0,0,0,0,0,-0.7071068,0,0,0,0,0,-0.7071068,0
55.66686,68,9,1,0.1489641,0.9604535,-0.7586886,-0.0766046,-0.9902184,-0.08895966,0.4616278,0.6426775,0.2451484,-0.0706047,0.6361505,0.09844369,-0.02382208,1.173529,0.03488403,-0.02208992,-0.9752185,0.008456321,0.1761779,0.8587664,-0.8866273,0,0,0,0,-0.7071068,0,0,0,0,0,-0.7071068,0,0,0,0,0,-0.7071068,0,0,0,0,0,-0.7071068,0,0,0,0,0,-0.7071068,0
55.67805,68,9,1,0.1482991,0.9662112,-0.7589613,-0.07402135,-0.9901656,-0.09260012,0.4616459,0.6426336,0.2452129,-0.07036038,0.6361533,0.09859005,-0.02385223,1.173982,0.03552913,-0.02183357,-0.9751559,0.006295852,0.1761478,0.8652089,-0.8868493,0,0,0,0,-0.7071068,0,0,0,0,0,-0.7071068,0,0,0,0,0,-0.7071068,0,0,0,0,0,-0.7071068,0,0,0,0,0,-0.7071068,0
55.70013,68,9,1,0.1472817,0.977249,-0.7592632,-0.07350482,-0.9896771,-0.09829411,0.4617424,0.6425365,0.2453886,-0.06916241,0.6359646,0.09924228,-0.02393728,1.174798,0.03683356,-0.02145962,-0.9749917,0.002253602,0.1760627,0.878006,-0.8871375,0,0,0,0,-0.7071068,0,0,0,0,0,-0.7071068,0,0,0,0,0,-0.7071068,0,0,0,0,0,-0.7071068,0,0,0,0,0,-0.7071068,0
55.72237,68,9,1,0.1460591,0.9879692,-0.7594804,-0.07460274,-0.9890755,-0.1041344,0.4618129,0.6426028,0.2454219,-0.06887145,0.6356426,0.09969029,-0.02409533,1.175554,0.03820661,-0.02098761,-0.9747636,-0.00168717,0.1759047,0.8907353,-0.887168,0,0,0,0,-0.7071068,0,0,0,0,0,-0.7071068,0,0,0,0,0,-0.7071068,0,0,0,0,0,-0.7071068,0,0,0,0,0,-0.7071068,0
55.73377,68,9,1,0.1454437,0.993457,-0.7595392,-0.07317548,-0.9888738,-0.1074694,0.4618352,0.6426486,0.2454167,-0.06902989,0.6354828,0.09973197,-0.02420459,1.175871,0.03883429,-0.02077871,-0.9746669,-0.003504301,0.1757954,0.8970904,-0.8871771,0,0,0,0,-0.7071068,0,0,0,0,0,-0.7071068,0,0,0,0,0,-0.7071068,0,0,0,0,0,-0.7071068,0,0,0,0,0,-0.7071068,0
55.75571,68,9,1,0.1439889,1.00424,-0.759216,-0.06752892,-0.9886183,-0.1144354,0.4618682,0.6426698,0.2451703,-0.06939273,0.635532,0.09953989,-0.02461151,1.176483,0.04005693,-0.02076273,-0.9745209,-0.006645624,0.1753885,0.9097407,-0.8870823,0,0,0,0,-0.7071068,0,0,0,0,0,-0.7071068,0,0,0,0,0,-0.7071068,0,0,0,0,0,-0.7071068,0,0,0,0,0,-0.7071068,0
55.76694,68,9,1,0.1430376,1.009408,-0.759183,-0.06554019,-0.9884174,-0.1176473,0.4618625,0.6426334,0.2451026,-0.06943235,0.6356145,0.09951271,-0.02484402,1.176787,0.0407103,-0.02068277,-0.9744692,-0.00821309,0.175156,0.9160781,-0.8869236,0,0,0,0,-0.7071068,0,0,0,0,0,-0.7071068,0,0,0,0,0,-0.7071068,0,0,0,0,0,-0.7071068,0,0,0,0,0,-0.7071068,0
55.77815,68,9,1,0.1423448,1.014294,-0.7591091,-0.06538456,-0.9881991,-0.1200664,0.4619469,0.6426098,0.2449892,-0.06937554,0.6357173,0.09949303,-0.02507466,1.177094,0.04136007,-0.02059377,-0.9744031,-0.009911224,0.1749253,0.9224862,-0.886726,0,0,0,0,-0.7071068,0,0,0,0,0,-0.7071068,0,0,0,0,0,-0.7071068,0,0,0,0,0,-0.7071068,0,0,0,0,0,-0.7071068,0
55.79997,68,9,1,0.1408502,1.023751,-0.7590238,-0.06517252,-0.9879541,-0.12329,0.4619139,0.6425939,0.2449263,-0.06933852,0.6356339,0.09974946,-0.02549627,1.177757,0.04245657,-0.02046479,-0.9742145,-0.01348608,0.1745037,0.9350767,-0.8863748,0,0,0,0,-0.7071068,0,0,0,0,0,-0.7071068,0,0,0,0,0,-0.7071068,0,0,0,0,0,-0.7071068,0,0,0,0,0,-0.7071068,0
55.81135,68,9,1,0.1399659,1.028581,-0.7590266,-0.06418776,-0.9878367,-0.1251759,0.4620014,0.6427164,0.2449561,-0.06933147,0.6355198,0.09981095,-0.02570172,1.178121,0.04302002,-0.02027471,-0.9741563,-0.01526298,0.1742983,0.941456,-0.8861177,0,0,0,0,-0.7071068,0,0,0,0,0,-0.7071068,0,0,0,0,0,-0.7071068,0,0,0,0,0,-0.7071068,0,0,0,0,0,-0.7071068,0
55.88265,68,9,1,0.1365295,1.058403,-0.7577726,-0.06639208,-0.9855278,-0.1418478,0.4619162,0.6424931,0.244951,-0.06874979,0.634802,0.1002558,-0.02590394,1.178458,0.0435033,-0.0200318,-0.9740574,-0.01705896,0.1740961,0.9479821,-0.8859011,0,0,0,0,-0.7071068,0,0,0,0,0,-0.7071068,0,0,0,0,0,-0.7071068,0,0,0,0,0,-0.7071068,0,0,0,0,0,-0.7071068,0
55.89554,68,9,1,0.1357968,1.068629,-0.7579557,-0.07342045,-0.9848144,-0.1426988,0.462004,0.6424327,0.2449135,-0.06865888,0.6350788,0.09940558,-0.02744001,1.18095,0.04709942,-0.01862838,-0.9728042,-0.02736006,0.17256,0.9926682,-0.8828125,0,0,0,0,-0.7071068,0,0,0,0,0,-0.7071068,0,0,0,0,0,-0.7071068,0,0,0,0,0,-0.7071068,0,0,0,0,0,-0.7071068,0
55.91725,68,9,1,0.1337955,1.081482,-0.7580851,-0.07498232,-0.9839565,-0.1492743,0.4621074,0.6423886,0.2448555,-0.06869046,0.6353422,0.09894618,-0.0278238,1.181668,0.04791006,-0.01791714,-0.972338,-0.02997122,0.1721762,1.002753,-0.8818049,0,0,0,0,-0.7071068,0,0,0,0,0,-0.7071068,0,0,0,0,0,-0.7071068,0,0,0,0,0,-0.7071068,0,0,0,0,0,-0.7071068,0
55.92867,68,9,1,0.1323654,1.08866,-0.7574958,-0.07063249,-0.9832178,-0.1568928,0.462117,0.6423761,0.2448872,-0.06881314,0.6353776,0.09870765,-0.02793442,1.181873,0.04829946,-0.01659481,-0.9721603,-0.03119897,0.1720656,1.009019,-0.881228,0,0,0,0,-0.7071068,0,0,0,0,0,-0.7071068,0,0,0,0,0,-0.7071068,0,0,0,0,0,-0.7071068,0,0,0,0,0,-0.7071068,0
55.95042,68,9,1,0.1301028,1.102967,-0.7563258,-0.06640157,-0.9811794,-0.1720287,0.4621487,0.6424134,0.2449668,-0.06917153,0.6355593,0.09823607,-0.02820029,1.182429,0.04906636,-0.01556052,-0.9717975,-0.03330252,0.1717997,1.021596,-0.8799496,0,0,0,0,-0.7071068,0,0,0,0,0,-0.7071068,0,0,0,0,0,-0.7071068,0,0,0,0,0,-0.7071068,0,0,0,0,0,-0.7071068,0
55.9617,68,9,1,0.1289543,1.109683,-0.7556926,-0.06757982,-0.9801294,-0.1782196,0.4621425,0.6424404,0.2449979,-0.06934412,0.6357268,0.09816822,-0.02835604,1.182738,0.0493933,-0.01544096,-0.9716165,-0.0345392,0.171644,1.027916,-0.8792973,0,0,0,0,-0.7071068,0,0,0,0,0,-0.7071068,0,0,0,0,0,-0.7071068,0,0,0,0,0,-0.7071068,0,0,0,0,0,-0.7071068,0
55.97289,68,9,1,0.1278573,1.116217,-0.7550293,-0.06848428,-0.9792098,-0.1836137,0.4620931,0.6424299,0.2449671,-0.06960017,0.6358877,0.098025,-0.02848503,1.183015,0.04967272,-0.01547794,-0.9714134,-0.03602533,0.171515,1.034322,-0.878638,0,0,0,0,-0.7071068,0,0,0,0,0,-0.7071068,0,0,0,0,0,-0.7071068,0,0,0,0,0,-0.7071068,0,0,0,0,0,-0.7071068,0
55.98597,68,9,1,0.126886,1.122212,-0.754244,-0.06883024,-0.9785234,-0.1877318,0.462085,0.6424162,0.2450053,-0.06967571,0.6359687,0.09809582,-0.02860849,1.183254,0.04992887,-0.01566074,-0.9712813,-0.03745557,0.1713915,1.040631,-0.8779579,0,0,0,0,-0.7071068,0,0,0,0,0,-0.7071068,0,0,0,0,0,-0.7071068,0,0,0,0,0,-0.7071068,0,0,0,0,0,-0.7071068,0
56.00608,68,9,1,0.125045,1.133435,-0.7524403,-0.06409641,-0.9778402,-0.1931372,0.4620543,0.64238,0.2450992,-0.06943321,0.6359088,0.0982444,-0.02899727,1.183612,0.05044849,-0.01649274,-0.9710176,-0.03996128,0.1710027,1.053198,-0.8764414,0,0,0,0,-0.7071068,0,0,0,0,0,-0.7071068,0,0,0,0,0,-0.7071068,0,0,0,0,0,-0.7071068,0,0,0,0,0,-0.7071068,0
56.01719,68,9,1,0.1245796,1.13864,-0.7516423,-0.06225473,-0.9776338,-0.1945565,0.4620817,0.6423219,0.245184,-0.069143,0.6358224,0.09832317,-0.02916954,1.183765,0.05069886,-0.01689659,-0.9709251,-0.0409374,0.1708305,1.059142,-0.8756505,0,0,0,0,-0.7071068,0,0,0,0,0,-0.7071068,0,0,0,0,0,-0.7071068,0,0,0,0,0,-0.7071068,0,0,0,0,0,-0.7071068,0
56.02835,68,9,1,0.1241574,1.143364,-0.7508761,-0.06108261,-0.9776349,-0.1946323,0.462093,0.6422594,0.2452099,-0.06880697,0.6357802,0.09831519,-0.02940773,1.183869,0.05097887,-0.01713752,-0.9708817,-0.04177451,0.1705923,1.065265,-0.8747625,0,0,0,0,-0.7071068,0,0,0,0,0,-0.7071068,0,0,0,0,0,-0.7071068,0,0,0,0,0,-0.7071068,0,0,0,0,0,-0.7071068,0
56.03949,68,9,1,0.1235059,1.148428,-0.7498804,-0.06007252,-0.9774908,-0.1957698,0.4620011,0.6421757,0.245203,-0.06869397,0.6356946,0.09841553,-0.02961924,1.184001,0.05127439,-0.01709153,-0.9708991,-0.04242442,0.1703808,1.071434,-0.8738098,0,0,0,0,-0.7071068,0,0,0,0,0,-0.7071068,0,0,0,0,0,-0.7071068,0,0,0,0,0,-0.7071068,0,0,0,0,0,-0.7071068,0
56.06169,69,9,1,0.122465,1.158006,-0.7473755,-0.05682023,-0.9768602,-0.2002937,0.4620366,0.6422298,0.2450721,-0.06875158,0.6357053,0.09840437,-0.03018144,1.184248,0.05184727,-0.0165531,-0.9710386,-0.0435499,0.1698186,1.083575,-0.8718026,0,0,0,0,-0.7071068,0,0,0,0,0,-0.7071068,0,0,0,0,0,-0.7071068,0,0,0,0,0,-0.7071068,0,0,0,0,0,-0.7071068,0
56.0728,69,9,1,0.1222919,1.162884,-0.7460597,-0.05435269,-0.9762481,-0.2035476,0.462072,0.6424277,0.2448924,-0.0691323,0.6358134,0.09856771,-0.03049101,1.18435,0.05210558,-0.01649931,-0.9711027,-0.04453897,0.169509,1.08979,-0.870735,0,0,0,0,-0.7071068,0,0,0,0,0,-0.7071068,0,0,0,0,0,-0.7071068,0,0,0,0,0,-0.7071068,0,0,0,0,0,-0.7071068,0
56.09527,69,9,1,0.1224587,1.172283,-0.7434536,-0.05362922,-0.9748892,-0.2090226,0.4622,0.642565,0.2447045,-0.06965487,0.6358118,0.09863109,-0.03117528,1.184632,0.0526406,-0.01694806,-0.9712485,-0.04650367,0.1688247,1.101972,-0.8684828,0,0,0,0,-0.7071068,0,0,0,0,0,-0.7071068,0,0,0,0,0,-0.7071068,0,0,0,0,0,-0.7071068,0,0,0,0,0,-0.7071068,0
56.11712,69,9,1,0.1216923,1.181934,-0.7409611,-0.05465131,-0.9736941,-0.2144919,0.4620118,0.6427587,0.2444439,-0.07014293,0.635823,0.09833933,-0.03192503,1.184901,0.05324479,-0.01700037,-0.9714159,-0.04834656,0.168075,1.114149,-0.8659722,0,0,0,0,-0.7071068,0,0,0,0,0,-0.7071068,0,0,0,0,0,-0.7071068,0,0,0,0,0,-0.7071068,0,0,0,0,0,-0.7071068,0
56.13956,69,9,1,0.120609,1.19181,-0.738189,-0.05276591,-0.9723947,-0.2211846,0.4620344,0.6429437,0.2443337,-0.07014944,0.6356189,0.09851287,-0.03259699,1.185296,0.05389168,-0.01627752,-0.971689,-0.05038374,0.167403,1.126493,-0.8632221,0,0,0,0,-0.7071068,0,0,0,0,0,-0.7071068,0,0,0,0,0,-0.7071068,0,0,0,0,0,-0.7071068,0,0,0,0,0,-0.7071068,0
56.16172,69,9,1,0.1195417,1.201707,-0.7353678,-0.05305444,-0.9710836,-0.2271812,0.4621259,0.6428361,0.244189,-0.06996781,0.6353078,0.09824916,-0.03332312,1.185869,0.05448953,-0.01547359,-0.9718314,-0.05302548,0.1666769,1.138962,-0.8603388,0,0,0,0,-0.7071068,0,0,0,0,0,-0.7071068,0,0,0,0,0,-0.7071068,0,0,0,0,0,-0.7071068,0,0,0,0,0,-0.7071068,0
56.17295,69,9,1,0.1189738,1.206815,-0.7337299,-0.05319241,-0.9700475,-0.2319499,0.46208,0.6426917,0.2442624,-0.0699992,0.6351658,0.09808016,-0.03368796,1.186141,0.05479127,-0.01506434,-0.9718647,-0.05433442,0.166312,1.145223,-0.8588139,0,0,0,0,-0.7071068,0,0,0,0,0,-0.7071068,0,0,0,0,0,-0.7071068,0,0,0,0,0,-0.7071068,0,0,0,0,0,-0.7071068,0
56.19513,69,9,1,0.1181719,1.216952,-0.7306297,-0.05174637,-0.9683362,-0.2395506,0.462246,0.6425761,0.2442323,-0.06961843,0.6352373,0.0981061,-0.03434492,1.186676,0.05550937,-0.01433803,-0.9719266,-0.05708988,0.1656551,1.15747,-0.855562,0,0,0,0,-0.7071068,0,0,0,0,0,-0.7071068,0,0,0,0,0,-0.7071068,0,0,0,0,0,-0.7071068,0,0,0,0,0,-0.7071068,0
56.21729,69,9,1,0.1177984,1.22648,-0.727609,-0.04965933,-0.9674418,-0.2434564,0.4624294,0.6425216,0.2443205,-0.06917327,0.6352702,0.09786525,-0.03493223,1.187361,0.05630405,-0.01384984,-0.9719219,-0.05980948,0.1650678,1.169935,-0.8520275,0,0,0,0,-0.7071068,0,0,0,0,0,-0.7071068,0,0,0,0,0,-0.7071068,0,0,0,0,0,-0.7071068,0,0,0,0,0,-0.7071068,0
56.22867,69,9,1,0.1176683,1.231199,-0.725976,-0.04954933,-0.9670137,-0.245334,0.4625343,0.6425031,0.2444436,-0.06893717,0.635308,0.09781241,-0.03522289,1.187644,0.05663713,-0.0131806,-0.9718802,-0.06152903,0.1647771,1.176205,-0.8502278,0,0,0,0,-0.7071068,0,0,0,0,0,-0.7071068,0,0,0,0,0,-0.7071068,0,0,0,0,0,-0.7071068,0,0,0,0,0,-0.7071068,0
56.25035,69,9,1,0.1176967,1.241179,-0.7226101,-0.04874296,-0.9659417,-0.24937,0.4625396,0.6424977,0.2446111,-0.06845983,0.6352196,0.09800489,-0.03572081,1.188254,0.05744276,-0.01216139,-0.9717159,-0.06448796,0.1642792,1.188415,-0.8464376,0,0,0,0,-0.7071068,0,0,0,0,0,-0.7071068,0,0,0,0,0,-0.7071068,0,0,0,0,0,-0.7071068,0,0,0,0,0,-0.7071068,0
56.26199,69,9,1,0.1177223,1.246516,-0.7206896,-0.04829368,-0.9652102,-0.2521034,0.4625784,0.64244,0.2446385,-0.06826755,0.635221,0.0979535,-0.03600003,1.188485,0.05792571,-0.01185966,-0.9716036,-0.06589838,0.164,1.194454,-0.8443884,0,0,0,0,-0.7071068,0,0,0,0,0,-0.7071068,0,0,0,0,0,-0.7071068,0,0,0,0,0,-0.7071068,0,0,0,0,0,-0.7071068,0
56.28379,69,9,1,0.117377,1.257669,-0.7163635,-0.04918717,-0.9630717,-0.2603748,0.4624929,0.6422505,0.24484,-0.06828311,0.6353655,0.09758049,-0.0364188,1.189049,0.05875983,-0.01175399,-0.9712758,-0.06864323,0.1635812,1.206711,-0.8402549,0,0,0,0,-0.7071068,0,0,0,0,0,-0.7071068,0,0,0,0,0,-0.7071068,0,0,0,0,0,-0.7071068,0,0,0,0,0,-0.7071068,0
56.29511,69,9,1,0.1169453,1.26381,-0.7136517,-0.04714791,-0.9612994,-0.2675956,0.4624943,0.6422623,0.2448041,-0.06836204,0.6355444,0.09759578,-0.03665232,1.189246,0.05922827,-0.01197287,-0.9711004,-0.07004275,0.1633477,1.212713,-0.8380751,0,0,0,0,-0.7071068,0,0,0,0,0,-0.7071068,0,0,0,0,0,-0.7071068,0,0,0,0,0,-0.7071068,0,0,0,0,0,-0.7071068,0
56.31708,69,9,1,0.1167556,1.275055,-0.7087868,-0.04199674,-0.9589192,-0.2766482,0.4623523,0.6422894,0.2447276,-0.06862875,0.6359417,0.09765378,-0.03711557,1.189365,0.06021888,-0.01194715,-0.9708732,-0.07236473,0.1628844,1.224374,-0.8335357,0,0,0,0,-0.7071068,0,0,0,0,0,-0.7071068,0,0,0,0,0,-0.7071068,0,0,0,0,0,-0.7071068,0,0,0,0,0,-0.7071068,0
56.32849,69,9,1,0.1168006,1.280113,-0.7064732,-0.03999012,-0.958153,-0.2794329,0.4623599,0.6423395,0.2447309,-0.0687138,0.6360422,0.09776756,-0.03737288,1.189451,0.06072177,-0.01220794,-0.9707914,-0.07309069,0.1626271,1.230212,-0.8311905,0,0,0,0,-0.7071068,0,0,0,0,0,-0.7071068,0,0,0,0,0,-0.7071068,0,0,0,0,0,-0.7071068,0,0,0,0,0,-0.7071068,0
56.35028,69,9,1,0.1171778,1.289712,-0.7016144,-0.03952016,-0.9567803,-0.2843023,0.4622422,0.6424067,0.2448021,-0.0687809,0.6359158,0.09819452,-0.03779435,1.1896,0.06183276,-0.01219751,-0.9705287,-0.07503352,0.1622057,1.241904,-0.8262342,0,0,0,0,-0.7071068,0,0,0,0,0,-0.7071068,0,0,0,0,0,-0.7071068,0,0,0,0,0,-0.7071068,0,0,0,0,0,-0.7071068,0
56.37274,69,9,1,0.117843,1.298987,-0.6965294,-0.03644802,-0.955525,-0.2884344,0.4621866,0.6425345,0.2448702,-0.06853277,0.6353975,0.09901664,-0.03826817,1.189818,0.06302902,-0.01241203,-0.9702824,-0.07706275,0.1617318,1.253383,-0.8210919,0,0,0,0,-0.7071068,0,0,0,0,0,-0.7071068,0,0,0,0,0,-0.7071068,0,0,0,0,0,-0.7071068,0,0,0,0,0,-0.7071068,0
56.39482,69,9,1,0.1186558,1.308004,-0.6914802,-0.03026469,-0.9539791,-0.2934581,0.462184,0.6425371,0.2448868,-0.06825218,0.6351409,0.0993497,-0.03877101,1.189965,0.06428881,-0.01289025,-0.9699646,-0.07916004,0.161229,1.264925,-0.8156404,0,0,0,0,-0.7071068,0,0,0,0,0,-0.7071068,0,0,0,0,0,-0.7071068,0,0,0,0,0,-0.7071068,0,0,0,0,0,-0.7071068,0
56.40599,69,9,1,0.118929,1.312582,-0.6888631,-0.03220691,-0.9529598,-0.2967381,0.4621989,0.6425538,0.2447906,-0.06805028,0.6351804,0.09945154,-0.03901488,1.19011,0.06493844,-0.01312819,-0.9697905,-0.08019508,0.1609851,1.270745,-0.8128279,0,0,0,0,-0.7071068,0,0,0,0,0,-0.7071068,0,0,0,0,0,-0.7071068,0,0,0,0,0,-0.7071068,0,0,0,0,0,-0.7071068,0
56.42816,69,9,1,0.1194474,1.321872,-0.6836439,-0.03564006,-0.9512243,-0.3020448,0.4621699,0.6424954,0.2447066,-0.06804539,0.6351392,0.0999429,-0.03953573,1.190557,0.06614279,-0.0133042,-0.9695067,-0.08287974,0.1604643,1.282451,-0.8071815,0,0,0,0,-0.7071068,0,0,0,0,0,-0.7071068,0,0,0,0,0,-0.7071068,0,0,0,0,0,-0.7071068,0,0,0,0,0,-0.7071068,0
56.45029,69,9,1,0.1192983,1.331736,-0.6780532,-0.02969792,-0.9490244,-0.3096099,0.4621542,0.6425507,0.2446532,-0.06827284,0.6348752,0.09973717,-0.0401407,1.190987,0.06749362,-0.01263947,-0.9692484,-0.08566305,0.1598593,1.293998,-0.8012443,0,0,0,0,-0.7071068,0,0,0,0,0,-0.7071068,0,0,0,0,0,-0.7071068,0,0,0,0,0,-0.7071068,0,0,0,0,0,-0.7071068,0
56.46183,69,9,1,0.1193873,1.336674,-0.6753445,-0.0281897,-0.9480051,-0.3128079,0.4621859,0.6425507,0.2446562,-0.06822696,0.6347889,0.0997802,-0.04040241,1.191251,0.0681095,-0.01228613,-0.9690753,-0.08728325,0.1595976,1.299838,-0.7982525,0,0,0,0,-0.7071068,0,0,0,0,0,-0.7071068,0,0,0,0,0,-0.7071068,0,0,0,0,0,-0.7071068,0,0,0,0,0,-0.7071068,0
56.48363,69,9,1,0.1201782,1.346208,-0.6695262,-0.0329361,-0.9458833,-0.3187513,0.462253,0.6425226,0.2447842,-0.06765036,0.6346626,0.1000384,-0.04085018,1.191811,0.06947739,-0.01169609,-0.96859,-0.09080413,0.1591498,1.311552,-0.7919757,0,0,0,0,-0.7071068,0,0,0,0,0,-0.7071068,0,0,0,0,0,-0.7071068,0,0,0,0,0,-0.7071068,0,0,0,0,0,-0.7071068,0
56.49482,69,9,1,0.1205551,1.351259,-0.6662899,-0.03574255,-0.9442204,-0.3235702,0.4622772,0.6425556,0.244791,-0.06746638,0.6344966,0.1002449,-0.04105175,1.192097,0.07018013,-0.01143083,-0.968345,-0.09266992,0.1589482,1.317262,-0.7888104,0,0,0,0,-0.7071068,0,0,0,0,0,-0.7071068,0,0,0,0,0,-0.7071068,0,0,0,0,0,-0.7071068,0,0,0,0,0,-0.7071068,0
56.51702,69,9,1,0.1210404,1.361372,-0.6596299,-0.02927054,-0.9411804,-0.3327438,0.4623115,0.6425405,0.2450965,-0.06692623,0.6341423,0.1008073,-0.04147014,1.192615,0.07174537,-0.0114774,-0.9678582,-0.09563255,0.1585299,1.328707,-0.782131,0,0,0,0,-0.7071068,0,0,0,0,0,-0.7071068,0,0,0,0,0,-0.7071068,0,0,0,0,0,-0.7071068,0,0,0,0,0,-0.7071068,0
56.52814,70,9,1,0.1215362,1.366083,-0.6565636,-0.02384365,-0.9402918,-0.3351632,0.4623478,0.642471,0.245226,-0.066554,0.6340504,0.1009757,-0.04162877,1.192765,0.07247232,-0.01111678,-0.9675629,-0.09734058,0.1583712,1.334361,-0.7787499,0,0,0,0,-0.7071068,0,0,0,0,0,-0.7071068,0,0,0,0,0,-0.7071068,0,0,0,0,0,-0.7071068,0,0,0,0,0,-0.7071068,0
56.53928,70,9,1,0.1220442,1.370719,-0.6534954,-0.02149077,-0.9394181,-0.3374829,0.4623889,0.6424646,0.2453195,-0.06615601,0.6340442,0.101207,-0.04180759,1.192959,0.07320117,-0.01102786,-0.9673259,-0.09870064,0.1581924,1.339986,-0.7753489,0,0,0,0,-0.7071068,0,0,0,0,0,-0.7071068,0,0,0,0,0,-0.7071068,0,0,0,0,0,-0.7071068,0,0,0,0,0,-0.7071068,0
56.55072,70,9,1,0.1225811,1.375034,-0.650483,-0.02197279,-0.9385933,-0.3397591,0.4623943,0.6423868,0.2453738,-0.06580402,0.6341201,0.1014406,-0.04196948,1.193133,0.07390034,-0.01098794,-0.9670366,-0.1002857,0.1580305,1.345578,-0.7719316,0,0,0,0,-0.7071068,0,0,0,0,0,-0.7071068,0,0,0,0,0,-0.7071068,0,0,0,0,0,-0.7071068,0,0,0,0,0,-0.7071068,0
56.56399,70,9,1,0.1230399,1.37941,-0.6472331,-0.02351649,-0.9375591,-0.3425725,0.462416,0.6423429,0.2453913,-0.06554341,0.6342683,0.10163,-0.04211504,1.193329,0.07464427,-0.01117726,-0.9667583,-0.1019386,0.157885,1.351317,-0.7683528,0,0,0,0,-0.7071068,0,0,0,0,0,-0.7071068,0,0,0,0,0,-0.7071068,0,0,0,0,0,-0.7071068,0,0,0,0,0,-0.7071068,0
56.57708,70,9,1,0.1232737,1.384119,-0.6438716,-0.0222958,-0.9365115,-0.3453955,0.4624166,0.6422944,0.2454118,-0.06525021,0.6343509,0.1017576,-0.0422368,1.193523,0.07535805,-0.0113157,-0.9664764,-0.1035531,0.1577632,1.357911,-0.7642949,0,0,0,0,-0.7071068,0,0,0,0,0,-0.7071068,0,0,0,0,0,-0.7071068,0,0,0,0,0,-0.7071068,0,0,0,0,0,-0.7071068,0
56.59987,70,9,1,0.1235371,1.393313,-0.6375168,-0.01489322,-0.9342599,-0.351551,0.4623962,0.6423081,0.2454585,-0.06502295,0.6345282,0.1017042,-0.0425474,1.193776,0.07691282,-0.01184688,-0.965965,-0.1061679,0.1574526,1.369626,-0.7565612,0,0,0,0,-0.7071068,0,0,0,0,0,-0.7071068,0,0,0,0,0,-0.7071068,0,0,0,0,0,-0.7071068,0,0,0,0,0,-0.7071068,0
56.61113,70,9,1,0.1237512,1.397762,-0.6344619,-0.01503246,-0.9332949,-0.3541003,0.4623806,0.6423594,0.2454979,-0.06487753,0.6346547,0.1018679,-0.04269374,1.19393,0.07764588,-0.01212856,-0.965703,-0.1074366,0.1573063,1.375468,-0.7526693,0,0,0,0,-0.7071068,0,0,0,0,0,-0.7071068,0,0,0,0,0,-0.7071068,0,0,0,0,0,-0.7071068,0,0,0,0,0,-0.7071068,0
56.63322,70,9,1,0.1243163,1.406467,-0.6281701,-0.01887569,-0.9313689,-0.3591525,0.4622952,0.6423423,0.2455796,-0.06495148,0.6345918,0.1021843,-0.04292624,1.194253,0.07904355,-0.01295978,-0.965158,-0.1102042,0.1570738,1.386189,-0.7453352,0,0,0,0,-0.7071068,0,0,0,0,0,-0.7071068,0,0,0,0,0,-0.7071068,0,0,0,0,0,-0.7071068,0,0,0,0,0,-0.7071068,0
56.64462,70,9,1,0.1242302,1.411086,-0.6247957,-0.01742305,-0.9298579,-0.3632476,0.4622652,0.6424209,0.2455367,-0.06524889,0.6345891,0.1022594,-0.04307618,1.194373,0.07976866,-0.01333255,-0.9648804,-0.1116221,0.1569238,1.39164,-0.7414834,0,0,0,0,-0.7071068,0,0,0,0,0,-0.7071068,0,0,0,0,0,-0.7071068,0,0,0,0,0,-0.7071068,0,0,0,0,0,-0.7071068,0
56.66658,70,9,1,0.1241312,1.420171,-0.6180499,-0.01122926,-0.9269691,-0.3706805,0.4621532,0.6424574,0.2454624,-0.06539127,0.6347076,0.1022985,-0.0432473,1.194566,0.08122413,-0.013769,-0.9643829,-0.1139668,0.1567527,1.402131,-0.7338259,0,0,0,0,-0.7071068,0,0,0,0,0,-0.7071068,0,0,0,0,0,-0.7071068,0,0,0,0,0,-0.7071068,0,0,0,0,0,-0.7071068,0
56.67817,70,9,1,0.1241015,1.424656,-0.6144484,-0.009976387,-0.9254026,-0.3746951,0.4621138,0.6424494,0.2454087,-0.06525935,0.6347874,0.102535,-0.04331004,1.194706,0.08191274,-0.01390425,-0.964172,-0.1149405,0.15669,1.407489,-0.7299105,0,0,0,0,-0.7071068,0,0,0,0,0,-0.7071068,0,0,0,0,0,-0.7071068,0,0,0,0,0,-0.7071068,0,0,0,0,0,-0.7071068,0
56.69972,70,9,1,0.1243337,1.433188,-0.6076868,-0.009780481,-0.922432,-0.3822294,0.4620871,0.6425377,0.2455016,-0.06499954,0.6346626,0.1031668,-0.04342298,1.194952,0.08328923,-0.01448112,-0.9637817,-0.1170646,0.156577,1.417865,-0.7221067,0,0,0,0,-0.7071068,0,0,0,0,0,-0.7071068,0,0,0,0,0,-0.7071068,0,0,0,0,0,-0.7071068,0,0,0,0,0,-0.7071068,0
56.71125,70,9,1,0.1243423,1.437169,-0.6043015,-0.008609995,-0.921068,-0.3856962,0.4620859,0.6426007,0.2455928,-0.06490922,0.6345355,0.1034873,-0.0434639,1.195102,0.08402178,-0.01486875,-0.9635944,-0.1181986,0.1565361,1.423077,-0.7180806,0,0,0,0,-0.7071068,0,0,0,0,0,-0.7071068,0,0,0,0,0,-0.7071068,0,0,0,0,0,-0.7071068,0,0,0,0,0,-0.7071068,0
56.73306,70,9,1,0.1245325,1.444704,-0.5974205,-0.002491891,-0.917912,-0.3929538,0.4620294,0.6425958,0.2458007,-0.06413908,0.6342017,0.1044774,-0.04344379,1.195287,0.08545536,-0.01568299,-0.9631623,-0.1207519,0.1565562,1.433355,-0.70991,0,0,0,0,-0.7071068,0,0,0,0,0,-0.7071068,0,0,0,0,0,-0.7071068,0,0,0,0,0,-0.7071068,0,0,0,0,0,-0.7071068,0
56.74422,70,9,1,0.1247559,1.448441,-0.5939539,-0.0001572967,-0.9162866,-0.3964724,0.46199,0.6425263,0.2458695,-0.06371444,0.6340516,0.1049576,-0.04340256,1.195339,0.08614556,-0.01614473,-0.9629483,-0.1218898,0.1565975,1.438367,-0.7058253,0,0,0,0,-0.7071068,0,0,0,0,0,-0.7071068,0,0,0,0,0,-0.7071068,0,0,0,0,0,-0.7071068,0,0,0,0,0,-0.7071068,0
56.75543,70,9,1,0.1251837,1.451632,-0.5907374,0.001684815,-0.9149766,-0.3989231,0.4619934,0.6425549,0.2459141,-0.06330556,0.6338975,0.1053201,-0.04340455,1.195413,0.08684475,-0.0169247,-0.9627843,-0.1230258,0.1565955,1.443425,-0.7016571,0,0,0,0,-0.7071068,0,0,0,0,0,-0.7071068,0,0,0,0,0,-0.7071068,0,0,0,0,0,-0.7071068,0,0,0,0,0,-0.7071068,0
56.77776,70,9,1,0.1256328,1.457777,-0.5847239,0.004091173,-0.9136969,-0.4007002,0.4620111,0.6424617,0.2459063,-0.06298114,0.633678,0.1058541,-0.04329472,1.195554,0.08831821,-0.01859838,-0.9624362,-0.1253154,0.1567053,1.453361,-0.6931984,0,0,0,0,-0.7071068,0,0,0,0,0,-0.7071068,0,0,0,0,0,-0.7071068,0,0,0,0,0,-0.7071068,0,0,0,0,0,-0.7071068,0
56.79966,70,9,1,0.1252898,1.463464,-0.5796539,-0.0002371818,-0.9134025,-0.4013193,0.4620258,0.6425122,0.2457939,-0.06274665,0.6337751,0.1061124,-0.04312182,1.195618,0.08988737,-0.02043998,-0.9619552,-0.127869,0.1568782,1.463194,-0.6844304,0,0,0,0,-0.7071068,0,0,0,0,0,-0.7071068,0,0,0,0,0,-0.7071068,0,0,0,0,0,-0.7071068,0,0,0,0,0,-0.7071068,0
56.81097,70,9,1,0.1245821,1.466569,-0.5766967,-0.003305092,-0.9125649,-0.4035593,0.4620072,0.6425368,0.2456649,-0.06271701,0.6339437,0.1062381,-0.04300864,1.19566,0.09068145,-0.02136489,-0.9616195,-0.1294179,0.1569914,1.468035,-0.6800131,0,0,0,0,-0.7071068,0,0,0,0,0,-0.7071068,0,0,0,0,0,-0.7071068,0,0,0,0,0,-0.7071068,0,0,0,0,0,-0.7071068,0
56.83311,70,9,1,0.1224148,1.473326,-0.5706866,-0.006220207,-0.909433,-0.411343,0.4621427,0.6425894,0.2455095,-0.06248745,0.6342886,0.1063584,-0.04278978,1.195809,0.09231019,-0.02369415,-0.9608599,-0.1327724,0.1572102,1.477757,-0.670981,0,0,0,0,-0.7071068,0,0,0,0,0,-0.7071068,0,0,0,0,0,-0.7071068,0,0,0,0,0,-0.7071068,0,0,0,0,0,-0.7071068,0
56.85525,70,9,1,0.1198113,1.480205,-0.5645345,-0.003073558,-0.9061337,-0.4191357,0.4623416,0.6426299,0.2453595,-0.06234144,0.6346166,0.1065511,-0.04264187,1.195975,0.09389628,-0.02623901,-0.9600386,-0.1361737,0.1573581,1.487383,-0.6618412,0,0,0,0,-0.7071068,0,0,0,0,0,-0.7071068,0,0,0,0,0,-0.7071068,0,0,0,0,0,-0.7071068,0,0,0,0,0,-0.7071068,0
56.86638,70,9,1,0.1185683,1.483471,-0.5616655,0.0001382679,-0.9051006,-0.4216076,0.4624265,0.6426091,0.2452794,-0.06231488,0.634743,0.1066484,-0.04259361,1.196078,0.09473891,-0.02736302,-0.9595985,-0.1378001,0.1574064,1.492167,-0.6571715,0,0,0,0,-0.7071068,0,0,0,0,0,-0.7071068,0,0,0,0,0,-0.7071068,0,0,0,0,0,-0.7071068,0,0,0,0,0,-0.7071068,0
56.87767,70,9,1,0.1172785,1.486575,-0.5588439,0.002986446,-0.9043543,-0.4234163,0.4624949,0.6426044,0.2452199,-0.06215984,0.6348322,0.1068509,-0.04255467,1.196159,0.09555535,-0.02847325,-0.9591722,-0.1395129,0.1574453,1.496908,-0.6524833,0,0,0,0,-0.7071068,0,0,0,0,0,-0.7071068,0,0,0,0,0,-0.7071068,0,0,0,0,0,-0.7071068,0,0,0,0,0,-0.7071068,0
56.89981,70,9,1,0.1150851,1.492661,-0.5537146,0.009161547,-0.9041771,-0.4239912,0.4626681,0.642507,0.2451155,-0.06210191,0.6349849,0.106846,-0.0424946,1.196442,0.09712677,-0.03038249,-0.9582948,-0.1428843,0.1575054,1.506384,-0.6430929,0,0,0,0,-0.7071068,0,0,0,0,0,-0.7071068,0,0,0,0,0,-0.7071068,0,0,0,0,0,-0.7071068,0,0,0,0,0,-0.7071068,0
56.91106,70,9,1,0.1141165,1.4954,-0.55116,0.0108722,-0.9044371,-0.4235682,0.4627483,0.6424686,0.2450311,-0.06199025,0.6350828,0.1068255,-0.04246342,1.196645,0.09794341,-0.03148421,-0.9578435,-0.1444691,0.1575366,1.511204,-0.6382549,0,0,0,0,-0.7071068,0,0,0,0,0,-0.7071068,0,0,0,0,0,-0.7071068,0,0,0,0,0,-0.7071068,0,0,0,0,0,-0.7071068,0
56.93311,70,9,1,0.1125131,1.500921,-0.5454007,0.01224464,-0.9047098,-0.4236167,0.462826,0.6422994,0.2447511,-0.06193298,0.6354162,0.1060776,-0.04232936,1.197204,0.09944586,-0.03427166,-0.9566861,-0.1489392,0.1576706,1.520773,-0.628719,0,0,0,0,-0.7071068,0,0,0,0,0,-0.7071068,0,0,0,0,0,-0.7071068,0,0,0,0,0,-0.7071068,0,0,0,0,0,-0.7071068,0
56.95534,70,9,1,0.1115347,1.506501,-0.5387986,0.01410392,-0.9043925,-0.4246985,0.4629593,0.6424268,0.2443899,-0.06275304,0.6358641,0.1057568,-0.04234492,1.197837,0.1007942,0.0378753,0.9551558,0.1545559,0.1576551,1.530303,-0.6191877,0,0,0,0,-0.7071068,0,0,0,0,0,-0.7071068,0,0,0,0,0,-0.7071068,0,0,0,0,0,-0.7071068,0,0,0,0,0,-0.7071068,0
56.96649,70,9,1,0.1114008,1.509398,-0.5352357,0.01661055,-0.9040853,-0.4252269,0.4630765,0.6424156,0.2440289,-0.06352581,0.636153,0.104901,-0.04236155,1.198065,0.1014282,0.03974497,0.9544408,0.1569078,0.1576385,1.534946,-0.6143972,0,0,0,0,-0.7071068,0,0,0,0,0,-0.7071068,0,0,0,0,0,-0.7071068,0,0,0,0,0,-0.7071068,0,0,0,0,0,-0.7071068,0
56.9777,70,9,1,0.1113747,1.512284,-0.531674,0.01917008,-0.9037598,-0.4257151,0.4631677,0.6424729,0.2437452,-0.06391461,0.6365611,0.1042211,-0.0423691,1.198213,0.101998,0.04156969,0.9537855,0.1590081,0.1576309,1.53948,-0.6096336,0,0,0,0,-0.7071068,0,0,0,0,0,-0.7071068,0,0,0,0,0,-0.7071068,0,0,0,0,0,-0.7071068,0,0,0,0,0,-0.7071068,0
56.99957,70,9,1,0.1122287,1.518233,-0.5237843,0.02290358,-0.9016509,-0.4295375,0.463529,0.6423979,0.2429655,-0.06440489,0.6375914,0.1028216,-0.04250577,1.198421,0.1030288,0.04491275,0.9525434,0.1626962,0.1574942,1.548279,-0.6001955,0,0,0,0,-0.7071068,0,0,0,0,0,-0.7071068,0,0,0,0,0,-0.7071068,0,0,0,0,0,-0.7071068,0,0,0,0,0,-0.7071068,0
57.01082,70,9,1,0.1128331,1.521239,-0.5195766,0.02244642,-0.9003379,-0.4321463,0.4635673,0.6422826,0.2425414,-0.06473693,0.6380482,0.1021319,-0.04263825,1.19849,0.1035063,0.04680143,0.9519035,0.1644604,0.1573618,1.552579,-0.59548,0,0,0,0,-0.7071068,0,0,0,0,0,-0.7071068,0,0,0,0,0,-0.7071068,0,0,0,0,0,-0.7071068,0,0,0,0,0,-0.7071068,0
57.02201,71,9,1,0.1135231,1.524267,-0.5154558,0.02093424,-0.8990501,-0.4347154,0.4637742,0.6422123,0.2421492,-0.06528064,0.6385064,0.1011244,-0.04276556,1.198503,0.103885,0.04868003,0.9512649,0.1662257,0.1572344,1.556883,-0.5907363,0,0,0,0,-0.7071068,0,0,0,0,0,-0.7071068,0,0,0,0,0,-0.7071068,0,0,0,0,0,-0.7071068,0,0,0,0,0,-0.7071068,0
57.03315,71,9,1,0.1146365,1.527268,-0.5112566,0.01631813,-0.8976098,-0.4376842,0.4638065,0.6423002,0.241892,-0.06573904,0.6388885,0.1001421,-0.04294256,1.198565,0.1042596,0.05063213,0.9506097,0.1678777,0.1570574,1.56118,-0.585986,0,0,0,0,-0.7071068,0,0,0,0,0,-0.7071068,0,0,0,0,0,-0.7071068,0,0,0,0,0,-0.7071068,0,0,0,0,0,-0.7071068,0
57.05513,71,9,1,0.1162811,1.53304,-0.5028859,0.007791966,-0.8953099,-0.4424492,0.4638287,0.642329,0.2413296,-0.06683777,0.6394594,0.09837683,-0.04325784,1.198669,0.1048307,0.0542064,0.9493135,0.1711434,0.1567422,1.569575,-0.5766447,0,0,0,0,-0.7071068,0,0,0,0,0,-0.7071068,0,0,0,0,0,-0.7071068,0,0,0,0,0,-0.7071068,0,0,0,0,0,-0.7071068,0
57.06651,71,9,1,0.1170384,1.535627,-0.4991658,0.003034189,-0.8949799,-0.4431393,0.4637928,0.6424048,0.2410646,-0.0674719,0.6396949,0.09797189,-0.04343267,1.198774,0.1050575,0.05610362,0.9486099,0.1728732,0.1565673,1.573723,-0.5720416,0,0,0,0,-0.7071068,0,0,0,0,0,-0.7071068,0,0,0,0,0,-0.7071068,0,0,0,0,0,-0.7071068,0,0,0,0,0,-0.7071068,0
57.08837,71,9,1,0.1179443,1.54089,-0.4921301,-0.001483873,-0.8953768,-0.4421581,0.4635704,0.6425689,0.2410149,-0.06804831,0.6396153,0.09806173,-0.04386792,1.199027,0.1053201,0.05950464,0.9472111,0.1761882,0.1561321,1.582093,-0.5627864,0,0,0,0,-0.7071068,0,0,0,0,0,-0.7071068,0,0,0,0,0,-0.7071068,0,0,0,0,0,-0.7071068,0,0,0,0,0,-0.7071068,0
57.09952,71,9,1,0.1178358,1.543622,-0.4887021,0.0005351901,-0.895638,-0.4414975,0.4635163,0.6426148,0.2409684,-0.06851567,0.6395521,0.09773514,-0.04410934,1.199148,0.1053393,0.06086851,0.9466039,0.177637,0.1558907,1.586165,-0.5582861,0,0,0,0,-0.7071068,0,0,0,0,0,-0.7071068,0,0,0,0,0,-0.7071068,0,0,0,0,0,-0.7071068,0,0,0,0,0,-0.7071068,0
57.11108,71,9,1,0.1174275,1.546407,-0.4850205,0.004021838,-0.8956305,-0.4414322,0.4634233,0.6426353,0.2409309,-0.06934758,0.639266,0.09676425,-0.04433604,1.199349,0.1053733,0.06226649,0.946134,0.1785637,0.155664,1.590346,-0.5536685,0,0,0,0,-0.7071068,0,0,0,0,0,-0.7071068,0,0,0,0,0,-0.7071068,0,0,0,0,0,-0.7071068,0,0,0,0,0,-0.7071068,0
57.13299,71,9,1,0.1162167,1.552594,-0.4771302,0.01119068,-0.8941723,-0.4442525,0.4634439,0.6425058,0.2408844,-0.06995612,0.6391816,0.09530799,-0.04486479,1.199649,0.1051981,0.06343019,0.9450212,0.1815776,0.1551352,1.598451,-0.5446385,0,0,0,0,-0.7071068,0,0,0,0,0,-0.7071068,0,0,0,0,0,-0.7071068,0,0,0,0,0,-0.7071068,0,0,0,0,0,-0.7071068,0
57.14426,71,9,1,0.1158258,1.555913,-0.4730915,0.01228443,-0.8925854,-0.447428,0.4634209,0.6425059,0.2408584,-0.070382,0.6392057,0.09466755,-0.04512867,1.199879,0.1050315,0.06423277,0.9444746,0.1830642,0.1548713,1.602602,-0.5400696,0,0,0,0,-0.7071068,0,0,0,0,0,-0.7071068,0,0,0,0,0,-0.7071068,0,0,0,0,0,-0.7071068,0,0,0,0,0,-0.7071068,0
57.16617,71,9,1,0.1152529,1.562488,-0.4649156,0.009602845,-0.8886797,-0.4551948,0.463453,0.6424785,0.2408445,-0.07111644,0.6394088,0.09381101,-0.04577081,1.200217,0.104706,0.06564425,0.9435722,0.1854098,0.1542292,1.610487,-0.5310619,0,0,0,0,-0.7071068,0,0,0,0,0,-0.7071068,0,0,0,0,0,-0.7071068,0,0,0,0,0,-0.7071068,0,0,0,0,0,-0.7071068,0
57.17739,71,9,1,0.1148883,1.565787,-0.4607139,0.008231267,-0.8865477,-0.4593816,0.4634689,0.6424935,0.240903,-0.07150409,0.6394539,0.09332637,-0.04604946,1.200358,0.1044526,0.06615962,0.9431943,0.1866468,0.1539505,1.614381,-0.526562,0,0,0,0,-0.7071068,0,0,0,0,0,-0.7071068,0,0,0,0,0,-0.7071068,0,0,0,0,0,-0.7071068,0,0,0,0,0,-0.7071068,0
57.18856,71,9,1,0.1144201,1.56911,-0.4564585,0.005607218,-0.8840319,-0.4643661,0.4634611,0.6424103,0.2408737,-0.07178715,0.6394311,0.09292683,-0.04637908,1.200538,0.1042527,0.06703597,0.942748,0.1879328,0.1536209,1.618307,-0.5219419,0,0,0,0,-0.7071068,0,0,0,0,0,-0.7071068,0,0,0,0,0,-0.7071068,0,0,0,0,0,-0.7071068,0,0,0,0,0,-0.7071068,0
57.21063,71,9,1,0.1130956,1.575341,-0.448299,0.004282817,-0.8802359,-0.471729,0.4636157,0.6422495,0.2408809,-0.07199559,0.6394752,0.09200916,-0.04705442,1.200986,0.1037214,0.06846498,0.9420502,0.1901713,0.1529456,1.626034,-0.5128775,0,0,0,0,-0.7071068,0,0,0,0,0,-0.7071068,0,0,0,0,0,-0.7071068,0,0,0,0,0,-0.7071068,0,0,0,0,0,-0.7071068,0
57.22185,71,9,1,0.1123274,1.578484,-0.4442897,0.005150855,-0.8785187,-0.4748638,0.463695,0.6420904,0.2409132,-0.07188698,0.6396033,0.0916088,-0.04746594,1.201111,0.1034482,0.06895792,0.9417389,0.1910765,0.1525341,1.629757,-0.5082914,0,0,0,0,-0.7071068,0,0,0,0,0,-0.7071068,0,0,0,0,0,-0.7071068,0,0,0,0,0,-0.7071068,0,0,0,0,0,-0.7071068,0
57.2444,71,9,1,0.1108635,1.584614,-0.4363769,0.008827701,-0.8750042,-0.4809701,0.4637769,0.642045,0.240831,-0.07156773,0.639948,0.09095348,-0.04815394,1.201205,0.1028951,0.06965448,0.9413955,0.1920716,0.1518461,1.636944,-0.4990294,0,0,0,0,-0.7071068,0,0,0,0,0,-0.7071068,0,0,0,0,0,-0.7071068,0,0,0,0,0,-0.7071068,0,0,0,0,0,-0.7071068,0
57.2661,71,9,1,0.1091599,1.590339,-0.4285203,0.01464874,-0.8708456,-0.4880186,0.4639591,0.6419934,0.2407306,-0.07153314,0.6400198,0.09041817,-0.04884448,1.201381,0.1024005,0.07049027,0.9411329,0.1933743,0.1511555,1.644037,-0.4896334,0,0,0,0,-0.7071068,0,0,0,0,0,-0.7071068,0,0,0,0,0,-0.7071068,0,0,0,0,0,-0.7071068,0,0,0,0,0,-0.7071068,0
57.27757,71,9,1,0.1080886,1.593171,-0.4244636,0.01698036,-0.8687489,-0.4916258,0.4640705,0.6419369,0.2408082,-0.07163405,0.6399579,0.09017348,-0.04923812,1.201619,0.1021762,0.07133095,0.9408989,0.1943976,0.1507619,1.647663,-0.4848913,0,0,0,0,-0.7071068,0,0,0,0,0,-0.7071068,0,0,0,0,0,-0.7071068,0,0,0,0,0,-0.7071068,0,0,0,0,0,-0.7071068,0
57.29948,71,9,1,0.1062568,1.597939,-0.4173053,0.01871723,-0.8650335,-0.4979973,0.4642496,0.6418886,0.2405272,-0.07153581,0.6400986,0.08996964,-0.04998376,1.201906,0.1017674,0.07205444,0.9402477,0.1973915,0.1500162,1.654689,-0.4751692,0,0,0,0,-0.7071068,0,0,0,0,0,-0.7071068,0,0,0,0,0,-0.7071068,0,0,0,0,0,-0.7071068,0,0,0,0,0,-0.7071068,0
57.31063,71,9,1,0.1055691,1.600134,-0.4139152,0.01821946,-0.8634273,-0.5007158,0.4642908,0.6418029,0.2403663,-0.07182124,0.6401946,0.08953615,-0.05039971,1.20199,0.1015824,0.07244879,0.940034,0.1984849,0.1496003,1.658036,-0.4703216,0,0,0,0,-0.7071068,0,0,0,0,0,-0.7071068,0,0,0,0,0,-0.7071068,0,0,0,0,0,-0.7071068,0,0,0,0,0,-0.7071068,0
57.33285,71,9,1,0.1038922,1.604147,-0.4077973,0.02092873,-0.8609076,-0.5046105,0.4644399,0.6418277,0.2398714,-0.07216352,0.6405333,0.08865882,-0.0512893,1.202096,0.1011886,0.07306292,0.9398474,0.1998311,0.1487107,1.664594,-0.46051,0,0,0,0,-0.7071068,0,0,0,0,0,-0.7071068,0,0,0,0,0,-0.7071068,0,0,0,0,0,-0.7071068,0,0,0,0,0,-0.7071068,0
57.34412,71,9,1,0.1032071,1.605959,-0.4049259,0.0219997,-0.8598216,-0.5062673,0.4645826,0.6418768,0.239518,-0.07261185,0.6407531,0.08804494,-0.05174417,1.202106,0.1009785,0.07317424,0.9398509,0.2002649,0.1482558,1.667798,-0.4555354,0,0,0,0,-0.7071068,0,0,0,0,0,-0.7071068,0,0,0,0,0,-0.7071068,0,0,0,0,0,-0.7071068,0,0,0,0,0,-0.7071068,0
57.3663,71,9,1,0.1015515,1.608872,-0.3997774,0.02582271,-0.8575863,-0.5096087,0.4647504,0.6418921,0.2388435,-0.07341583,0.6412522,0.08714427,-0.05269367,1.202188,0.1006866,0.07292472,0.9401352,0.2009045,0.1473063,1.674084,-0.4454895,0,0,0,0,-0.7071068,0,0,0,0,0,-0.7071068,0,0,0,0,0,-0.7071068,0,0,0,0,0,-0.7071068,0,0,0,0,0,-0.7071068,0
57.37766,71,9,1,0.1007081,1.610166,-0.3973966,0.02792333,-0.8560434,-0.5119567,0.4648049,0.6419449,0.2385573,-0.07375089,0.6414686,0.08699425,-0.05320025,1.202192,0.1006156,0.07272518,0.9403299,0.2012571,0.1467997,1.67719,-0.4402518,0,0,0,0,-0.7071068,0,0,0,0,0,-0.7071068,0,0,0,0,0,-0.7071068,0,0,0,0,0,-0.7071068,0,0,0,0,0,-0.7071068,0
57.39943,71,9,1,0.09946103,1.612152,-0.3933621,0.0306346,-0.8527748,-0.5169155,0.4648202,0.6420461,0.238146,-0.07420249,0.6416042,0.0868319,-0.05421061,1.202298,0.1004399,0.07275113,0.940632,0.202027,0.1457894,1.677456,-0.4401513,0,0,0,0,-0.7071068,0,0,0,0,0,-0.7071068,0,0,0,0,0,-0.7071068,0,0,0,0,0,-0.7071068,0,0,0,0,0,-0.7071068,0
57.41055,71,9,1,0.0991468,1.612713,-0.3919733,0.03051467,-0.8514655,-0.5188942,0.4648598,0.6421217,0.2381012,-0.07433905,0.6414386,0.08701557,-0.05467933,1.202361,0.1003771,0.07272658,0.9407267,0.2026137,0.1453207,1.674503,-0.4453813,0,0,0,0,-0.7071068,0,0,0,0,0,-0.7071068,0,0,0,0,0,-0.7071068,0,0,0,0,0,-0.7071068,0,0,0,0,0,-0.7071068,0
57.42168,71,9,1,0.09886916,1.612967,-0.3908853,0.03081325,-0.8504251,-0.5203916,0.4648316,0.6421416,0.2380788,-0.07448436,0.6412601,0.08710788,-0.05511763,1.202422,0.1003411,0.07266273,0.9408389,0.2031588,0.1448824,1.671471,-0.4506235,0,0,0,0,-0.7071068,0,0,0,0,0,-0.7071068,0,0,0,0,0,-0.7071068,0,0,0,0,0,-0.7071068,0,0,0,0,0,-0.7071068,0
57.43281,71,9,1,0.09819491,1.61341,-0.3897981,0.03136729,-0.8496541,-0.5214612,0.4647377,0.6422443,0.2380401,-0.07462192,0.6411341,0.08721469,-0.05550662,1.202424,0.1002951,0.0724767,0.9409539,0.2037175,0.1444934,1.668338,-0.4558542,0,0,0,0,-0.7071068,0,0,0,0,0,-0.7071068,0,0,0,0,0,-0.7071068,0,0,0,0,0,-0.7071068,0,0,0,0,0,-0.7071068,0
57.44431,71,9,1,0.09783454,1.613615,-0.3893927,0.03259668,-0.8488988,-0.5224631,0.4646787,0.6422886,0.2380508,-0.07467069,0.6408224,0.08756862,-0.05591037,1.202484,0.1002954,0.07217909,0.9410666,0.2043332,0.1440896,1.665226,-0.4610105,0,0,0,0,-0.7071068,0,0,0,0,0,-0.7071068,0,0,0,0,0,-0.7071068,0,0,0,0,0,-0.7071068,0,0,0,0,0,-0.7071068,0
57.4661,71,9,1,0.09694226,1.613278,-0.3898216,0.0343581,-0.8489941,-0.5219077,0.4646123,0.6423007,0.2380895,-0.0746351,0.640415,0.08781642,-0.0566995,1.202547,0.1002671,0.07183504,0.9412154,0.2055732,0.1433005,1.658757,-0.4713825,0,0,0,0,-0.7071068,0,0,0,0,0,-0.7071068,0,0,0,0,0,-0.7071068,0,0,0,0,0,-0.7071068,0,0,0,0,0,-0.7071068,0
57.47739,71,9,1,0.09629853,1.612861,-0.3909512,0.03572808,-0.8499064,-0.5201949,0.4645313,0.6422929,0.2379867,-0.07471783,0.6403682,0.08776965,-0.05706063,1.202627,0.1002659,0.07159621,0.9413964,0.2058321,0.1429394,1.655636,-0.4763232,0,0,0,0,-0.7071068,0,0,0,0,0,-0.7071068,0,0,0,0,0,-0.7071068,0,0,0,0,0,-0.7071068,0,0,0,0,0,-0.7071068,0
57.49945,72,9,1,0.09452446,1.611892,-0.3939906,0.04054072,-0.8529654,-0.5146574,0.4646042,0.6423441,0.2379931,-0.0745318,0.6403639,0.08782458,-0.05771903,1.202888,0.1002921,0.07072815,0.9418097,0.2063095,0.142281,1.649194,-0.4863874,0,0,0,0,-0.7071068,0,0,0,0,0,-0.7071068,0,0,0,0,0,-0.7071068,0,0,0,0,0,-0.7071068,0,0,0,0,0,-0.7071068,0
57.51078,72,9,1,0.09324545,1.6113,-0.3954945,0.04456109,-0.8541284,-0.5124693,0.4646474,0.6422642,0.2379991,-0.07441523,0.6404678,0.08752402,-0.05799899,1.203129,0.1003086,0.07022023,0.9419148,0.2069368,0.142001,1.646033,-0.4913628,0,0,0,0,-0.7071068,0,0,0,0,0,-0.7071068,0,0,0,0,0,-0.7071068,0,0,0,0,0,-0.7071068,0,0,0,0,0,-0.7071068,0
57.52195,72,9,1,0.09185917,1.610693,-0.3967742,0.04824711,-0.8547093,-0.5112978,0.4647414,0.6422684,0.2379523,-0.0744606,0.6405777,0.08732961,-0.05825066,1.203364,0.1003307,0.06958337,0.9419817,0.2077163,0.1417494,1.642756,-0.4964095,0,0,0,0,-0.7071068,0,0,0,0,0,-0.7071068,0,0,0,0,0,-0.7071068,0,0,0,0,0,-0.7071068,0,0,0,0,0,-0.7071068,0
57.54473,72,9,1,0.08851869,1.610291,-0.3989494,0.05426945,-0.854447,-0.5115662,0.4649304,0.6422534,0.238049,-0.07423615,0.6407547,0.08702619,-0.0586824,1.203713,0.1002635,0.06819145,0.942028,0.2092273,0.1413176,1.636161,-0.5062554,0,0,0,0,-0.7071068,0,0,0,0,0,-0.7071068,0,0,0,0,0,-0.7071068,0,0,0,0,0,-0.7071068,0,0,0,0,0,-0.7071068,0
57.56624,72,9,1,0.08627255,1.609612,-0.4014727,0.05325206,-0.8523305,-0.5157913,0.4649854,0.6421474,0.2381664,-0.0742717,0.6408045,0.08693998,-0.05909763,1.203954,0.1001605,0.06723423,0.9420751,0.2102268,0.1409024,1.629279,-0.5160666,0,0,0,0,-0.7071068,0,0,0,0,0,-0.7071068,0,0,0,0,0,-0.7071068,0,0,0,0,0,-0.7071068,0,0,0,0,0,-0.7071068,0
57.57767,72,9,1,0.08532745,1.609063,-0.4027482,0.05144016,-0.8516532,-0.5174403,0.4649862,0.6421189,0.2382248,-0.07413628,0.6408439,0.08705959,-0.05931162,1.204007,0.1000835,0.06678732,0.9421231,0.2106357,0.1406884,1.625639,-0.5210575,0,0,0,0,-0.7071068,0,0,0,0,0,-0.7071068,0,0,0,0,0,-0.7071068,0,0,0,0,0,-0.7071068,0,0,0,0,0,-0.7071068,0
57.59945,72,9,1,0.08391494,1.607279,-0.4059665,0.04586715,-0.8517379,-0.518555,0.4651746,0.6419903,0.2383855,-0.0738176,0.6409085,0.08711934,-0.05970641,1.204034,0.09981885,0.0661042,0.9422765,0.210896,0.1402936,1.618324,-0.5308554,0,0,0,0,-0.7071068,0,0,0,0,0,-0.7071068,0,0,0,0,0,-0.7071068,0,0,0,0,0,-0.7071068,0,0,0,0,0,-0.7071068,0
57.61086,72,9,1,0.08341307,1.605922,-0.4079313,0.04508618,-0.8527765,-0.5171076,0.4652587,0.6419824,0.2384247,-0.07365446,0.6409677,0.08700317,-0.05989486,1.20399,0.09965569,0.06579829,0.9424376,0.2107258,0.1401051,1.614537,-0.5357628,0,0,0,0,-0.7071068,0,0,0,0,0,-0.7071068,0,0,0,0,0,-0.7071068,0,0,0,0,0,-0.7071068,0,0,0,0,0,-0.7071068,0
57.63271,72,9,1,0.08264048,1.603025,-0.4126092,0.04845352,-0.8556283,-0.5121017,0.4654215,0.641916,0.2384979,-0.07329892,0.6411098,0.08706962,-0.06028612,1.203863,0.09936175,0.06479745,0.9429291,0.2098893,0.1397139,1.606818,-0.5454562,0,0,0,0,-0.7071068,0,0,0,0,0,-0.7071068,0,0,0,0,0,-0.7071068,0,0,0,0,0,-0.7071068,0,0,0,0,0,-0.7071068,0
57.64437,72,9,1,0.08259708,1.601194,-0.4150339,0.05044323,-0.8569996,-0.5095114,0.465427,0.6418909,0.2385164,-0.07327443,0.6410776,0.08721932,-0.06045412,1.203812,0.0991872,0.06423993,0.9432008,0.2093988,0.1395459,1.60293,-0.550269,0,0,0,0,-0.7071068,0,0,0,0,0,-0.7071068,0,0,0,0,0,-0.7071068,0,0,0,0,0,-0.7071068,0,0,0,0,0,-0.7071068,0
57.66597,72,9,1,0.08346374,1.597017,-0.4202462,0.04985949,-0.8593282,-0.505417,0.4653511,0.6419855,0.2384325,-0.07359096,0.6411418,0.0872955,-0.06081929,1.203762,0.0988305,0.06397237,0.9436144,0.208838,0.1391807,1.595091,-0.5598249,0,0,0,0,-0.7071068,0,0,0,0,0,-0.7071068,0,0,0,0,0,-0.7071068,0,0,0,0,0,-0.7071068,0,0,0,0,0,-0.7071068,0
57.67816,72,9,1,0.08406884,1.594792,-0.4229172,0.04797719,-0.8604804,-0.5036085,0.4652996,0.6421282,0.238306,-0.07400866,0.6413076,0.08737522,-0.06105759,1.203639,0.09864198,0.0641134,0.9438041,0.2086338,0.1389424,1.591007,-0.5645822,0,0,0,0,-0.7071068,0,0,0,0,0,-0.7071068,0,0,0,0,0,-0.7071068,0,0,0,0,0,-0.7071068,0,0,0,0,0,-0.7071068,0
57.69932,72,9,1,0.08599801,1.589526,-0.4289222,0.0420313,-0.8634906,-0.498956,0.4652704,0.6422974,0.238073,-0.07456227,0.6414255,0.08730445,-0.06147771,1.203343,0.09823333,0.06500454,0.9442693,0.2077008,0.1385223,1.582631,-0.574093,0,0,0,0,-0.7071068,0,0,0,0,0,-0.7071068,0,0,0,0,0,-0.7071068,0,0,0,0,0,-0.7071068,0,0,0,0,0,-0.7071068,0
57.71073,72,9,1,0.08680279,1.586817,-0.4325104,0.04043342,-0.8653143,-0.4958798,0.4652374,0.6423746,0.2379493,-0.07491469,0.6414533,0.08721777,-0.06169485,1.203199,0.09798724,0.06553546,0.9444969,0.2073024,0.1383052,1.578465,-0.5787657,0,0,0,0,-0.7071068,0,0,0,0,0,-0.7071068,0,0,0,0,0,-0.7071068,0,0,0,0,0,-0.7071068,0,0,0,0,0,-0.7071068,0
57.73304,72,9,1,0.08859844,1.580786,-0.4397337,0.03886604,-0.8694745,-0.4885694,0.465198,0.6424676,0.2376738,-0.07542848,0.6413926,0.08696783,-0.06206816,1.203031,0.09759681,0.06591649,0.9450588,0.2062337,0.1379318,1.570054,-0.5880203,0,0,0,0,-0.7071068,0,0,0,0,0,-0.7071068,0,0,0,0,0,-0.7071068,0,0,0,0,0,-0.7071068,0,0,0,0,0,-0.7071068,0
57.75488,72,9,0,0.09014124,1.574576,-0.4469903,0.03932936,-0.8737853,-0.4806518,0.4652185,0.6426131,0.2374111,-0.07575543,0.6413347,0.08676615,-0.06231721,1.202977,0.09721907,0.065432,0.9453644,0.2058775,0.1376828,1.561576,-0.5971767,0,0,0,0,-0.7071068,0,0,0,0,0,-0.7071068,0,0,0,0,0,-0.7071068,0,0,0,0,0,-0.7071068,0,0,0,0,0,-0.7071068,0
57.76607,72,9,0,0.09075696,1.571445,-0.4506705,0.04067996,-0.8757674,-0.4768424,0.4652771,0.6427101,0.2373705,-0.07574336,0.641227,0.08672155,-0.0624234,1.202984,0.09701788,0.06514769,0.9454893,0.2056503,0.1375766,1.557404,-0.6016339,0,0,0,0,-0.7071068,0,0,0,0,0,-0.7071068,0,0,0,0,0,-0.7071068,0,0,0,0,0,-0.7071068,0,0,0,0,0,-0.7071068,0
57.77753,72,9,0,0.09134705,1.568373,-0.4542676,0.04182664,-0.8775591,-0.4733816,0.4653277,0.6426519,0.2372634,-0.07573364,0.6411712,0.08664512,-0.06249379,1.203004,0.0967725,0.06486885,0.9456024,0.2053648,0.1375062,1.553123,-0.6061913,0,0,0,0,-0.7071068,0,0,0,0,0,-0.7071068,0,0,0,0,0,-0.7071068,0,0,0,0,0,-0.7071068,0,0,0,0,0,-0.7071068,0
57.79935,72,9,0,0.09265954,1.562036,-0.4613345,0.04130943,-0.8808447,-0.4673145,0.4652851,0.6426667,0.2372799,-0.07568153,0.6407291,0.08659846,-0.06255914,1.203078,0.09622387,0.06446127,0.9457559,0.2048173,0.1374409,1.544596,-0.6151658,0,0,0,0,-0.7071068,0,0,0,0,0,-0.7071068,0,0,0,0,0,-0.7071068,0,0,0,0,0,-0.7071068,0,0,0,0,0,-0.7071068,0
57.8105,72,9,0,0.09346754,1.559018,-0.464994,0.03845105,-0.8824441,-0.464617,0.4653199,0.6426674,0.2373012,-0.07576821,0.6405364,0.08647009,-0.06256091,1.203116,0.09592327,0.06436446,0.9457528,0.2046857,0.1374391,1.540245,-0.6196675,0,0,0,0,-0.7071068,0,0,0,0,0,-0.7071068,0,0,0,0,0,-0.7071068,0,0,0,0,0,-0.7071068,0,0,0,0,0,-0.7071068,0
57.82181,72,9,0,0.09429045,1.555776,-0.4684662,0.03634399,-0.8840317,-0.4618086,0.4653399,0.6426941,0.2373292,-0.07585045,0.6405101,0.0863286,-0.06258426,1.20312,0.09565704,0.06412052,0.9457203,0.2044882,0.1374157,1.535833,-0.6240943,0,0,0,0,-0.7071068,0,0,0,0,0,-0.7071068,0,0,0,0,0,-0.7071068,0,0,0,0,0,-0.7071068,0,0,0,0,0,-0.7071068,0
57.84388,72,9,0,0.09604986,1.5497,-0.4756837,0.03455812,-0.8870037,-0.4561784,0.4654547,0.6427331,0.2372368,-0.07591648,0.6405333,0.08617185,-0.06252461,1.203119,0.09489831,0.06330293,0.9457003,0.2036507,0.1374754,1.526965,-0.6330164,0,0,0,0,-0.7071068,0,0,0,0,0,-0.7071068,0,0,0,0,0,-0.7071068,0,0,0,0,0,-0.7071068,0,0,0,0,0,-0.7071068,0
57.86611,72,9,0,0.09718068,1.543933,-0.4821989,0.03488325,-0.8892682,-0.4517214,0.4655611,0.6426914,0.2372042,-0.07571018,0.6405067,0.08599021,-0.06242988,1.203089,0.09410189,0.06210499,0.9459543,0.2020749,0.1375701,1.517925,-0.6418529,0,0,0,0,-0.7071068,0,0,0,0,0,-0.7071068,0,0,0,0,0,-0.7071068,0,0,0,0,0,-0.7071068,0,0,0,0,0,-0.7071068,0
57.87741,72,9,0,0.09774144,1.541081,-0.4853378,0.03429347,-0.8903387,-0.4496972,0.4656529,0.6426268,0.2372844,-0.07547806,0.6404307,0.08588487,-0.06234837,1.203088,0.09366741,0.06158293,0.9461448,0.2011774,0.1376516,1.513296,-0.646322,0,0,0,0,-0.7071068,0,0,0,0,0,-0.7071068,0,0,0,0,0,-0.7071068,0,0,0,0,0,-0.7071068,0,0,0,0,0,-0.7071068,0
57.89924,72,9,0,0.09883614,1.53532,-0.4913606,0.03250726,-0.8924506,-0.4457075,0.465719,0.6426005,0.2372958,-0.07513625,0.6402942,0.08604909,-0.06213959,1.203079,0.09265,0.06115502,0.9464484,0.1997942,0.1378604,1.504094,-0.6551653,0,0,0,0,-0.7071068,0,0,0,0,0,-0.7071068,0,0,0,0,0,-0.7071068,0,0,0,0,0,-0.7071068,0,0,0,0,0,-0.7071068,0
57.91063,72,9,0,0.09946854,1.532533,-0.4944087,0.03276479,-0.8935647,-0.44343,0.4657963,0.6425132,0.2373166,-0.0750075,0.6403431,0.08592443,-0.06202651,1.202983,0.09209162,0.06133188,0.9466174,0.1990095,0.1379735,1.499419,-0.6595319,0,0,0,0,-0.7071068,0,0,0,0,0,-0.7071068,0,0,0,0,0,-0.7071068,0,0,0,0,0,-0.7071068,0,0,0,0,0,-0.7071068,0
57.93273,72,9,0,0.1009293,1.526344,-0.5009397,0.03365384,-0.8960104,-0.4382322,0.4658561,0.6425109,0.2372889,-0.07512631,0.6405445,0.0856979,-0.06181113,1.202781,0.0910238,0.06228287,0.9469906,0.1972292,0.1381889,1.489799,-0.6682495,0,0,0,0,-0.7071068,0,0,0,0,0,-0.7071068,0,0,0,0,0,-0.7071068,0,0,0,0,0,-0.7071068,0,0,0,0,0,-0.7071068,0
57.9441,72,9,0,0.1015861,1.523447,-0.5040285,0.03371724,-0.8971967,-0.4357192,0.4658782,0.642483,0.237202,-0.07523079,0.6407695,0.08544539,-0.06170572,1.202652,0.09044881,0.06267929,0.9471693,0.1962279,0.1382943,1.484896,-0.6726096,0,0,0,0,-0.7071068,0,0,0,0,0,-0.7071068,0,0,0,0,0,-0.7071068,0,0,0,0,0,-0.7071068,0,0,0,0,0,-0.7071068,0
57.96587,72,9,0,0.1028208,1.517219,-0.5100788,0.03341681,-0.8996644,-0.4305376,0.465959,0.6425502,0.2370455,-0.07588039,0.6412092,0.08466775,-0.06147844,1.202399,0.08934903,0.06323924,0.9477139,0.1939551,0.1385216,1.475142,-0.6810648,0,0,0,0,-0.7071068,0,0,0,0,0,-0.7071068,0,0,0,0,0,-0.7071068,0,0,0,0,0,-0.7071068,0,0,0,0,0,-0.7071068,0
57.97712,72,9,0,0.1034665,1.513951,-0.513126,0.03309117,-0.9010321,-0.4276598,0.4660453,0.6424612,0.236902,-0.07616701,0.6414824,0.08417542,-0.06135897,1.202254,0.08881219,0.06348562,0.9480217,0.1926664,0.138641,1.470195,-0.6852319,0,0,0,0,-0.7071068,0,0,0,0,0,-0.7071068,0,0,0,0,0,-0.7071068,0,0,0,0,0,-0.7071068,0,0,0,0,0,-0.7071068,0
57.9992,72,9,0,0.104721,1.507441,-0.5192482,0.03327411,-0.9038125,-0.4216681,0.4660516,0.6425271,0.2366669,-0.07696353,0.6418061,0.08380164,-0.06109343,1.201885,0.08773945,0.06407574,0.9485648,0.1901793,0.1389066,1.460055,-0.6935138,0,0,0,0,-0.7071068,0,0,0,0,0,-0.7071068,0,0,0,0,0,-0.7071068,0,0,0,0,0,-0.7071068,0,0,0,0,0,-0.7071068,0
58.02148,72,9,0,0.10595,1.500796,-0.5254522,0.03235193,-0.9067173,-0.4153556,0.465994,0.6426669,0.236497,-0.07757757,0.6419998,0.08340379,-0.06085366,1.201559,0.08665792,0.06502351,0.9489931,0.187624,0.1391463,1.449926,-0.7015952,0,0,0,0,-0.7071068,0,0,0,0,0,-0.7071068,0,0,0,0,0,-0.7071068,0,0,0,0,0,-0.7071068,0,0,0,0,0,-0.7071068,0
58.03291,72,9,0,0.106633,1.497452,-0.5285481,0.03202915,-0.9078143,-0.4128699,0.4659431,0.6426907,0.2364517,-0.07782995,0.6420563,0.08320936,-0.06065855,1.201334,0.08612946,0.06550287,0.9491738,0.1863985,0.1393414,1.444715,-0.7055975,0,0,0,0,-0.7071068,0,0,0,0,0,-0.7071068,0,0,0,0,0,-0.7071068,0,0,0,0,0,-0.7071068,0,0,0,0,0,-0.7071068,0
58.05482,72,9,0,0.107806,1.490938,-0.5344788,0.03126638,-0.9099006,-0.4081916,0.4658873,0.6427125,0.2363956,-0.07801093,0.6421001,0.08304994,-0.06032372,1.201073,0.08509202,0.06607294,0.949541,0.1835865,0.1396763,1.434363,-0.7134908,0,0,0,0,-0.7071068,0,0,0,0,0,-0.7071068,0,0,0,0,0,-0.7071068,0,0,0,0,0,-0.7071068,0,0,0,0,0,-0.7071068,0
58.07743,72,9,0,0.1088684,1.484592,-0.5403158,0.02950636,-0.9116573,-0.4043151,0.4659454,0.6427686,0.2362659,-0.07803349,0.6422971,0.08297093,-0.05992772,1.200863,0.08411925,0.06553727,0.9499248,0.1809782,0.1400723,1.42414,-0.7210422,0,0,0,0,-0.7071068,0,0,0,0,0,-0.7071068,0,0,0,0,0,-0.7071068,0,0,0,0,0,-0.7071068,0,0,0,0,0,-0.7071068,0
58.09912,72,9,0,0.1096233,1.478468,-0.5461338,0.02938898,-0.913878,-0.3992204,0.4659719,0.6427213,0.2362023,-0.07822563,0.6424642,0.08260998,-0.05942158,1.200762,0.08306637,0.06481932,0.9501366,0.179124,0.1405784,1.413852,-0.7285657,0,0,0,0,-0.7071068,0,0,0,0,0,-0.7071068,0,0,0,0,0,-0.7071068,0,0,0,0,0,-0.7071068,0,0,0,0,0,-0.7071068,0
58.11071,72,9,0,0.1098676,1.47552,-0.5490895,0.03021288,-0.9151226,-0.3963006,0.4659523,0.6426468,0.2361531,-0.07840403,0.6424287,0.08230265,-0.05913078,1.200803,0.08253153,0.0645903,0.9502265,0.1783029,0.1408692,1.408779,-0.7322654,0,0,0,0,-0.7071068,0,0,0,0,0,-0.7071068,0,0,0,0,0,-0.7071068,0,0,0,0,0,-0.7071068,0,0,0,0,0,-0.7071068,0
58.13264,72,9,0,0.1104476,1.46955,-0.5549033,0.03037867,-0.9173338,-0.3913409,0.4659814,0.6426666,0.2362135,-0.07871483,0.64235,0.08193527,-0.05853212,1.200825,0.08152896,0.06456587,0.9503806,0.1765663,0.1414679,1.398442,-0.7395154,0,0,0,0,-0.7071068,0,0,0,0,0,-0.7071068,0,0,0,0,0,-0.7071068,0,0,0,0,0,-0.7071068,0,0,0,0,0,-0.7071068,0
58.14389,72,9,0,0.1108144,1.466632,-0.5576962,0.02980061,-0.9182848,-0.3892915,0.4660082,0.6427584,0.2361415,-0.07885793,0.6422541,0.08181797,-0.05823311,1.200848,0.08105966,0.06470234,0.9505141,0.1755427,0.1417669,1.393169,-0.7430949,0,0,0,0,-0.7071068,0,0,0,0,0,-0.7071068,0,0,0,0,0,-0.7071068,0,0,0,0,0,-0.7071068,0,0,0,0,0,-0.7071068,0
58.16592,72,9,0,0.1118158,1.460875,-0.563035,0.02665149,-0.9195969,-0.3866807,0.4659818,0.6426537,0.2361759,-0.07897167,0.6419864,0.08156691,-0.05745348,1.200881,0.0800573,0.06522082,0.950626,0.1739882,0.1425465,1.38278,-0.7500553,0,0,0,0,-0.7071068,0,0,0,0,0,-0.7071068,0,0,0,0,0,-0.7071068,0,0,0,0,0,-0.7071068,0,0,0,0,0,-0.7071068,0
58.17719,72,9,0,0.1124159,1.457912,-0.5657768,0.02528463,-0.9204522,-0.3847871,0.4659444,0.6425819,0.2362039,-0.0789705,0.6418998,0.08133753,-0.0570379,1.200895,0.07957937,0.06563034,0.950656,0.1733564,0.1429621,1.377453,-0.7535047,0,0,0,0,-0.7071068,0,0,0,0,0,-0.7071068,0,0,0,0,0,-0.7071068,0,0,0,0,0,-0.7071068,0,0,0,0,0,-0.7071068,0
58.19906,72,9,0,0.114065,1.452033,-0.5710151,0.02227046,-0.922545,-0.3797818,0.4658941,0.6423748,0.2363373,-0.07875914,0.6418459,0.08099673,-0.0560858,1.200883,0.07854954,0.06606729,0.9506576,0.1719341,0.1439142,1.366803,-0.760292,0,0,0,0,-0.7071068,0,0,0,0,0,-0.7071068,0,0,0,0,0,-0.7071068,0,0,0,0,0,-0.7071068,0,0,0,0,0,-0.7071068,0
58.21051,72,9,0,0.1148327,1.449135,-0.5735072,0.02174591,-0.9235743,-0.3772233,0.465867,0.6422665,0.236428,-0.07861503,0.6418304,0.08077123,-0.05560086,1.200837,0.07804321,0.06633264,0.9506776,0.1710028,0.1443992,1.361503,-0.7635641,0,0,0,0,-0.7071068,0,0,0,0,0,-0.7071068,0,0,0,0,0,-0.7071068,0,0,0,0,0,-0.7071068,0,0,0,0,0,-0.7071068,0
58.23251,72,9,0,0.1160652,1.443537,-0.5786666,0.0217879,-0.9254398,-0.3726199,0.4658189,0.642244,0.2365461,-0.07860257,0.6416317,0.08087977,-0.05461119,1.200546,0.0770733,0.0668944,0.9508657,0.1687221,0.1453888,1.350445,-0.7700422,0,0,0,0,-0.7071068,0,0,0,0,0,-0.7071068,0,0,0,0,0,-0.7071068,0,0,0,0,0,-0.7071068,0,0,0,0,0,-0.7071068,0
58.24413,72,9,0,0.1166669,1.440786,-0.5808626,0.02183421,-0.9262452,-0.3706652,0.4657651,0.6423479,0.2366782,-0.07859064,0.6414061,0.08098894,-0.05411521,1.200374,0.07656274,0.06746506,0.9509636,0.1672675,0.1458848,1.344797,-0.773275,0,0,0,0,-0.7071068,0,0,0,0,0,-0.7071068,0,0,0,0,0,-0.7071068,0,0,0,0,0,-0.7071068,0,0,0,0,0,-0.7071068,0
58.26575,72,9,0,0.1180743,1.435303,-0.5853319,0.02118173,-0.9277369,-0.3669676,0.4655612,0.6424071,0.2370357,-0.07896899,0.6409467,0.08139816,-0.05318953,1.20008,0.07557168,0.06924924,0.9510326,0.1648707,0.1468105,1.3335,-0.7795746,0,0,0,0,-0.7071068,0,0,0,0,0,-0.7071068,0,0,0,0,0,-0.7071068,0,0,0,0,0,-0.7071068,0,0,0,0,0,-0.7071068,0
58.27722,72,9,0,0.1189884,1.432554,-0.5876276,0.02126949,-0.9285076,-0.3649158,0.4654825,0.6424137,0.2372124,-0.07902608,0.6407921,0.08133576,-0.05270537,1.199936,0.07507268,0.07002009,0.951087,0.1635739,0.1472946,1.328035,-0.7825646,0,0,0,0,-0.7071068,0,0,0,0,0,-0.7071068,0,0,0,0,0,-0.7071068,0,0,0,0,0,-0.7071068,0,0,0,0,0,-0.7071068,0
58.29911,72,9,0,0.1209386,1.426818,-0.5917266,0.02198142,-0.9301482,-0.3602754,0.4653306,0.6423814,0.2375716,-0.07902312,0.6403602,0.0816011,-0.0518331,1.199522,0.0741493,0.07118851,0.9512283,0.1606735,0.1481669,1.316643,-0.7884758,0,0,0,0,-0.7071068,0,0,0,0,0,-0.7071068,0,0,0,0,0,-0.7071068,0,0,0,0,0,-0.7071068,0,0,0,0,0,-0.7071068,0
58.31034,72,9,0,0.1218552,1.423951,-0.5937181,0.02216272,-0.931079,-0.3577375,0.4652988,0.6424217,0.2377931,-0.07905416,0.6401504,0.08189082,-0.05140701,1.199294,0.07368533,0.07146965,0.9513156,0.1592279,0.148593,1.310832,-0.791398,0,0,0,0,-0.7071068,0,0,0,0,0,-0.7071068,0,0,0,0,0,-0.7071068,0,0,0,0,0,-0.7071068,0,0,0,0,0,-0.7071068,0
58.33248,72,9,0,0.1235077,1.418331,-0.5976933,0.02255867,-0.9328968,-0.3527116,0.4652566,0.6423427,0.2380529,-0.07876411,0.639743,0.08195667,-0.05071726,1.198913,0.07277377,0.07207862,0.9514416,0.1564398,0.1492827,1.299334,-0.7970504,0,0,0,0,-0.7071068,0,0,0,0,0,-0.7071068,0,0,0,0,0,-0.7071068,0,0,0,0,0,-0.7071068,0,0,0,0,0,-0.7071068,0
58.3438,72,9,0,0.1243354,1.415507,-0.5995181,0.02239569,-0.933739,-0.3504025,0.4652661,0.6423444,0.2381411,-0.07849051,0.639678,0.08205363,-0.05038883,1.198698,0.07234794,0.07238355,0.9515328,0.1551247,0.1496112,1.293502,-0.7997951,0,0,0,0,-0.7071068,0,0,0,0,0,-0.7071068,0,0,0,0,0,-0.7071068,0,0,0,0,0,-0.7071068,0,0,0,0,0,-0.7071068,0
58.3657,72,9,0,0.1258181,1.410011,-0.6031685,0.02316497,-0.9351931,-0.3463251,0.4653085,0.6423714,0.2381675,-0.0780948,0.6398219,0.08232344,-0.04986624,1.198353,0.07160254,0.0727153,0.9517585,0.1525779,0.1501338,1.281994,-0.8049977,0,0,0,0,-0.7071068,0,0,0,0,0,-0.7071068,0,0,0,0,0,-0.7071068,0,0,0,0,0,-0.7071068,0,0,0,0,0,-0.7071068,0
58.37705,72,9,0,0.1264857,1.407316,-0.6049152,0.02363972,-0.9358205,-0.3445121,0.4653385,0.6423739,0.2381016,-0.07820854,0.6400293,0.08206101,-0.0495511,1.198222,0.07126407,0.07285383,0.9518975,0.1512976,0.1504489,1.276209,-0.8075179,0,0,0,0,-0.7071068,0,0,0,0,0,-0.7071068,0,0,0,0,0,-0.7071068,0,0,0,0,0,-0.7071068,0,0,0,0,0,-0.7071068,0
58.39907,72,9,0,0.1279798,1.401785,-0.6082626,0.0237304,-0.9366726,-0.3419762,0.4653676,0.6423675,0.2378125,-0.07830247,0.640265,0.0818404,-0.04903526,1.197969,0.07060416,0.07278351,0.9521686,0.1490998,0.1509647,1.264512,-0.8124406,0,0,0,0,-0.7071068,0,0,0,0,0,-0.7071068,0,0,0,0,0,-0.7071068,0,0,0,0,0,-0.7071068,0,0,0,0,0,-0.7071068,0
58.41032,72,9,0,0.1287922,1.398827,-0.6099759,0.02206573,-0.936945,-0.3412135,0.4652196,0.6423208,0.237687,-0.07887338,0.6405585,0.08182839,-0.04876743,1.197841,0.07028823,0.07234867,0.9523515,0.1479875,0.1512326,1.258788,-0.8147674,0,0,0,0,-0.7071068,0,0,0,0,0,-0.7071068,0,0,0,0,0,-0.7071068,0,0,0,0,0,-0.7071068,0,0,0,0,0,-0.7071068,0
58.43248,72,9,0,0.130267,1.392928,-0.6135266,0.02020919,-0.9377777,-0.3389616,0.4651118,0.6424812,0.2375785,-0.07946549,0.6406425,0.0817816,-0.04832824,1.197605,0.06976006,0.07188499,0.9527025,0.1460298,0.1516718,1.247115,-0.8192559,0,0,0,0,-0.7071068,0,0,0,0,0,-0.7071068,0,0,0,0,0,-0.7071068,0,0,0,0,0,-0.7071068,0,0,0,0,0,-0.7071068,0
58.44394,72,9,0,0.1309781,1.389876,-0.6153458,0.0195649,-0.9383748,-0.3373179,0.4651472,0.6424241,0.2375437,-0.07904661,0.6407273,0.08211055,-0.0481011,1.197474,0.06950696,0.07192138,0.9528704,0.1450936,0.1518989,1.241215,-0.8214321,0,0,0,0,-0.7071068,0,0,0,0,0,-0.7071068,0,0,0,0,0,-0.7071068,0,0,0,0,0,-0.7071068,0,0,0,0,0,-0.7071068,0
58.46593,72,9,0,0.1321376,1.383068,-0.6193882,0.01994134,-0.9401295,-0.3322337,0.4652303,0.6426023,0.2375369,-0.07916241,0.6406671,0.08198855,-0.04754872,1.197226,0.06897943,0.0726068,0.9531012,0.1433491,0.1524513,1.229484,-0.8256385,0,0,0,0,-0.7071068,0,0,0,0,0,-0.7071068,0,0,0,0,0,-0.7071068,0,0,0,0,0,-0.7071068,0,0,0,0,0,-0.7071068,0
58.47744,72,9,0,0.1326983,1.379557,-0.6214836,0.02107671,-0.9412882,-0.328698,0.4652205,0.6426156,0.2375089,-0.07928024,0.6407408,0.08181743,-0.04733444,1.19708,0.06877013,0.07304508,0.9532165,0.1423874,0.1526656,1.223458,-0.8276567,0,0,0,0,-0.7071068,0,0,0,0,0,-0.7071068,0,0,0,0,0,-0.7071068,0,0,0,0,0,-0.7071068,0,0,0,0,0,-0.7071068,0
58.49905,72,9,0,0.133509,1.372354,-0.6258398,0.01963957,-0.9437116,-0.3218232,0.465215,0.6425345,0.2372993,-0.07945243,0.6410625,0.08173615,-0.04692385,1.196883,0.06830393,0.07359889,0.9534264,0.1407671,0.1530762,1.211766,-0.8315128,0,0,0,0,-0.7071068,0,0,0,0,0,-0.7071068,0,0,0,0,0,-0.7071068,0,0,0,0,0,-0.7071068,0,0,0,0,0,-0.7071068,0
58.51017,72,9,0,0.1339688,1.368776,-0.6279126,0.01822788,-0.944722,-0.3190035,0.4652163,0.6425219,0.2372733,-0.07949746,0.6412473,0.08161882,-0.04669393,1.196787,0.06807928,0.07359602,0.9535819,0.1399522,0.1533061,1.205856,-0.8333793,0,0,0,0,-0.7071068,0,0,0,0,0,-0.7071068,0,0,0,0,0,-0.7071068,0,0,0,0,0,-0.7071068,0,0,0,0,0,-0.7071068,0
58.53239,72,9,0,0.1347683,1.361751,-0.632062,0.01701871,-0.9463412,-0.3143175,0.465232,0.6424626,0.2371982,-0.0796849,0.6414319,0.08130434,-0.04627939,1.196672,0.06766847,0.07342055,0.9539618,0.1384531,0.1537206,1.194133,-0.8369235,0,0,0,0,-0.7071068,0,0,0,0,0,-0.7071068,0,0,0,0,0,-0.7071068,0,0,0,0,0,-0.7071068,0,0,0,0,0,-0.7071068,0
58.54441,72,9,0,0.1352435,1.358209,-0.6340168,0.01709822,-0.947051,-0.3121116,0.4653092,0.6424297,0.2370966,-0.07954053,0.6414313,0.08137565,-0.04609068,1.196562,0.06743336,0.07332405,0.9541746,0.137655,0.1539093,1.188097,-0.8386846,0,0,0,0,-0.7071068,0,0,0,0,0,-0.7071068,0,0,0,0,0,-0.7071068,0,0,0,0,0,-0.7071068,0,0,0,0,0,-0.7071068,0
58.56565,72,9,0,0.1361357,1.350922,-0.6380134,0.01720041,-0.948314,-0.3081548,0.4652579,0.6424285,0.2373753,-0.07892247,0.6412949,0.082049,-0.04579834,1.196321,0.0669048,0.07340501,0.9546372,0.1358373,0.1542017,1.176128,-0.8420875,0,0,0,0,-0.7071068,0,0,0,0,0,-0.7071068,0,0,0,0,0,-0.7071068,0,0,0,0,0,-0.7071068,0,0,0,0,0,-0.7071068,0
58.5775,72,9,0,0.1366666,1.347174,-0.6400831,0.01678084,-0.9489691,-0.3060986,0.4652913,0.6424941,0.2375524,-0.07860158,0.6411984,0.08241127,-0.04568178,1.196182,0.06667374,0.07357043,0.9548361,0.1349345,0.1543182,1.170114,-0.8436863,0,0,0,0,-0.7071068,0,0,0,0,0,-0.7071068,0,0,0,0,0,-0.7071068,0,0,0,0,0,-0.7071068,0,0,0,0,0,-0.7071068,0
58.59887,72,9,0,0.1377784,1.338917,-0.6444648,0.01589966,-0.9508511,-0.3001324,0.4653271,0.642415,0.2377342,-0.07815021,0.6409804,0.08298086,-0.04540147,1.195915,0.06616065,0.07404688,0.9551986,0.1333453,0.1545985,1.158055,-0.846801,0,0,0,0,-0.7071068,0,0,0,0,0,-0.7071068,0,0,0,0,0,-0.7071068,0,0,0,0,0,-0.7071068,0,0,0,0,0,-0.7071068,0
58.61026,72,9,0,0.1382575,1.334656,-0.646668,0.0155624,-0.9519128,-0.2967506,0.465226,0.6423819,0.2377841,-0.0781266,0.6409432,0.08305801,-0.04527353,1.195802,0.0659039,0.07420836,0.9553716,0.1325784,0.1547265,1.152067,-0.8482828,0,0,0,0,-0.7071068,0,0,0,0,0,-0.7071068,0,0,0,0,0,-0.7071068,0,0,0,0,0,-0.7071068,0,0,0,0,0,-0.7071068,0
58.63226,72,9,0,0.1388913,1.325634,-0.651085,0.01651748,-0.9540986,-0.2897438,0.4652367,0.6424844,0.2377274,-0.07830483,0.6409569,0.08297551,-0.04503929,1.195594,0.06545942,0.07439591,0.9557301,0.131136,0.1549607,1.139975,-0.8510613,0,0,0,0,-0.7071068,0,0,0,0,0,-0.7071068,0,0,0,0,0,-0.7071068,0,0,0,0,0,-0.7071068,0,0,0,0,0,-0.7071068,0
58.64461,72,9,0,0.1393107,1.321172,-0.6533077,0.016927,-0.954986,-0.2867498,0.4651389,0.6424989,0.2376911,-0.07849294,0.6410263,0.08292797,-0.04491615,1.195496,0.06520966,0.07453907,0.9559327,0.1302655,0.1550839,1.133912,-0.8524106,0,0,0,0,-0.7071068,0,0,0,0,0,-0.7071068,0,0,0,0,0,-0.7071068,0,0,0,0,0,-0.7071068,0,0,0,0,0,-0.7071068,0
58.6656,72,9,0,0.1405154,1.311584,-0.6578107,0.01643465,-0.9566315,-0.2810541,0.4650421,0.6425505,0.237668,-0.07864995,0.6412547,0.08291019,-0.04467293,1.195173,0.06471401,0.07448931,0.9563132,0.12849,0.1553271,1.121678,-0.8549589,0,0,0,0,-0.7071068,0,0,0,0,0,-0.7071068,0,0,0,0,0,-0.7071068,0,0,0,0,0,-0.7071068,0,0,0,0,0,-0.7071068,0
58.67713,72,9,0,0.1412292,1.306414,-0.6600226,0.0152223,-0.9575305,-0.2779095,0.4650411,0.6426131,0.2377866,-0.07864226,0.6412182,0.08313072,-0.04457409,1.195002,0.06446607,0.07461536,0.9564617,0.1273498,0.1554259,1.115524,-0.8561664,0,0,0,0,-0.7071068,0,0,0,0,0,-0.7071068,0,0,0,0,0,-0.7071068,0,0,0,0,0,-0.7071068,0,0,0,0,0,-0.7071068,0
58.69886,72,9,0,0.1426495,1.295704,-0.6648021,0.01215565,-0.9597892,-0.2699922,0.4649082,0.6426719,0.2379722,-0.07877623,0.6410329,0.08337618,-0.04433361,1.194624,0.06393151,0.07526769,0.9567174,0.1254525,0.1556664,1.103207,-0.8584736,0,0,0,0,-0.7071068,0,0,0,0,0,-0.7071068,0,0,0,0,0,-0.7071068,0,0,0,0,0,-0.7071068,0,0,0,0,0,-0.7071068,0
58.71049,72,9,0,0.1432451,1.290217,-0.6671992,0.0115135,-0.9609197,-0.2659279,0.4649664,0.6424985,0.2379781,-0.07874373,0.6408944,0.08335664,-0.04420737,1.194495,0.06368177,0.07559212,0.9568061,0.1244602,0.1557926,1.0971,-0.8595402,0,0,0,0,-0.7071068,0,0,0,0,0,-0.7071068,0,0,0,0,0,-0.7071068,0,0,0,0,0,-0.7071068,0,0,0,0,0,-0.7071068,0
58.7322,72,9,0,0.1441491,1.279068,-0.6721323,0.01408537,-0.9629716,-0.2583856,0.4649782,0.642494,0.2380038,-0.07883663,0.640677,0.08334498,-0.04392483,1.194271,0.06315057,0.07578425,0.9571002,0.122436,0.1560752,1.084858,-0.8615713,0,0,0,0,-0.7071068,0,0,0,0,0,-0.7071068,0,0,0,0,0,-0.7071068,0,0,0,0,0,-0.7071068,0,0,0,0,0,-0.7071068,0
58.74356,72,9,0,0.1446318,1.273125,-0.6745299,0.01559594,-0.9638363,-0.2549746,0.4650082,0.6425101,0.2380632,-0.0787544,0.640717,0.08331206,-0.04378835,1.194139,0.06289162,0.07560218,0.9572697,0.1212562,0.1562116,1.078733,-0.8625075,0,0,0,0,-0.7071068,0,0,0,0,0,-0.7071068,0,0,0,0,0,-0.7071068,0,0,0,0,0,-0.7071068,0,0,0,0,0,-0.7071068,0
58.76563,72,9,0,0.1459978,1.260385,-0.6794861,0.01307438,-0.9658853,-0.2471339,0.4649126,0.6424925,0.2380122,-0.07867991,0.6409008,0.08354131,-0.04347758,1.193872,0.06232232,0.07517545,0.9575428,0.1191214,0.1565224,1.066437,-0.8642949,0,0,0,0,-0.7071068,0,0,0,0,0,-0.7071068,0,0,0,0,0,-0.7071068,0,0,0,0,0,-0.7071068,0,0,0,0,0,-0.7071068,0
58.7768,72,9,0,0.1467233,1.253848,-0.6820882,0.01090127,-0.9670181,-0.2427376,0.4648916,0.6424738,0.2380018,-0.0786716,0.6411003,0.08356661,-0.04336131,1.193734,0.06201806,0.07505161,0.9576182,0.1180777,0.1566387,1.060221,-0.8651431,0,0,0,0,-0.7071068,0,0,0,0,0,-0.7071068,0,0,0,0,0,-0.7071068,0,0,0,0,0,-0.7071068,0,0,0,0,0,-0.7071068,0
58.79888,72,9,0,0.1481933,1.239694,-0.687296,0.00785806,-0.9694244,-0.2329366,0.4649267,0.6426218,0.237819,-0.07859653,0.6412354,0.08352794,-0.04303266,1.193369,0.06128974,0.07541898,0.9577436,0.1160171,0.1569673,1.047809,-0.8668081,0,0,0,0,-0.7071068,0,0,0,0,0,-0.7071068,0,0,0,0,0,-0.7071068,0,0,0,0,0,-0.7071068,0,0,0,0,0,-0.7071068,0
58.81023,72,9,0,0.1488039,1.232297,-0.6898735,0.008111656,-0.9706057,-0.2279516,0.4649078,0.6427261,0.237803,-0.07869098,0.6411272,0.08362842,-0.04288691,1.193177,0.06092982,0.07546293,0.9578495,0.1148413,0.1571131,1.041615,-0.8675647,0,0,0,0,-0.7071068,0,0,0,0,0,-0.7071068,0,0,0,0,0,-0.7071068,0,0,0,0,0,-0.7071068,0,0,0,0,0,-0.7071068,0
58.83215,72,9,0,0.1500107,1.2171,-0.6949733,0.008405931,-0.9726733,-0.2188959,0.4649214,0.6426704,0.2378637,-0.07868885,0.6409214,0.08389369,-0.04253354,1.192847,0.06013831,0.07543525,0.9581138,0.1123659,0.1574665,1.029187,-0.8690147,0,0,0,0,-0.7071068,0,0,0,0,0,-0.7071068,0,0,0,0,0,-0.7071068,0,0,0,0,0,-0.7071068,0,0,0,0,0,-0.7071068,0
58.84377,72,9,0,0.1510877,1.209104,-0.6975332,0.00674887,-0.9737601,-0.2140013,0.4648702,0.6427132,0.2378908,-0.07877356,0.6408225,0.08411126,-0.04235517,1.19272,0.05972138,0.07532779,0.9582334,0.1111488,0.1576448,1.023074,-0.8696877,0,0,0,0,-0.7071068,0,0,0,0,0,-0.7071068,0,0,0,0,0,-0.7071068,0,0,0,0,0,-0.7071068,0,0,0,0,0,-0.7071068,0
58.86554,72,9,0,0.1530078,1.192624,-0.70255,0.003136702,-0.9761285,-0.202724,0.4648953,0.6426708,0.2378859,-0.07898606,0.6408212,0.08404572,-0.04197288,1.1925,0.05881474,0.07496132,0.9584873,0.1091648,0.1580271,1.01071,-0.8709726,0,0,0,0,-0.7071068,0,0,0,0,0,-0.7071068,0,0,0,0,0,-0.7071068,0,0,0,0,0,-0.7071068,0,0,0,0,0,-0.7071068,0
58.8769,72,9,0,0.1538997,1.18407,-0.7051058,0.001887582,-0.9773238,-0.1967217,0.4649362,0.6427515,0.2377852,-0.07906886,0.6408915,0.08387477,-0.04182332,1.192431,0.05832782,0.07483777,0.9585723,0.1082903,0.1581767,1.004617,-0.871577,0,0,0,0,-0.7071068,0,0,0,0,0,-0.7071068,0,0,0,0,0,-0.7071068,0,0,0,0,0,-0.7071068,0,0,0,0,0,-0.7071068,0
58.89899,72,9,0,0.1554766,1.166505,-0.710146,0.0003406107,-0.9798893,-0.1834116,0.465001,0.6425965,0.2376473,-0.07936536,0.6409753,0.08338812,-0.04143315,1.192197,0.05728224,0.07446913,0.9588228,0.1065565,0.1585668,0.9922312,-0.8727177,0,0,0,0,-0.7071068,0,0,0,0,0,-0.7071068,0,0,0,0,0,-0.7071068,0,0,0,0,0,-0.7071068,0,0,0,0,0,-0.7071068,0
58.92104,72,9,0,0.1572222,1.148797,-0.7148414,-0.001404531,-0.9821042,-0.1707992,0.4650543,0.6426163,0.2376128,-0.07931774,0.6411988,0.08306433,-0.04103653,1.192138,0.05617854,0.0739044,0.9590974,0.1046222,0.1589635,0.9800933,-0.8737285,0,0,0,0,-0.7071068,0,0,0,0,0,-0.7071068,0,0,0,0,0,-0.7071068,0,0,0,0,0,-0.7071068,0,0,0,0,0,-0.7071068,0
58.93238,72,9,0,0.1580008,1.140077,-0.7169824,-0.002693444,-0.9830545,-0.1651447,0.4650708,0.6426076,0.2376283,-0.079358,0.6412837,0.08290014,-0.04081831,1.192052,0.05560523,0.07359271,0.9591562,0.1036494,0.1591817,0.9740385,-0.8741867,0,0,0,0,-0.7071068,0,0,0,0,0,-0.7071068,0,0,0,0,0,-0.7071068,0,0,0,0,0,-0.7071068,0,0,0,0,0,-0.7071068,0
58.94382,72,9,0,0.1587762,1.131393,-0.7189899,-0.003862999,-0.9838881,-0.1599687,0.4651218,0.6427197,0.2375154,-0.07948043,0.6413156,0.08274225,-0.04056123,1.191939,0.05501691,0.07321701,0.9592115,0.1025505,0.1594388,0.967751,-0.8746079,0,0,0,0,-0.7071068,0,0,0,0,0,-0.7071068,0,0,0,0,0,-0.7071068,0,0,0,0,0,-0.7071068,0,0,0,0,0,-0.7071068,0
58.96552,72,9,0,0.1604641,1.11381,-0.7230175,-0.007554442,-0.9855412,-0.1486764,0.4651581,0.6427068,0.237519,-0.07978208,0.6414697,0.08225983,-0.04002775,1.19169,0.05372223,0.07284334,0.9592925,0.09985542,0.1599723,0.9554067,-0.8754334,0,0,0,0,-0.7071068,0,0,0,0,0,-0.7071068,0,0,0,0,0,-0.7071068,0,0,0,0,0,-0.7071068,0,0,0,0,0,-0.7071068,0
58.97712,72,9,0,0.1612657,1.104999,-0.7251542,-0.009232357,-0.9863454,-0.1429809,0.4651777,0.6426665,0.2375228,-0.07989502,0.6415531,0.08195218,-0.03973963,1.191518,0.05306853,0.07275589,0.9593497,0.09842139,0.1602604,0.949312,-0.8757887,0,0,0,0,-0.7071068,0,0,0,0,0,-0.7071068,0,0,0,0,0,-0.7071068,0,0,0,0,0,-0.7071068,0,0,0,0,0,-0.7071068,0
58.9988,72,9,1,0.162256,1.087737,-0.7287443,-0.01110548,-0.9878855,-0.132153,0.4650137,0.6425761,0.2374803,-0.08043811,0.6418037,0.08128384,-0.03913905,1.191082,0.05165898,0.07259768,0.9594421,0.0951523,0.160861,0.9367604,-0.8764471,0,0,0,0,-0.7071068,0,0,0,0,0,-0.7071068,0,0,0,0,0,-0.7071068,0,0,0,0,0,-0.7071068,0,0,0,0,0,-0.7071068,0
59.00997,72,9,1,0.1627076,1.079316,-0.7303038,-0.01183143,-0.9886015,-0.1267945,0.4650042,0.6425521,0.2374819,-0.0807768,0.6419022,0.0807768,-0.03884057,1.190834,0.05098598,0.07264753,0.9594724,0.09331705,0.1611594,0.9305533,-0.8766812,0,0,0,0,-0.7071068,0,0,0,0,0,-0.7071068,0,0,0,0,0,-0.7071068,0,0,0,0,0,-0.7071068,0,0,0,0,0,-0.7071068,0
59.02117,72,9,1,0.1636334,1.070998,-0.7318776,-0.0132381,-0.9892198,-0.1213493,0.4649808,0.6425723,0.237472,-0.08100569,0.6419428,0.08054893,-0.03849945,1.190575,0.05020306,0.07271829,0.9594781,0.0914492,0.1615005,0.9242375,-0.8769708,0,0,0,0,-0.7071068,0,0,0,0,0,-0.7071068,0,0,0,0,0,-0.7071068,0,0,0,0,0,-0.7071068,0,0,0,0,0,-0.7071068,0
59.0436,72,9,1,0.1650044,1.054593,-0.7345064,-0.01812179,-0.9902502,-0.1111068,0.4649816,0.6425422,0.2374245,-0.08145167,0.6420536,0.07999703,-0.03779186,1.19,0.04855309,0.07273857,0.9595431,0.08725128,0.1622081,0.9116666,-0.8775035,0,0,0,0,-0.7071068,0,0,0,0,0,-0.7071068,0,0,0,0,0,-0.7071068,0,0,0,0,0,-0.7071068,0,0,0,0,0,-0.7071068,0
59.06544,72,9,1,0.1663802,1.03894,-0.7369612,-0.02433303,-0.9909946,-0.102533,0.4649523,0.6424876,0.2374595,-0.08164437,0.6423246,0.07931542,-0.03711191,1.189199,0.0467369,0.07276594,0.9597288,0.08211007,0.1628881,0.8988798,-0.8780162,0,0,0,0,-0.7071068,0,0,0,0,0,-0.7071068,0,0,0,0,0,-0.7071068,0,0,0,0,0,-0.7071068,0,0,0,0,0,-0.7071068,0
59.07681,72,9,1,0.1670701,1.031194,-0.7382875,-0.02681111,-0.9913853,-0.09820357,0.4649245,0.6425022,0.237434,-0.08182074,0.6423956,0.07905321,-0.03677681,1.188697,0.04563769,0.07287905,0.9599068,0.07881276,0.1632232,0.8923372,-0.8783874,0,0,0,0,-0.7071068,0,0,0,0,0,-0.7071068,0,0,0,0,0,-0.7071068,0,0,0,0,0,-0.7071068,0,0,0,0,0,-0.7071068,0
59.09872,72,9,1,0.1680454,1.016347,-0.7401589,-0.02930463,-0.9921749,-0.08947143,0.4649492,0.6425899,0.2374135,-0.08191004,0.6425272,0.07877401,-0.03622136,1.187343,0.04311151,0.07320216,0.960513,0.07096601,0.1637786,0.8790094,-0.8793286,0,0,0,0,-0.7071068,0,0,0,0,0,-0.7071068,0,0,0,0,0,-0.7071068,0,0,0,0,0,-0.7071068,0,0,0,0,0,-0.7071068,0
59.11068,72,9,1,0.168562,1.009129,-0.7408016,-0.02954087,-0.9925321,-0.08510312,0.4648942,0.6426185,0.2374675,-0.08202775,0.6425193,0.07878886,-0.03601576,1.186428,0.04167863,0.07297266,0.9609568,0.06651391,0.1639842,0.8721153,-0.8798994,0,0,0,0,-0.7071068,0,0,0,0,0,-0.7071068,0,0,0,0,0,-0.7071068,0,0,0,0,0,-0.7071068,0,0,0,0,0,-0.7071068,0
59.1321,72,9,1,0.1697825,0.994537,-0.7419363,-0.03144103,-0.993023,-0.07672994,0.4649065,0.6426047,0.2375834,-0.08205568,0.6423536,0.07898688,-0.03576052,1.18438,0.03842857,0.07321084,0.962351,0.05380463,0.1642395,0.8581439,-0.8812885,0,0,0,0,-0.7071068,0,0,0,0,0,-0.7071068,0,0,0,0,0,-0.7071068,0,0,0,0,0,-0.7071068,0,0,0,0,0,-0.7071068,0
59.14394,72,9,1,0.1704188,0.9873593,-0.7421926,-0.03374019,-0.993134,-0.07304002,0.4648809,0.6427227,0.2376471,-0.08194897,0.6421665,0.07924682,-0.03568459,1.183271,0.0366531,-0.0730691,-0.9631504,-0.04738281,0.1643154,0.8510187,-0.8820532,0,0,0,0,-0.7071068,0,0,0,0,0,-0.7071068,0,0,0,0,0,-0.7071068,0,0,0,0,0,-0.7071068,0,0,0,0,0,-0.7071068,0
59.16541,72,9,1,0.1717096,0.973212,-0.7428287,-0.03873375,-0.993297,-0.06522329,0.4647146,0.6427889,0.2377412,-0.08200312,0.6418241,0.0798263,-0.03557735,1.181177,0.03281563,-0.07259569,-0.9648248,-0.03493205,0.1644227,0.8369954,-0.8837426,0,0,0,0,-0.7071068,0,0,0,0,0,-0.7071068,0,0,0,0,0,-0.7071068,0,0,0,0,0,-0.7071068,0,0,0,0,0,-0.7071068,0
59.18756,72,9,1,0.1722623,0.9595401,-0.7430063,-0.04029074,-0.9937053,-0.05763934,0.4645288,0.6428689,0.2378798,-0.08198526,0.6414869,0.08065923,-0.03536544,1.179203,0.02862787,-0.07227188,-0.9662186,-0.02342716,0.1646346,0.8232063,-0.8856137,0,0,0,0,-0.7071068,0,0,0,0,0,-0.7071068,0,0,0,0,0,-0.7071068,0,0,0,0,0,-0.7071068,0,0,0,0,0,-0.7071068,0
59.19872,72,9,1,0.1727219,0.9529147,-0.743183,-0.04105179,-0.9938807,-0.05396127,0.464387,0.6428808,0.2379421,-0.08194032,0.6413277,0.08089024,-0.03523975,1.178203,0.02655802,-0.07175343,-0.9667832,-0.01810365,0.1647603,0.8163143,-0.8864572,0,0,0,0,-0.7071068,0,0,0,0,0,-0.7071068,0,0,0,0,0,-0.7071068,0,0,0,0,0,-0.7071068,0,0,0,0,0,-0.7071068,0
59.21019,72,9,1,0.1730014,0.9463711,-0.7432161,-0.04199513,-0.9940056,-0.05064836,0.4643153,0.6428801,0.2380242,-0.08194267,0.6411302,0.08101302,-0.03505737,1.177242,0.02445084,-0.07103555,-0.9672958,-0.01251152,0.1649426,0.8094162,-0.8872805,0,0,0,0,-0.7071068,0,0,0,0,0,-0.7071068,0,0,0,0,0,-0.7071068,0,0,0,0,0,-0.7071068,0,0,0,0,0,-0.7071068,0
59.23209,72,9,1,0.1737965,0.9331934,-0.7430907,-0.04692156,-0.9940183,-0.04327576,0.464155,0.6428621,0.2381942,-0.08213712,0.6408054,0.08114542,-0.03475351,1.175311,0.0202299,-0.06919473,-0.9681501,-0.001903702,0.1652465,0.7956647,-0.8888004,0,0,0,0,-0.7071068,0,0,0,0,0,-0.7071068,0,0,0,0,0,-0.7071068,0,0,0,0,0,-0.7071068,0,0,0,0,0,-0.7071068,0
59.24336,72,9,1,0.1744283,0.9270078,-0.7431701,-0.05019232,-0.9939785,-0.03924267,0.4642109,0.6430081,0.2382216,-0.08235656,0.6406851,0.08112372,-0.0345986,1.174424,0.01817032,-0.06868742,-0.9685105,0.003560603,0.1654014,0.7889118,-0.8894479,0,0,0,0,-0.7071068,0,0,0,0,0,-0.7071068,0,0,0,0,0,-0.7071068,0,0,0,0,0,-0.7071068,0,0,0,0,0,-0.7071068,0
59.25482,72,9,1,0.1748207,0.9207615,-0.7430695,-0.05185365,-0.9940136,-0.03540538,0.4641471,0.6430365,0.2382282,-0.08253182,0.6405988,0.08104677,-0.03441877,1.173527,0.0161333,-0.06800555,-0.9688504,0.008613799,0.1655812,0.7820594,-0.8900016,0,0,0,0,-0.7071068,0,0,0,0,0,-0.7071068,0,0,0,0,0,-0.7071068,0,0,0,0,0,-0.7071068,0,0,0,0,0,-0.7071068,0
59.27725,72,9,1,0.1754258,0.9087063,-0.7430256,-0.05146926,-0.9942487,-0.02809446,0.4641973,0.6431693,0.2382625,-0.08310086,0.6406742,0.0813319,-0.03407019,1.171667,0.01216945,-0.06654091,-0.969339,0.01863204,0.1659298,0.7686594,-0.8909494,0,0,0,0,-0.7071068,0,0,0,0,0,-0.7071068,0,0,0,0,0,-0.7071068,0,0,0,0,0,-0.7071068,0,0,0,0,0,-0.7071068,0
59.29885,73,9,1,0.176145,0.8970201,-0.742857,-0.05412383,-0.9941554,-0.02132007,0.4643728,0.6430047,0.2381805,-0.08338217,0.6410393,0.08000366,-0.03371947,1.169695,0.008119699,-0.06512021,-0.9697146,0.02869634,0.1662805,0.7549137,-0.8917261,0,0,0,0,-0.7071068,0,0,0,0,0,-0.7071068,0,0,0,0,0,-0.7071068,0,0,0,0,0,-0.7071068,0,0,0,0,0,-0.7071068,0
59.31017,73,9,1,0.1765241,0.8913636,-0.7427755,-0.05650726,-0.9939992,-0.01852926,0.4644732,0.6428777,0.2381419,-0.08336478,0.6412754,0.07931984,-0.03356457,1.168722,0.006127723,-0.064345,-0.9698361,0.03362029,0.1664354,0.7481312,-0.8920298,0,0,0,0,-0.7071068,0,0,0,0,0,-0.7071068,0,0,0,0,0,-0.7071068,0,0,0,0,0,-0.7071068,0,0,0,0,0,-0.7071068,0
59.33201,73,9,1,0.1768351,0.8806503,-0.7427741,-0.05695301,-0.9939876,-0.01339255,0.4647787,0.6427522,0.2376549,-0.08304804,0.6420962,0.07839974,-0.03330263,1.166793,0.002358764,-0.06291386,-0.9700258,0.04330431,0.1666974,0.734583,-0.8922743,0,0,0,0,-0.7071068,0,0,0,0,0,-0.7071068,0,0,0,0,0,-0.7071068,0,0,0,0,0,-0.7071068,0,0,0,0,0,-0.7071068,0
59.34344,73,9,1,0.1768728,0.8753239,-0.7427321,-0.05656064,-0.9940456,-0.01143802,0.4647801,0.6427063,0.2375992,-0.08304321,0.6423784,0.07811181,-0.03317944,1.165767,0.0005220249,-0.06216243,-0.9701486,0.04816738,0.1668206,0.7279232,-0.8923309,0,0,0,0,-0.7071068,0,0,0,0,0,-0.7071068,0,0,0,0,0,-0.7071068,0,0,0,0,0,-0.7071068,0,0,0,0,0,-0.7071068,0
59.36541,73,9,1,0.1770676,0.8642678,-0.7424236,-0.05697967,-0.9941175,-0.007456116,0.4648962,0.6427228,0.2373576,-0.08349703,0.643105,0.0772559,-0.03300742,1.163701,-0.00319491,-0.06057089,-0.9703703,0.05812012,0.1669926,0.7143533,-0.8922658,0,0,0,0,-0.7071068,0,0,0,0,0,-0.7071068,0,0,0,0,0,-0.7071068,0,0,0,0,0,-0.7071068,0,0,0,0,0,-0.7071068,0
59.3768,73,9,0,0.1770379,0.8585904,-0.7420855,-0.05784571,-0.9941105,-0.004966436,0.4648582,0.6426649,0.2372244,-0.08376818,0.6433952,0.0768413,-0.03296455,1.162676,-0.005037364,-0.05956386,-0.9705255,0.06323695,0.1670354,0.7075874,-0.8921464,0,0,0,0,-0.7071068,0,0,0,0,0,-0.7071068,0,0,0,0,0,-0.7071068,0,0,0,0,0,-0.7071068,0,0,0,0,0,-0.7071068,0
59.39872,73,9,0,0.1771916,0.846435,-0.7411745,-0.0619243,-0.9937954,0.002187375,0.4647858,0.642635,0.2370586,-0.08462592,0.6437996,0.07604099,-0.03279318,1.160619,-0.008742442,-0.05734535,-0.9709222,0.07333203,0.1672068,0.6941549,-0.8918161,0,0,0,0,-0.7071068,0,0,0,0,0,-0.7071068,0,0,0,0,0,-0.7071068,0,0,0,0,0,-0.7071068,0,0,0,0,0,-0.7071068,0
59.41008,73,9,0,0.1773351,0.8400264,-0.7408357,-0.06363942,-0.9935989,0.006651146,0.4646569,0.6426797,0.2369994,-0.08528344,0.6438869,0.07570423,-0.03277824,1.159685,-0.01067621,-0.05607299,-0.9711487,0.07817207,0.1672218,0.6875349,-0.8916581,0,0,0,0,-0.7071068,0,0,0,0,0,-0.7071068,0,0,0,0,0,-0.7071068,0,0,0,0,0,-0.7071068,0,0,0,0,0,-0.7071068,0
59.43192,73,9,0,0.1773865,0.8273739,-0.7400208,-0.06437164,-0.9933361,0.01534037,0.4645918,0.6428605,0.2368623,-0.08641148,0.6438601,0.07525156,-0.03255563,1.157763,-0.01461259,-0.05383016,-0.9716606,0.08738902,0.1674444,0.6743233,-0.8912914,0,0,0,0,-0.7071068,0,0,0,0,0,-0.7071068,0,0,0,0,0,-0.7071068,0,0,0,0,0,-0.7071068,0,0,0,0,0,-0.7071068,0
59.44419,73,9,0,0.1773915,0.8211492,-0.7395316,-0.06519157,-0.993183,0.01885161,0.4644022,0.6428707,0.23688,-0.08696668,0.6439247,0.07512397,-0.03239491,1.156824,-0.01662952,-0.05235003,-0.9719823,0.09199928,0.1676051,0.6678114,-0.8911099,0,0,0,0,-0.7071068,0,0,0,0,0,-0.7071068,0,0,0,0,0,-0.7071068,0,0,0,0,0,-0.7071068,0,0,0,0,0,-0.7071068,0
59.46529,73,9,0,0.1771618,0.8090098,-0.738546,-0.06851636,-0.9928666,0.02434748,0.4642389,0.6431062,0.2369278,-0.08754252,0.6437027,0.07538931,-0.03181639,1.154986,-0.02064016,-0.04837188,-0.9728408,0.1010417,0.1681836,0.6547669,-0.8905489,0,0,0,0,-0.7071068,0,0,0,0,0,-0.7071068,0,0,0,0,0,-0.7071068,0,0,0,0,0,-0.7071068,0,0,0,0,0,-0.7071068,0
59.47679,73,9,0,0.1771808,0.802971,-0.7379261,-0.07043111,-0.9926502,0.02714569,0.463995,0.6430825,0.2369495,-0.08796139,0.6436725,0.07528017,-0.03144141,1.154036,-0.02269653,-0.04627816,-0.9731834,0.1055645,0.1685586,0.6482353,-0.8902519,0,0,0,0,-0.7071068,0,0,0,0,0,-0.7071068,0,0,0,0,0,-0.7071068,0,0,0,0,0,-0.7071068,0,0,0,0,0,-0.7071068,0
59.49867,73,9,0,0.177297,0.7911532,-0.7367087,-0.07548974,-0.9920561,0.0313872,0.4637536,0.6430712,0.2371839,-0.08807346,0.6433395,0.07495445,-0.03039266,1.152066,-0.02672439,-0.04084426,-0.9739364,0.1141657,0.1696073,0.635093,-0.8894149,0,0,0,0,-0.7071068,0,0,0,0,0,-0.7071068,0,0,0,0,0,-0.7071068,0,0,0,0,0,-0.7071068,0,0,0,0,0,-0.7071068,0
59.51009,73,9,0,0.1773921,0.7851204,-0.7360681,-0.07802332,-0.991698,0.03389461,0.4636143,0.6430122,0.2373242,-0.08804543,0.6431977,0.07483362,-0.02970712,1.151082,-0.02879374,-0.03786146,-0.9742467,0.1182702,0.1702929,0.6286503,-0.8890317,0,0,0,0,-0.7071068,0,0,0,0,0,-0.7071068,0,0,0,0,0,-0.7071068,0,0,0,0,0,-0.7071068,0,0,0,0,0,-0.7071068,0
59.53203,73,9,0,0.1777068,0.7730054,-0.7346755,-0.08347569,-0.9908651,0.0399065,0.4633656,0.642854,0.2374115,-0.0877685,0.6429201,0.07506379,-0.02808076,1.149245,-0.03269519,-0.03257926,-0.9746807,0.1262164,0.1719192,0.6158687,-0.8878618,0,0,0,0,-0.7071068,0,0,0,0,0,-0.7071068,0,0,0,0,0,-0.7071068,0,0,0,0,0,-0.7071068,0,0,0,0,0,-0.7071068,0
59.54333,73,9,0,0.1777443,0.766999,-0.7339907,-0.08550261,-0.9905182,0.04322696,0.4632606,0.6428146,0.2377015,-0.08771857,0.6425338,0.0752674,-0.02709293,1.148263,-0.03454034,-0.03075109,-0.9747947,0.1300761,0.1729071,0.6093891,-0.8870817,0,0,0,0,-0.7071068,0,0,0,0,0,-0.7071068,0,0,0,0,0,-0.7071068,0,0,0,0,0,-0.7071068,0,0,0,0,0,-0.7071068,0
59.56533,73,9,0,0.1778596,0.7553427,-0.7326871,-0.088363,-0.9899001,0.0496463,0.4631335,0.6428199,0.2381917,-0.08762523,0.6417046,0.07569227,-0.02514395,1.146266,-0.03824595,-0.02778076,-0.9747922,0.1380099,0.1748561,0.5965452,-0.8854513,0,0,0,0,-0.7071068,0,0,0,0,0,-0.7071068,0,0,0,0,0,-0.7071068,0,0,0,0,0,-0.7071068,0,0,0,0,0,-0.7071068,0
59.57698,73,9,0,0.1779502,0.7497127,-0.7320109,-0.08846394,-0.9897601,0.05306775,0.4630407,0.6426493,0.2386446,-0.08775696,0.6411791,0.07556948,-0.02397377,1.145484,-0.04013577,-0.02672668,-0.9746385,0.1420542,0.1760262,0.5903795,-0.8846145,0,0,0,0,-0.7071068,0,0,0,0,0,-0.7071068,0,0,0,0,0,-0.7071068,0,0,0,0,0,-0.7071068,0,0,0,0,0,-0.7071068,0
59.59859,73,9,0,0.177641,0.738412,-0.730712,-0.08799905,-0.989544,0.0599173,0.4630474,0.6426579,0.2390558,-0.08826115,0.6403884,0.07535744,-0.02172464,1.143648,-0.04337296,-0.02431516,-0.9742846,0.1499557,0.1782754,0.5778639,-0.8822867,0,0,0,0,-0.7071068,0,0,0,0,0,-0.7071068,0,0,0,0,0,-0.7071068,0,0,0,0,0,-0.7071068,0,0,0,0,0,-0.7071068,0
59.60986,73,9,0,0.1775535,0.7329355,-0.7301782,-0.08663922,-0.98952,0.06334745,0.4631137,0.6425672,0.2392614,-0.08839188,0.6401845,0.07499414,-0.02060107,1.142745,-0.04490381,-0.02315968,-0.9740788,0.153813,0.1793989,0.5716172,-0.8809537,0,0,0,0,-0.7071068,0,0,0,0,0,-0.7071068,0,0,0,0,0,-0.7071068,0,0,0,0,0,-0.7071068,0,0,0,0,0,-0.7071068,0
59.62099,73,9,1,0.1775448,0.7274318,-0.7295025,-0.08637269,-0.9893465,0.06677745,0.4632904,0.6423293,0.2393326,-0.08825001,0.6401558,0.07480231,-0.01943566,1.141817,-0.04634477,-0.02204336,-0.9738137,0.1577682,0.1805643,0.5653077,-0.8794555,0,0,0,0,-0.7071068,0,0,0,0,0,-0.7071068,0,0,0,0,0,-0.7071068,0,0,0,0,0,-0.7071068,0,0,0,0,0,-0.7071068,0
59.64326,73,9,1,0.1776514,0.7165385,-0.727963,-0.08886874,-0.9887013,0.07258573,0.4636965,0.6419646,0.2393411,-0.0873648,0.6406922,0.07368747,-0.01716515,1.139874,-0.04919657,-0.02075209,-0.9731491,0.1655543,0.1828348,0.5529158,-0.8764432,0,0,0,0,-0.7071068,0,0,0,0,0,-0.7071068,0,0,0,0,0,-0.7071068,0,0,0,0,0,-0.7071068,0,0,0,0,0,-0.7071068,0
59.66552,73,9,1,0.1778612,0.7059463,-0.726311,-0.09117753,-0.9880391,0.07735822,0.4641667,0.6415601,0.2393712,-0.08583444,0.6413195,0.07273363,-0.01477815,1.137915,-0.05178889,-0.02037185,-0.972428,0.17246,0.1852219,0.5404537,-0.8729256,0,0,0,0,-0.7071068,0,0,0,0,0,-0.7071068,0,0,0,0,0,-0.7071068,0,0,0,0,0,-0.7071068,0,0,0,0,0,-0.7071068,0
59.67663,73,9,1,0.1778794,0.700754,-0.7253979,-0.09161423,-0.9877835,0.07961775,0.4643883,0.6414263,0.2393164,-0.08498698,0.6416596,0.07227524,-0.01357509,1.137021,-0.05303338,-0.02034446,-0.9719532,0.1761047,0.1864249,0.5342693,-0.8710086,0,0,0,0,-0.7071068,0,0,0,0,0,-0.7071068,0,0,0,0,0,-0.7071068,0,0,0,0,0,-0.7071068,0,0,0,0,0,-0.7071068,0
59.69852,73,9,1,0.1779047,0.6903318,-0.7235709,-0.09307756,-0.9871539,0.08491892,0.4644212,0.6410217,0.2390569,-0.08394886,0.6428092,0.07159259,-0.01117122,1.135169,-0.05535118,-0.02059268,-0.9710603,0.1827447,0.1888288,0.5222829,-0.8671105,0,0,0,0,-0.7071068,0,0,0,0,0,-0.7071068,0,0,0,0,0,-0.7071068,0,0,0,0,0,-0.7071068,0,0,0,0,0,-0.7071068,0
59.70997,73,9,1,0.1779028,0.6851192,-0.7225788,-0.09457129,-0.9867509,0.08770925,0.4644509,0.6408564,0.2389211,-0.08359914,0.6433081,0.07122117,-0.01005156,1.134236,-0.05649411,-0.02061218,-0.9705901,0.1860459,0.1899484,0.5162125,-0.8650203,0,0,0,0,-0.7071068,0,0,0,0,0,-0.7071068,0,0,0,0,0,-0.7071068,0,0,0,0,0,-0.7071068,0,0,0,0,0,-0.7071068,0
59.73178,73,9,1,0.1779727,0.6748867,-0.7204264,-0.09821657,-0.9858942,0.09247927,0.4644276,0.6408337,0.2384791,-0.08427814,0.6443162,0.07032363,-0.007682211,1.132497,-0.05850826,-0.02092417,-0.9696475,0.1921232,0.1923178,0.5042695,-0.860445,0,0,0,0,-0.7071068,0,0,0,0,0,-0.7071068,0,0,0,0,0,-0.7071068,0,0,0,0,0,-0.7071068,0,0,0,0,0,-0.7071068,0
59.74364,73,9,1,0.1780844,0.669875,-0.7191384,-0.09937046,-0.9854751,0.09465058,0.4643464,0.640772,0.2383166,-0.08504143,0.6448024,0.06957941,-0.006495093,1.131672,-0.05944112,-0.02137459,-0.9691039,0.1951461,0.1935049,0.4984747,-0.8580862,0,0,0,0,-0.7071068,0,0,0,0,0,-0.7071068,0,0,0,0,0,-0.7071068,0,0,0,0,0,-0.7071068,0,0,0,0,0,-0.7071068,0
59.76531,73,9,1,0.1782796,0.6597824,-0.7165349,-0.101044,-0.9845975,0.09967373,0.4640591,0.6408243,0.2380228,-0.08688249,0.6453925,0.06847941,-0.004158977,1.12994,-0.06118845,-0.02276708,-0.9679734,0.200951,0.195841,0.4866697,-0.8529915,0,0,0,0,-0.7071068,0,0,0,0,0,-0.7071068,0,0,0,0,0,-0.7071068,0,0,0,0,0,-0.7071068,0,0,0,0,0,-0.7071068,0
59.77662,73,9,1,0.1785206,0.6546957,-0.7151576,-0.1019443,-0.9840672,0.1026869,0.4638655,0.6410851,0.2378965,-0.08797404,0.6455871,0.06825222,-0.002991062,1.129047,-0.06192269,-0.02354149,-0.9673733,0.2037507,0.1970089,0.4807942,-0.8502563,0,0,0,0,-0.7071068,0,0,0,0,0,-0.7071068,0,0,0,0,0,-0.7071068,0,0,0,0,0,-0.7071068,0,0,0,0,0,-0.7071068,0
59.79854,74,9,1,0.1787284,0.6446643,-0.7124735,-0.1029018,-0.9831332,0.1088182,0.4635129,0.6414094,0.2377714,-0.08974031,0.6456841,0.06782945,-0.0006898344,1.127371,-0.06332126,-0.02528778,-0.9660444,0.2094145,0.1993102,0.4692799,-0.8446313,0,0,0,0,-0.7071068,0,0,0,0,0,-0.7071068,0,0,0,0,0,-0.7071068,0,0,0,0,0,-0.7071068,0,0,0,0,0,-0.7071068,0
59.80983,74,9,1,0.1786698,0.6397341,-0.7110918,-0.1023077,-0.9827932,0.1120152,0.4633766,0.6415435,0.2378773,-0.09042741,0.6455169,0.06798837,0.0004446759,1.126575,-0.06398035,-0.02623216,-0.9653985,0.2119741,0.2004447,0.4636443,-0.8417501,0,0,0,0,-0.7071068,0,0,0,0,0,-0.7071068,0,0,0,0,0,-0.7071068,0,0,0,0,0,-0.7071068,0,0,0,0,0,-0.7071068,0
59.8216,74,9,1,0.1784458,0.634959,-0.7097102,-0.1019481,-0.9824463,0.1151577,0.4633482,0.641611,0.2379527,-0.09069172,0.6454964,0.06794795,0.001563948,1.125834,-0.06459566,-0.02700658,-0.9647868,0.214387,0.201564,0.4579685,-0.8386968,0,0,0,0,-0.7071068,0,0,0,0,0,-0.7071068,0,0,0,0,0,-0.7071068,0,0,0,0,0,-0.7071068,0,0,0,0,0,-0.7071068,0
59.84335,74,9,1,0.1781538,0.6254594,-0.7068077,-0.1029813,-0.981527,0.1209123,0.4633221,0.6414639,0.2383228,-0.09032252,0.6450166,0.06793335,0.003787145,1.124535,-0.06590568,-0.02827191,-0.9635468,0.2191756,0.2037871,0.4470287,-0.8326616,0,0,0,0,-0.7071068,0,0,0,0,0,-0.7071068,0,0,0,0,0,-0.7071068,0,0,0,0,0,-0.7071068,0,0,0,0,0,-0.7071068,0
59.86524,74,9,1,0.1777762,0.6162174,-0.7039221,-0.1061759,-0.9803298,0.1261552,0.4633751,0.6411864,0.2386433,-0.08943558,0.6447433,0.06778331,0.005965807,1.123233,-0.0669964,-0.02946983,-0.9623375,0.2234482,0.2059658,0.4363115,-0.8263461,0,0,0,0,-0.7071068,0,0,0,0,0,-0.7071068,0,0,0,0,0,-0.7071068,0,0,0,0,0,-0.7071068,0,0,0,0,0,-0.7071068,0
59.87652,74,9,1,0.1776416,0.6116191,-0.7023943,-0.1084808,-0.9796711,0.1285565,0.4632775,0.6409742,0.2387621,-0.08922212,0.6446542,0.06762499,0.007043377,1.122553,-0.06749067,-0.02997996,-0.9617265,0.2254716,0.2070434,0.430916,-0.8230423,0,0,0,0,-0.7071068,0,0,0,0,0,-0.7071068,0,0,0,0,0,-0.7071068,0,0,0,0,0,-0.7071068,0,0,0,0,0,-0.7071068,0
59.89842,74,9,1,0.1769822,0.6029189,-0.6994777,-0.1108196,-0.9786412,0.1334481,0.463334,0.6408525,0.2389568,-0.08835398,0.6445222,0.06779682,0.009214592,1.121191,-0.06847971,-0.03120103,-0.9604254,0.2296612,0.2092146,0.4202797,-0.8163824,0,0,0,0,-0.7071068,0,0,0,0,0,-0.7071068,0,0,0,0,0,-0.7071068,0,0,0,0,0,-0.7071068,0,0,0,0,0,-0.7071068,0
59.91004,74,9,1,0.1765575,0.5986755,-0.6980656,-0.1099885,-0.9783254,0.1364341,0.4633209,0.6408298,0.2391219,-0.08821757,0.6442387,0.06792377,0.01024267,1.120542,-0.06895381,-0.03195973,-0.9597214,0.2319019,0.2102427,0.4150147,-0.8129593,0,0,0,0,-0.7071068,0,0,0,0,0,-0.7071068,0,0,0,0,0,-0.7071068,0,0,0,0,0,-0.7071068,0,0,0,0,0,-0.7071068,0
59.93177,74,9,1,0.1760261,0.5901829,-0.6950782,-0.1093654,-0.9774103,0.1424714,0.4633018,0.6408261,0.2392854,-0.08830791,0.6438711,0.06767189,0.01233132,1.119182,-0.06975061,-0.03368241,-0.9582785,0.2363292,0.2123313,0.4044705,-0.8058151,0,0,0,0,-0.7071068,0,0,0,0,0,-0.7071068,0,0,0,0,0,-0.7071068,0,0,0,0,0,-0.7071068,0,0,0,0,0,-0.7071068,0
59.94321,74,9,1,0.1758616,0.585938,-0.693322,-0.1091094,-0.97675,0.1459718,0.4632774,0.6408329,0.2393895,-0.08827335,0.6436736,0.06777789,0.01340271,1.118494,-0.07016682,-0.03471182,-0.9575419,0.2385618,0.2134027,0.3992833,-0.8022495,0,0,0,0,-0.7071068,0,0,0,0,0,-0.7071068,0,0,0,0,0,-0.7071068,0,0,0,0,0,-0.7071068,0,0,0,0,0,-0.7071068,0
59.9651,74,9,1,0.1758574,0.5771031,-0.6896237,-0.1111342,-0.9748509,0.1535473,0.4631801,0.6408788,0.2395216,-0.08844469,0.6432052,0.06753892,0.01539011,1.117141,-0.07099099,-0.03676675,-0.9560727,0.2429065,0.2153901,0.3889833,-0.7949678,0,0,0,0,-0.7071068,0,0,0,0,0,-0.7071068,0,0,0,0,0,-0.7071068,0,0,0,0,0,-0.7071068,0,0,0,0,0,-0.7071068,0
59.97646,74,9,1,0.1758951,0.5726039,-0.6877504,-0.1119264,-0.9737645,0.157977,0.4633169,0.6410137,0.2394123,-0.08843964,0.6430565,0.06742652,0.01633689,1.116423,-0.07137305,-0.03769553,-0.9553962,0.2448914,0.2163369,0.3838133,-0.7912214,0,0,0,0,-0.7071068,0,0,0,0,0,-0.7071068,0,0,0,0,0,-0.7071068,0,0,0,0,0,-0.7071068,0,0,0,0,0,-0.7071068,0
59.99847,74,9,1,0.1764494,0.5630924,-0.6832464,-0.1120528,-0.9708819,0.1700924,0.4632416,0.6410072,0.2395425,-0.08842321,0.6429005,0.06736051,0.01826124,1.115112,-0.07216825,-0.03931846,-0.9540101,0.2491558,0.2182612,0.373729,-0.7836883,0,0,0,0,-0.7071068,0,0,0,0,0,-0.7071068,0,0,0,0,0,-0.7071068,0,0,0,0,0,-0.7071068,0,0,0,0,0,-0.7071068,0
60.00988,74,9,1,0.1767746,0.5582768,-0.6808611,-0.1123731,-0.9692087,0.176746,0.463194,0.6409597,0.2395258,-0.08841693,0.6428515,0.06749406,0.01923244,1.11444,-0.07260031,-0.04015091,-0.9533183,0.2512533,0.2192324,0.3687071,-0.7798936,0,0,0,0,-0.7071068,0,0,0,0,0,-0.7071068,0,0,0,0,0,-0.7071068,0,0,0,0,0,-0.7071068,0,0,0,0,0,-0.7071068,0
60.03185,74,9,0,0.1773632,0.5490526,-0.6768027,-0.1133523,-0.9661359,0.1878944,0.4632584,0.6409451,0.2394792,-0.08819031,0.6427757,0.06756223,0.02107119,1.113071,-0.07318988,-0.04215401,-0.9519457,0.2551372,0.2210712,0.3587372,-0.7719287,0,0,0,0,-0.7071068,0,0,0,0,0,-0.7071068,0,0,0,0,0,-0.7071068,0,0,0,0,0,-0.7071068,0,0,0,0,0,-0.7071068,0
60.04361,74,9,0,0.1774052,0.5451288,-0.6747721,-0.1129244,-0.9652089,0.191757,0.4632459,0.6409355,0.2395,-0.08810823,0.642713,0.0675692,0.02202293,1.112471,-0.07362377,-0.04295786,-0.9512776,0.2570567,0.2220229,0.3539082,-0.7680574,0,0,0,0,-0.7071068,0,0,0,0,0,-0.7071068,0,0,0,0,0,-0.7071068,0,0,0,0,0,-0.7071068,0,0,0,0,0,-0.7071068,0
60.06505,74,9,0,0.1771165,0.5378197,-0.6712022,-0.113258,-0.9639574,0.1969695,0.463225,0.6408843,0.239506,-0.0882545,0.6427146,0.06748962,0.02379964,1.111326,-0.07430686,-0.04444695,-0.9500446,0.2606069,0.2237996,0.3442683,-0.7598861,0,0,0,0,-0.7071068,0,0,0,0,0,-0.7071068,0,0,0,0,0,-0.7071068,0,0,0,0,0,-0.7071068,0,0,0,0,0,-0.7071068,0
60.07662,74,9,0,0.1769172,0.5346115,-0.6697918,-0.1143328,-0.9636227,0.1982871,0.4632335,0.6409068,0.2394858,-0.08843616,0.64283,0.06748696,0.02467775,1.110802,-0.07461087,-0.04515398,-0.94949,0.2621424,0.2246778,0.3397779,-0.7559599,0,0,0,0,-0.7071068,0,0,0,0,0,-0.7071068,0,0,0,0,0,-0.7071068,0,0,0,0,0,-0.7071068,0,0,0,0,0,-0.7071068,0
60.09845,74,9,0,0.1762152,0.5282303,-0.6670497,-0.1142817,-0.9632034,0.2016065,0.4632942,0.6408575,0.2392162,-0.0890514,0.643061,0.06710589,0.02639655,1.109747,-0.07527438,-0.0467095,-0.948368,0.2649173,0.2263965,0.3305242,-0.7476737,0,0,0,0,-0.7071068,0,0,0,0,0,-0.7071068,0,0,0,0,0,-0.7071068,0,0,0,0,0,-0.7071068,0,0,0,0,0,-0.7071068,0
60.10973,74,9,0,0.1759887,0.525108,-0.6653441,-0.1146883,-0.962739,0.2037685,0.4633267,0.6408212,0.2391169,-0.08925051,0.6432306,0.06685867,0.02733082,1.109315,-0.0756364,-0.04751954,-0.9477811,0.2663427,0.2273308,0.3260641,-0.7435342,0,0,0,0,-0.7071068,0,0,0,0,0,-0.7071068,0,0,0,0,0,-0.7071068,0,0,0,0,0,-0.7071068,0,0,0,0,0,-0.7071068,0
60.13214,74,9,0,0.1758308,0.5188438,-0.6625598,-0.1159185,-0.961558,0.2087317,0.4634002,0.6407487,0.2390088,-0.08947559,0.6435118,0.06649847,0.02901538,1.108431,-0.07631888,-0.04893248,-0.9466329,0.2691293,0.2290154,0.3172542,-0.7351508,0,0,0,0,-0.7071068,0,0,0,0,0,-0.7071068,0,0,0,0,0,-0.7071068,0,0,0,0,0,-0.7071068,0,0,0,0,0,-0.7071068,0
60.1434,74,9,0,0.1758683,0.5156096,-0.6609469,-0.1166876,-0.9608252,0.2114413,0.4634131,0.6407508,0.2389573,-0.08963367,0.6436213,0.06631919,0.0297823,1.107979,-0.07658411,-0.04955564,-0.9460487,0.2706679,0.2297823,0.312715,-0.7306289,0,0,0,0,-0.7071068,0,0,0,0,0,-0.7071068,0,0,0,0,0,-0.7071068,0,0,0,0,0,-0.7071068,0,0,0,0,0,-0.7071068,0
60.16512,74,9,0,0.176689,0.5090103,-0.6571878,-0.1189656,-0.9586244,0.217849,0.4635088,0.6406819,0.2388936,-0.08957352,0.6438799,0.06576449,0.03019673,1.106171,-0.07605717,-0.05021846,-0.9450034,0.2734988,0.2301967,0.3033021,-0.7209809,0,0,0,0,-0.7071068,0,0,0,0,0,-0.7071068,0,0,0,0,0,-0.7071068,0,0,0,0,0,-0.7071068,0,0,0,0,0,-0.7071068,0
60.17681,74,9,0,0.1773619,0.5056106,-0.6551161,-0.1186019,-0.9574105,0.2216564,0.4634693,0.6407492,0.238905,-0.08962464,0.6439569,0.06562175,0.03082322,1.105744,-0.07631705,-0.05057344,-0.9444838,0.274841,0.2308232,0.2990426,-0.7165343,0,0,0,0,-0.7071068,0,0,0,0,0,-0.7071068,0,0,0,0,0,-0.7071068,0,0,0,0,0,-0.7071068,0,0,0,0,0,-0.7071068,0
60.19838,74,9,0,0.1788245,0.4988117,-0.6506668,-0.1177011,-0.9548452,0.2292615,0.4635811,0.6407235,0.2387565,-0.08964547,0.6441193,0.06533539,0.03215403,1.104921,-0.07669514,-0.05146481,-0.9434682,0.2772024,0.232154,0.2906652,-0.7074134,0,0,0,0,-0.7071068,0,0,0,0,0,-0.7071068,0,0,0,0,0,-0.7071068,0,0,0,0,0,-0.7071068,0,0,0,0,0,-0.7071068,0
60.21004,74,9,0,0.1795153,0.495544,-0.6486438,-0.1176261,-0.9536282,0.2324249,0.4635909,0.6407048,0.2387572,-0.08968296,0.6441675,0.06520855,0.0327348,1.104654,-0.07701375,-0.05206569,-0.9429917,0.2783048,0.2327348,0.286737,-0.7030163,0,0,0,0,-0.7071068,0,0,0,0,0,-0.7071068,0,0,0,0,0,-0.7071068,0,0,0,0,0,-0.7071068,0,0,0,0,0,-0.7071068,0
60.23174,74,9,0,0.1807731,0.4897004,-0.6447983,-0.1188204,-0.9518278,0.2367722,0.4635758,0.6406989,0.2387579,-0.0898127,0.6441812,0.06503753,0.03379995,1.104055,-0.07737191,-0.05344483,-0.9421293,0.2802305,0.2337999,0.2787247,-0.6935933,0,0,0,0,-0.7071068,0,0,0,0,0,-0.7071068,0,0,0,0,0,-0.7071068,0,0,0,0,0,-0.7071068,0,0,0,0,0,-0.7071068,0
60.24314,74,9,0,0.1810981,0.4870487,-0.6430655,-0.118815,-0.9514856,0.2380895,0.4635682,0.6406847,0.2387867,-0.08987799,0.6442009,0.06497504,0.0343214,1.103755,-0.0774886,-0.05391904,-0.9417586,0.2810404,0.2343214,0.2749281,-0.6889829,0,0,0,0,-0.7071068,0,0,0,0,0,-0.7071068,0,0,0,0,0,-0.7071068,0,0,0,0,0,-0.7071068,0,0,0,0,0,-0.7071068,0
60.26506,74,9,0,0.1815769,0.4820671,-0.639706,-0.1168974,-0.9515567,0.2401092,0.463635,0.6406099,0.2388197,-0.08992885,0.6442559,0.06479363,0.03528354,1.103156,-0.07770483,-0.05484838,-0.941205,0.2822264,0.2352835,0.2672616,-0.679411,0,0,0,0,-0.7071068,0,0,0,0,0,-0.7071068,0,0,0,0,0,-0.7071068,0,0,0,0,0,-0.7071068,0,0,0,0,0,-0.7071068,0
60.2766,74,9,0,0.1819006,0.4795765,-0.6378878,-0.1158029,-0.9515817,0.2412384,0.4635694,0.6405702,0.2388771,-0.08991898,0.6441765,0.06487284,0.035725,1.102958,-0.07785319,-0.05532939,-0.9407664,0.2832892,0.235725,0.2635695,-0.6745993,0,0,0,0,-0.7071068,0,0,0,0,0,-0.7071068,0,0,0,0,0,-0.7071068,0,0,0,0,0,-0.7071068,0,0,0,0,0,-0.7071068,0
60.29847,74,9,0,0.1826833,0.4744084,-0.6341932,-0.1126034,-0.9515553,0.2440729,0.4634683,0.6405393,0.2390024,-0.08982475,0.6439714,0.06504838,0.03649018,1.10239,-0.0780458,-0.05594987,-0.9402082,0.2846411,0.2364902,0.2561415,-0.6648098,0,0,0,0,-0.7071068,0,0,0,0,0,-0.7071068,0,0,0,0,0,-0.7071068,0,0,0,0,0,-0.7071068,0,0,0,0,0,-0.7071068,0
60.30983,74,9,0,0.1833144,0.4717031,-0.6320117,-0.111406,-0.9513041,0.2456894,0.4634341,0.6405411,0.2390529,-0.08979401,0.6438435,0.06523329,0.03687045,1.102159,-0.07804725,-0.05645514,-0.939922,0.2853473,0.2368705,0.2525302,-0.6597681,0,0,0,0,-0.7071068,0,0,0,0,0,-0.7071068,0,0,0,0,0,-0.7071068,0,0,0,0,0,-0.7071068,0,0,0,0,0,-0.7071068,0
60.33168,74,9,0,0.1847653,0.4661804,-0.6270104,-0.1118659,-0.9501158,0.2493666,0.4634373,0.640558,0.2390424,-0.08984042,0.6437576,0.06535748,0.03754635,1.101692,-0.07814811,-0.05762433,-0.9393157,0.2867875,0.2375464,0.2454129,-0.6496902,0,0,0,0,-0.7071068,0,0,0,0,0,-0.7071068,0,0,0,0,0,-0.7071068,0,0,0,0,0,-0.7071068,0,0,0,0,0,-0.7071068,0
60.34311,74,9,0,0.1858413,0.4632756,-0.6241663,-0.113375,-0.9490345,0.2517106,0.4634391,0.640542,0.2390049,-0.08980802,0.6437603,0.06533726,0.03779869,1.10154,-0.07820153,-0.05818882,-0.9389592,0.28751,0.2377987,0.2420829,-0.6447542,0,0,0,0,-0.7071068,0,0,0,0,0,-0.7071068,0,0,0,0,0,-0.7071068,0,0,0,0,0,-0.7071068,0,0,0,0,0,-0.7071068,0
60.36494,74,9,0,0.1879989,0.4567431,-0.6181228,-0.1146754,-0.9465299,0.2581427,0.4634136,0.6406707,0.2389283,-0.0899688,0.643864,0.06517379,0.03830886,1.101102,-0.07819022,-0.05919802,-0.9385022,0.2884394,0.2383089,0.2352958,-0.6345175,0,0,0,0,-0.7071068,0,0,0,0,0,-0.7071068,0,0,0,0,0,-0.7071068,0,0,0,0,0,-0.7071068,0,0,0,0,0,-0.7071068,0
60.37663,74,9,0,0.1892173,0.4535434,-0.6151268,-0.1150462,-0.9452935,0.2616338,0.4633948,0.6406776,0.2389008,-0.09014343,0.6438518,0.06519863,0.03856727,1.100946,-0.07821166,-0.05967294,-0.938318,0.2888119,0.2385673,0.2320001,-0.6293485,0,0,0,0,-0.7071068,0,0,0,0,0,-0.7071068,0,0,0,0,0,-0.7071068,0,0,0,0,0,-0.7071068,0,0,0,0,0,-0.7071068,0
60.39835,74,9,0,0.1919421,0.4465986,-0.6082182,-0.1165821,-0.9417394,0.2706988,0.4633613,0.6406624,0.2388217,-0.09016696,0.64377,0.06526342,0.03906267,1.100657,-0.07816435,-0.06024488,-0.9379824,0.2896269,0.2390627,0.2255804,-0.6188965,0,0,0,0,-0.7071068,0,0,0,0,0,-0.7071068,0,0,0,0,0,-0.7071068,0,0,0,0,0,-0.7071068,0,0,0,0,0,-0.7071068,0
60.4096,74,10,0,0.193188,0.4432948,-0.6049318,-0.1170249,-0.940194,0.2746219,0.4633763,0.640631,0.2388165,-0.09019207,0.6436479,0.06517569,0.03928725,1.100539,-0.07810818,-0.06032279,-0.9378021,0.290104,0.2392873,0.2224251,-0.6135441,0,0,0,0,-0.7071068,0,0,0,0,0,-0.7071068,0,0,0,0,0,-0.7071068,0,0,0,0,0,-0.7071068,0,0,0,0,0,-0.7071068,0
60.43164,74,10,0,0.1955523,0.4374689,-0.5983529,-0.1145067,-0.9383572,0.2810104,0.4633621,0.6406169,0.2389149,-0.09009144,0.6433747,0.06540727,0.03969911,1.100358,-0.07798555,-0.06082062,-0.9374024,0.2908101,0.2396991,0.2281125,-0.6235678,0,0,0,0,-0.7071068,0,0,0,0,0,-0.7071068,0,0,0,0,0,-0.7071068,0,0,0,0,0,-0.7071068,0,0,0,0,0,-0.7071068,0
60.44302,74,10,0,0.1966309,0.4346765,-0.5952179,-0.113142,-0.937695,0.283699,0.4634149,0.640662,0.2389244,-0.08992765,0.6432669,0.06565499,0.03986154,1.100305,-0.07793764,-0.061068,-0.9372126,0.2911107,0.2398615,0.2310923,-0.6286306,0,0,0,0,-0.7071068,0,0,0,0,0,-0.7071068,0,0,0,0,0,-0.7071068,0,0,0,0,0,-0.7071068,0,0,0,0,0,-0.7071068,0
60.46494,74,10,0,0.1987606,0.429451,-0.5892948,-0.10959,-0.9370548,0.2878672,0.463393,0.6406459,0.2391294,-0.08964725,0.6429678,0.0657907,0.04021708,1.100173,-0.07772252,-0.06112917,-0.9369552,0.2914527,0.2402171,0.2372551,-0.6387458,0,0,0,0,-0.7071068,0,0,0,0,0,-0.7071068,0,0,0,0,0,-0.7071068,0,0,0,0,0,-0.7071068,0,0,0,0,0,-0.7071068,0
60.47692,74,10,1,0.199847,0.426843,-0.5861156,-0.1081949,-0.9364933,0.2902363,0.4634224,0.6406006,0.2391774,-0.08949464,0.6428651,0.06585961,0.04039458,1.100182,-0.07759137,-0.06119133,-0.9368476,0.2916201,0.2403946,0.2404605,-0.6437256,0,0,0,0,-0.7071068,0,0,0,0,0,-0.7071068,0,0,0,0,0,-0.7071068,0,0,0,0,0,-0.7071068,0,0,0,0,0,-0.7071068,0
60.49832,74,10,1,0.2020946,0.4214346,-0.579752,-0.1072571,-0.9348176,0.2953017,0.4634377,0.6405152,0.2393341,-0.08912309,0.64268,0.06613299,0.0406745,1.1002,-0.07731256,-0.06092823,-0.9367203,0.2916366,0.2406745,0.2470286,-0.6536541,0,0,0,0,-0.7071068,0,0,0,0,0,-0.7071068,0,0,0,0,0,-0.7071068,0,0,0,0,0,-0.7071068,0,0,0,0,0,-0.7071068,0
60.5098,74,10,1,0.2034766,0.4186113,-0.5764263,-0.1085091,-0.9335912,0.2976316,0.4633934,0.6405004,0.2394114,-0.08892334,0.6426393,0.0661547,0.04081168,1.100237,-0.07716866,-0.06071915,-0.9366959,0.2915736,0.2408117,0.250385,-0.6585535,0,0,0,0,-0.7071068,0,0,0,0,0,-0.7071068,0,0,0,0,0,-0.7071068,0,0,0,0,0,-0.7071068,0,0,0,0,0,-0.7071068,0
60.53168,74,10,1,0.2063356,0.4132123,-0.5695853,-0.1112437,-0.9307257,0.3025051,0.4633676,0.640431,0.2394863,-0.08852774,0.6426752,0.06637205,0.04106756,1.100218,-0.07683423,-0.06021624,-0.9366188,0.2914757,0.2410676,0.2571057,-0.6682032,0,0,0,0,-0.7071068,0,0,0,0,0,-0.7071068,0,0,0,0,0,-0.7071068,0,0,0,0,0,-0.7071068,0,0,0,0,0,-0.7071068,0
60.544,74,10,1,0.20769,0.4105048,-0.566215,-0.1115161,-0.9293318,0.3054361,0.4633378,0.6404008,0.2395214,-0.08839214,0.6427233,0.06646156,0.04118689,1.100249,-0.07658388,-0.06004619,-0.9365112,0.2915425,0.2411869,0.2606156,-0.67298,0,0,0,0,-0.7071068,0,0,0,0,0,-0.7071068,0,0,0,0,0,-0.7071068,0,0,0,0,0,-0.7071068,0,0,0,0,0,-0.7071068,0
